"U_2_PC_alpha2F_01" "U_4_PC_alpha2F_01" "U_6_PC_alpha2F_01" "U_8_PC_alpha2F_01" "U_2_PC_alpha2F_09" "U_4_PC_alpha2F_09" "U_6_PC_alpha2F_09" "U_8_PC_alpha2F_09" "sFMM" "DPM" "FMM"
0.328239816969697 0.328845697171717 0.328393450909091 0.328731825252525 0.425135396969697 0.311610834747475 0.302481474949495 0.328513222424242 0.272386641212121 0.75010101010101 0.41767098
0.227347808686869 0.225071895151515 0.267373468282828 0.415002213333333 0.302762128080808 0.417150163232323 0.268408726262626 0.224789123434343 0.415608259393939 0.754949494949495 0.415451621616162
0.302687940606061 0.29144685979798 0.290659923434343 0.290675418787879 0.502375744242424 0.269821058383838 0.289730861616162 0.290582963636364 0.289627673939394 0.751313131313131 0.360643837575758
0.277072377777778 0.275862348484848 0.222584772525253 0.276243525050505 0.351433754747475 0.275909528888889 0.276514601010101 0.276543526060606 0.376876093333333 0.753131313131313 0.272978958989899
0.250641206868687 0.26967813010101 0.245917391111111 0.269617041616162 0.291705551717172 0.250130237777778 0.252771560808081 0.252071696565657 0.24820774989899 0.753535353535354 0.246960297575758
0.296177005050505 0.431233177373737 0.431994905858586 0.431752623838384 0.432512686060606 0.431566720606061 0.754949494949495 0.429826683434343 0.431079138585859 0.754949494949495 0.235353215555556
0.290730618181818 0.289652388484848 0.74 0.332173304040404 0.290417851717172 0.74 0.290930692323232 0.280593944040404 0.282965771717172 0.74 0.74
0.38821457050505 0.38927274020202 0.38791028020202 0.754111939191919 0.222740047474747 0.388130782828283 0.263140384646465 0.226103930707071 0.387667942626263 0.754141414141414 0.386787501818182
0.274992981818182 0.333140336363636 0.263493416565657 0.265724477777778 0.225519727272727 0.273786586060606 0.329191624848485 0.263596078787879 0.336914721414141 0.741616161616162 0.301068568080808
0.322743767070707 0.32190438040404 0.322069012323232 0.747676767676768 0.322773916565657 0.747676767676768 0.253352895151515 0.237327342626263 0.322401573131313 0.747676767676768 0.321776623030303
0.756161616161616 0.284634042626263 0.284983783232323 0.427971619393939 0.217755819393939 0.317260972525253 0.318015208888889 0.215746179393939 0.42764990949495 0.756161616161616 0.45861620989899
0.412743561616162 0.272953523434343 0.265512143232323 0.273739138787879 0.417446003838384 0.263798716565657 0.27393105979798 0.411026719191919 0.745858585858586 0.745858585858586 0.411441436565657
0.754953487676768 0.232663701010101 0.24686839959596 0.234089279191919 0.230889083636364 0.243528129090909 0.233097360808081 0.266516415151515 0.236513066262626 0.756767676767677 0.249650961010101
0.254648530707071 0.270576156363636 0.757171717171717 0.291342228484848 0.241409294141414 0.245465204040404 0.292306556767677 0.285796124242424 0.239199877171717 0.757171717171717 0.757171717171717
0.283508249090909 0.279807116969697 0.259055311717172 0.272780966262626 0.277103192121212 0.257549596161616 0.246111124444444 0.266191834141414 0.303684864646465 0.744040404040404 0.258538389090909
0.747676767676768 0.264441282424242 0.244772203030303 0.264080948282828 0.348812 0.353381756565657 0.350933251515152 0.26471799010101 0.351980818585859 0.747676767676768 0.747647696767677
0.756969696969697 0.236103157171717 0.756969696969697 0.563768081414141 0.506151852727273 0.242380884646465 0.349045275555556 0.311089932727273 0.756969696969697 0.756969696969697 0.246776231717172
0.290085017575758 0.243768138787879 0.314784206868687 0.232568293131313 0.315704773737374 0.305413734747475 0.248847316161616 0.293337078989899 0.315111867272727 0.744444444444444 0.314070931717172
0.348307762222222 0.347438043434343 0.215986426262626 0.226805304040404 0.216705062828283 0.641017861616162 0.218850462828283 0.215555005656566 0.752091333131313 0.752121212121212 0.34791794020202
0.300442019393939 0.260290324444444 0.275983356161616 0.276713181212121 0.243250668686869 0.275354393333333 0.27551580989899 0.247166324848485 0.27629596989899 0.744848484848485 0.264678261212121
0.753535353535354 0.340857158787879 0.249996721414141 0.753535353535354 0.243283488080808 0.753535353535354 0.753535353535354 0.753535353535354 0.753535353535354 0.753535353535354 0.753504262424242
0.248855316565657 0.248047978181818 0.25055800040404 0.248162672121212 0.276360670707071 0.21969303979798 0.233336483232323 0.265953587474747 0.247349956969697 0.754545454545455 0.217836055959596
0.279955708080808 0.264701045858586 0.265985341818182 0.268365853939394 0.280938354141414 0.263693674141414 0.25678723010101 0.265575323636364 0.261952055757576 0.755757575757576 0.251859122828283
0.263768700606061 0.238917852929293 0.261574521616162 0.259915204040404 0.251154514545455 0.245497523030303 0.263188132121212 0.256761495757576 0.236470686666667 0.757373737373737 0.254461052525253
0.279725658989899 0.257960973939394 0.277357914343434 0.282488365656566 0.277233273737374 0.45786538969697 0.46086476040404 0.742020202020202 0.268534556565657 0.742020202020202 0.259087475555556
0.242995103434343 0.349432081414141 0.242951658181818 0.741382242222222 0.243439858585859 0.237830041414141 0.327918867676768 0.242647788484848 0.245716311111111 0.741414141414141 0.326072743636364
0.254605907878788 0.22510707959596 0.254308876565657 0.249161312121212 0.225663834949495 0.254579893535354 0.246947827676768 0.24849722020202 0.253402111313131 0.73959595959596 0.20739848969697
0.346362523636364 0.344442745656566 0.342454234141414 0.231810202020202 0.376094151717172 0.255603012929293 0.261751084848485 0.261956688080808 0.34411545030303 0.754545454545455 0.345779095757576
0.725203648282828 0.241101356363636 0.239926583838384 0.214176303434343 0.245536408686869 0.486180852323232 0.259475524242424 0.24035771959596 0.616172958989899 0.756161616161616 0.222081443030303
0.381842475555556 0.286753213737374 0.40888897030303 0.28802849959596 0.408918596363636 0.534683467272727 0.408890143636364 0.288373227070707 0.756161616161616 0.756161616161616 0.407226051919192
0.748484848484849 0.233926932323232 0.249747683434343 0.748484848484849 0.748484848484849 0.748484848484849 0.246655876363636 0.250766507878788 0.33919803010101 0.748484848484849 0.252552582626263
0.296816623838384 0.251944863434343 0.296273619393939 0.222689167676768 0.246563213131313 0.248557986666667 0.308762798585859 0.240424381212121 0.239141274545455 0.754545454545455 0.236830683636364
0.221561921010101 0.255169403030303 0.255031479393939 0.255598824040404 0.250137158383838 0.2468882 0.265256946464646 0.258980898383838 0.278561563434343 0.756969696969697 0.24446230969697
0.286976677373737 0.295894263636364 0.287235856969697 0.242220623030303 0.354633441212121 0.247000110909091 0.249274511111111 0.293685345252525 0.287250329090909 0.748080808080808 0.25172038020202
0.286342736363636 0.288342182020202 0.245022254747475 0.286966749494949 0.245238906666667 0.365817544444444 0.370348872727273 0.336783755555556 0.368638118585859 0.732323232323232 0.298191275353535
0.282651692121212 0.317155422020202 0.311570091919192 0.269375331111111 0.747676767676768 0.276544815959596 0.278405652323232 0.747676767676768 0.342002097575758 0.747676767676768 0.30629493010101
0.752121212121212 0.242906414141414 0.752121212121212 0.243909834343434 0.752121212121212 0.236188107878788 0.752121212121212 0.25120175030303 0.244858082626263 0.752121212121212 0.752121212121212
0.360375338787879 0.260437281616162 0.362602584646465 0.260910734747475 0.362853955555556 0.260037503232323 0.416117999191919 0.363732866868687 0.362712037979798 0.756767676767677 0.258102213333333
0.215624243434343 0.231578313939394 0.226978374545455 0.241149197373737 0.237896774545455 0.228392949090909 0.226102813939394 0.227581452323232 0.237280405454545 0.756767676767677 0.223579195151515
0.336891014949495 0.332865006060606 0.25349960040404 0.290600372929293 0.757343858383838 0.335316300606061 0.334861700606061 0.383433003636364 0.379526223030303 0.757373737373737 0.38237621959596
0.754949494949495 0.267285781212121 0.250584358181818 0.291523862222222 0.214794154545455 0.234186637373737 0.257615202424242 0.25106104020202 0.255409484040404 0.754949494949495 0.247959686666667
0.265032587878788 0.260921488686869 0.28173442989899 0.263118726060606 0.278447849494949 0.251756113333333 0.275111909292929 0.265328708686869 0.260803141616162 0.745858585858586 0.285353763434343
0.264045134343434 0.255358628282828 0.262749036767677 0.263364527070707 0.69589978989899 0.263958505454545 0.26425746 0.264235714141414 0.270019699393939 0.756363636363636 0.233367427070707
0.268151432525253 0.753939393939394 0.213732620606061 0.26876774040404 0.258129413333333 0.356514184040404 0.355359675959596 0.355689729292929 0.35517312969697 0.753939393939394 0.753881292121212
0.358447744444444 0.74969696969697 0.358232467070707 0.269845064646465 0.74969696969697 0.363027233131313 0.74969696969697 0.307635494545455 0.360923444242424 0.74969696969697 0.286469097979798
0.267894601010101 0.266601245454545 0.268330431515152 0.267483146262626 0.268198827878788 0.266670232929293 0.258139627878788 0.267862054141414 0.379102082222222 0.74 0.259529321010101
0.253644188484848 0.273289665050505 0.264057243838384 0.254758103232323 0.271777981414141 0.275440762828283 0.270841934949495 0.277325094747475 0.287338851515151 0.751313131313131 0.261296629292929
0.242562793737374 0.212734046868687 0.219763107676768 0.21248591959596 0.191091263636364 0.211275782626263 0.175348461010101 0.185014172929293 0.196993544242424 0.75050505050505 0.185702058383838
0.420050204040404 0.420334266464646 0.432112262626263 0.212580124040404 0.252594483030303 0.42144071979798 0.421992573737374 0.421220931717172 0.422354331111111 0.743838383838384 0.421278314343434
0.410104022424242 0.237656195757576 0.25021513030303 0.232516596565657 0.297142890909091 0.375006137777778 0.250974644444444 0.247838204646465 0.303550661010101 0.750909090909091 0.217689577171717
0.281478927474747 0.298895794141414 0.756363636363636 0.235734818989899 0.246550477979798 0.24639758020202 0.756363636363636 0.356736529292929 0.350205097979798 0.756363636363636 0.271964583030303
0.234341278787879 0.227636495151515 0.226332013737374 0.226951852121212 0.228115845858586 0.226730215959596 0.226264065050505 0.435217495757576 0.754545454545455 0.754545454545455 0.205075568484848
0.369257872121212 0.451324453939394 0.368500164646465 0.274402002424242 0.369876000606061 0.369036337777778 0.267216843030303 0.266679164040404 0.747676767676768 0.747676767676768 0.272484335959596
0.732323232323232 0.322755392323232 0.282302935151515 0.248836373333333 0.732323232323232 0.382457247272727 0.281235054747475 0.30756853010101 0.732323232323232 0.732323232323232 0.732323232323232
0.733737373737374 0.42277375979798 0.38511286969697 0.384769422626263 0.733737373737374 0.614751931111111 0.733737373737374 0.733737373737374 0.733737373737374 0.733737373737374 0.381787448080808
0.389236502626263 0.388919295353535 0.390287600808081 0.27953182020202 0.392133689494949 0.39156565010101 0.393034411111111 0.390456227878788 0.432900462222222 0.755151515151515 0.39186607010101
0.216410997373737 0.346856007878788 0.216300379191919 0.347547542626263 0.347074152525253 0.220256468888889 0.214962531717172 0.751313131313131 0.347982194545455 0.751313131313131 0.224326591717172
0.269259585454545 0.265201596363636 0.260676523838384 0.265935299191919 0.26657470989899 0.26585346 0.27412458020202 0.265399876767677 0.274060982626263 0.752929292929293 0.200864974949495
0.240517795555556 0.379728311717172 0.274423782626263 0.274055007474747 0.285203651313131 0.273574048080808 0.394057678383838 0.333561458585859 0.386443034343434 0.750707070707071 0.31313106969697
0.398189881818182 0.400852673131313 0.227662891515152 0.226794727474747 0.228208056565657 0.227924451313131 0.238776044242424 0.399821520606061 0.402907315555556 0.753333333333333 0.224691081616162
0.24344796989899 0.238343574343434 0.28730015959596 0.495421962020202 0.287763893737374 0.757343454343434 0.288341948484849 0.244701088888889 0.495819020606061 0.757373737373737 0.245300232323232
0.221753861818182 0.345415895555556 0.345334828080808 0.211827881010101 0.221835088686869 0.22374692020202 0.757373737373737 0.345438516363636 0.242448774141414 0.757373737373737 0.344548916161616
0.753737373737374 0.753737373737374 0.245112942626263 0.245686 0.243688126060606 0.243516742828283 0.243995337373737 0.753737373737374 0.346145344444444 0.753737373737374 0.698346922626263
0.321160809090909 0.25587570969697 0.237232931313131 0.300463560808081 0.292558174747475 0.300103905656566 0.30014550949495 0.241560245050505 0.29711142040404 0.752323232323232 0.299216755555556
0.306972057777778 0.30785355010101 0.30621608040404 0.306459693737374 0.30779869979798 0.742424242424242 0.307178538383838 0.429873848888889 0.307984117373737 0.742424242424242 0.307303174141414
0.233512022222222 0.292324543636364 0.24387577959596 0.220675997575758 0.233697591111111 0.235419172121212 0.243386476969697 0.221517894747475 0.243677954141414 0.754343434343434 0.241617448484848
0.242523833737374 0.229085909090909 0.242416044646465 0.243910027474747 0.226100228888889 0.235296298989899 0.242813225050505 0.233072345656566 0.222899985454545 0.742828282828283 0.237551955757576
0.34423838040404 0.246056251919192 0.317319056767677 0.746868686868687 0.280965263838384 0.341606281616162 0.746868686868687 0.342615071919192 0.746868686868687 0.746868686868687 0.431353913535354
0.307803686060606 0.306563431111111 0.306422810707071 0.30487575979798 0.307664643636364 0.268626653333333 0.302476212323232 0.30581938989899 0.286764293333333 0.749090909090909 0.255300044444444
0.263008628686869 0.252375964040404 0.343765009494949 0.263021776565657 0.22166814 0.319070577575758 0.253394170505051 0.256013206464646 0.256668993131313 0.75010101010101 0.236103628080808
0.275178826666667 0.277521962626263 0.23858692989899 0.274933568484849 0.253362376565657 0.58073151010101 0.234858058181818 0.256658507878788 0.359262860606061 0.75030303030303 0.245792806666667
0.46358004040404 0.306409256969697 0.46334552969697 0.311223668484849 0.311868503636364 0.221930987878788 0.30889628040404 0.463067534545455 0.462633621010101 0.752323232323232 0.31682778989899
0.751313131313131 0.404566898383838 0.405717361414141 0.40555496 0.404877793939394 0.231326187070707 0.404730506666667 0.326215079191919 0.406504074949495 0.751313131313131 0.326360037777778
0.24640780040404 0.260692662828283 0.420796822424242 0.259762502828283 0.261023513535354 0.75010101010101 0.259843253131313 0.260378433535354 0.75010101010101 0.75010101010101 0.420426789494949
0.397363444040404 0.249537197171717 0.252104494949495 0.395605481818182 0.396074827474747 0.391129978989899 0.752121212121212 0.250783158585859 0.752121212121212 0.752121212121212 0.239371335151515
0.242957241010101 0.239568287070707 0.232160846262626 0.241729659191919 0.23167076020202 0.245810524444444 0.21967330040404 0.237577327070707 0.256216760808081 0.755353535353535 0.236671950909091
0.530180727878788 0.268023789090909 0.268857311111111 0.272962964242424 0.756161616161616 0.289121645050505 0.296070162424242 0.275657173131313 0.756161616161616 0.756161616161616 0.295168436969697
0.262022276969697 0.388419568282828 0.270897224848485 0.270561083636364 0.389642925050505 0.265690782626263 0.270341368282828 0.270112981212121 0.388473312121212 0.750909090909091 0.396750977777778
0.746464646464646 0.290629440606061 0.290862653535354 0.341504848686869 0.263616725656566 0.341741322222222 0.371982424040404 0.746464646464646 0.371138091313131 0.746464646464646 0.371547201212121
0.746868686868687 0.301029663434343 0.302354708888889 0.300298885050505 0.301408589090909 0.244185096161616 0.301659497575758 0.303596442020202 0.746868686868687 0.746868686868687 0.387261889090909
0.259724435757576 0.253387072525252 0.445637133737374 0.259499271919192 0.253602858181818 0.266775103636364 0.234866027070707 0.259313863030303 0.445361443232323 0.753737373737374 0.411034725050505
0.282301728282828 0.755151515151515 0.282354788282828 0.755151515151515 0.229715350707071 0.755151515151515 0.370785489292929 0.283394358181818 0.755151515151515 0.755151515151515 0.755121232121212
0.258404887676768 0.237743773939394 0.24066857959596 0.227580264242424 0.231673651111111 0.307426618585859 0.310992762828283 0.240683915757576 0.271104758787879 0.75030303030303 0.228251582222222
0.233543188888889 0.24413115010101 0.347638867272727 0.238302531313131 0.273382707676768 0.24265588 0.227660441212121 0.247358253939394 0.75010101010101 0.75010101010101 0.253632371515152
0.237948855151515 0.230098236767677 0.239121294949495 0.246506846868687 0.220614058585859 0.239996195555556 0.23002856969697 0.235492177575758 0.250533002626263 0.755353535353535 0.226643890909091
0.395885767272727 0.376260303030303 0.275506278181818 0.274942958989899 0.396890013737374 0.240895154747475 0.268141723232323 0.241681405858586 0.755555555555556 0.755555555555556 0.395201540808081
0.28993076949495 0.290203476363636 0.289360958989899 0.289713144040404 0.256514425252525 0.257026343838384 0.486790369292929 0.482102357171717 0.289327092727273 0.748484848484849 0.485064821212121
0.206760889090909 0.229491937575758 0.230549967070707 0.228372319393939 0.228708658787879 0.228632928888889 0.242015857777778 0.243132387474747 0.224409716767677 0.749090909090909 0.228270346666667
0.23238058989899 0.268684652323232 0.268760583434343 0.268802432929293 0.253519276767677 0.269510732121212 0.24320471979798 0.248366426060606 0.744584291919192 0.756767676767677 0.258096143838384
0.353576444444444 0.352992567878788 0.748888888888889 0.241348456161616 0.290384186060606 0.291918952323232 0.353893736565657 0.353095252323232 0.35241386 0.748888888888889 0.748888888888889
0.292331077979798 0.305377739393939 0.286618623434343 0.281829966060606 0.283717884040404 0.306112815151515 0.253444485454545 0.330374045858586 0.306491055757576 0.744040404040404 0.305019395555556
0.266337767474747 0.279916542020202 0.300014759191919 0.298131820606061 0.302083835757576 0.283436017171717 0.282755657777778 0.299953125454545 0.295943536565657 0.722222222222222 0.271144161010101
0.236567373737374 0.28241084040404 0.186357993333333 0.239496658383838 0.283172153333333 0.282761831111111 0.742626262626263 0.63743628020202 0.283869263838384 0.742626262626263 0.298413983838384
0.201435518989899 0.230816134949495 0.225489582424242 0.22872637959596 0.254737327878788 0.207706114343434 0.230323164646465 0.230594549090909 0.256102746060606 0.750707070707071 0.248956082020202
0.43157053010101 0.217185199393939 0.208538391717172 0.238159014343434 0.432408993939394 0.219181612929293 0.220096916969697 0.20592931959596 0.756161616161616 0.756161616161616 0.223434145858586
0.308129245050505 0.214998244040404 0.753939393939394 0.370059585454545 0.370300081414141 0.370915123030303 0.308130702424242 0.753908706868687 0.370652098383838 0.753939393939394 0.370589756767677
0.27498896020202 0.360805318787879 0.258074254545455 0.248914698181818 0.268401913535354 0.346631776565657 0.273694086666667 0.359007461616162 0.260467848888889 0.733737373737374 0.281315673333333
0.28825151959596 0.244764428080808 0.293541496565657 0.253963609090909 0.242687582828283 0.254098536363636 0.264061253535354 0.285505612929293 0.393777812323232 0.75010101010101 0.281273632929293
0.272118271515151 0.290093592121212 0.216019037373737 0.228592927474747 0.219611443232323 0.216206343838384 0.215679477171717 0.216506027272727 0.245373412727273 0.749292929292929 0.207817832323232
0.305850443434343 0.27961916020202 0.271870603030303 0.285493804040404 0.303008736565657 0.299283897777778 0.271557344040404 0.255471208282828 0.293314611515152 0.747474747474748 0.301456266868687
