"U_2_PC_alpha2F_01" "U_4_PC_alpha2F_01" "U_6_PC_alpha2F_01" "U_8_PC_alpha2F_01" "U_2_PC_alpha2F_09" "U_4_PC_alpha2F_09" "U_6_PC_alpha2F_09" "U_8_PC_alpha2F_09" "sFMM" "DPM" "FMM"
0.251973206060606 0.242682530909091 0.247114967474747 0.243694586464646 0.24460329959596 0.22108562969697 0.238456771111111 0.241014367070707 0.240813550505051 0.245142583434343 0.241879099393939
0.261127627878788 0.252877913131313 0.250278275959596 0.253224284040404 0.26213777959596 0.248490409090909 0.25049189030303 0.241826327878788 0.249140046464646 0.360777695151515 0.255454626262626
0.246845738383838 0.26651180949495 0.256936142626263 0.256387271111111 0.280058026464646 0.254296223434343 0.257687276161616 0.257662216161616 0.273148377575758 0.435127047878788 0.259993191919192
0.254385019191919 0.254442816363636 0.237992888282828 0.242825307474747 0.253430031313131 0.253240618585859 0.243064917373737 0.241970313737374 0.241219827272727 0.406464646464646 0.241715382020202
0.231626043434343 0.24309399010101 0.246223511111111 0.237394628686869 0.240971456565657 0.246985653333333 0.24099033030303 0.252782771515151 0.244500441414141 0.218483566060606 0.235022027474747
0.243524913939394 0.255843252929293 0.258451217171717 0.245540948484848 0.241805496767677 0.257999665050505 0.242013421818182 0.251882866868687 0.235703637171717 0.365393632929293 0.242543813333333
0.240986223636364 0.260236119191919 0.242606808080808 0.23626929050505 0.249474163232323 0.24143375010101 0.242466072323232 0.232450420606061 0.241902955959596 0.371303842222222 0.238188485050505
0.225136350909091 0.218411431515152 0.219406502828283 0.213550970909091 0.226278619393939 0.210599374949495 0.247434763232323 0.211392358989899 0.223758452323232 0.248637090707071 0.225537627070707
0.236252074343434 0.239467854141414 0.226799012929293 0.241987505858586 0.233066329090909 0.227710792525253 0.233720126262626 0.230025708282828 0.24747598020202 0.277885888282828 0.241289248282828
0.237318463838384 0.240076293333333 0.238731806262626 0.224388102424242 0.236566045252525 0.233398286060606 0.233351322222222 0.263208224242424 0.236803333535354 0.340049726666667 0.238473717171717
0.226405706060606 0.228975341818182 0.239476309292929 0.226238193333333 0.242402445656566 0.235416705050505 0.238869096161616 0.223039538787879 0.241909780606061 0.353602057979798 0.234906773535354
0.212228727070707 0.227402583232323 0.217592514141414 0.234982174141414 0.249418579393939 0.230891583636364 0.231316269494949 0.246440578181818 0.236016843232323 0.295628155151515 0.228852216767677
0.250858684040404 0.251339294747475 0.25152728989899 0.244479140808081 0.251263486868687 0.252399595959596 0.250309290909091 0.261734208888889 0.250561218585859 0.377340151717172 0.249669193333333
0.248181870909091 0.256789790707071 0.234847615353535 0.240189573535354 0.250932701414141 0.237895494747475 0.258204489292929 0.234667457171717 0.247193632323232 0.24979301979798 0.2430795
0.25534041030303 0.265655688888889 0.248752162626263 0.253135475959596 0.250239546262626 0.26269831010101 0.258469946262626 0.258555185454545 0.248364727272727 0.395651300808081 0.249255565050505
0.253903107070707 0.253018594545455 0.25120406040404 0.255459027676768 0.252280325454545 0.259235816565657 0.249536077373737 0.253873327676768 0.268176473535354 0.247087399393939 0.261926775959596
0.227810798383838 0.215824356161616 0.217858810707071 0.216993053939394 0.247930756767677 0.225575193333333 0.225664851919192 0.249044366868687 0.246572141212121 0.387972891919192 0.237604117373737
0.224437944242424 0.223126262020202 0.224552537979798 0.223460107272727 0.234031 0.238277145050505 0.231811485454545 0.237534109494949 0.227417246666667 0.255474230909091 0.22267203030303
0.238238687272727 0.233408817171717 0.234539528484848 0.238461005656566 0.232615607272727 0.21595003959596 0.234580690505051 0.231657223636364 0.233376961010101 0.237629818181818 0.234751292323232
0.240110045454545 0.236447609090909 0.241610198989899 0.237575124444444 0.267331173333333 0.231667746060606 0.234599822626263 0.247161114949495 0.226676459191919 0.744848484848485 0.23566283959596
0.235576907676768 0.23374891030303 0.243469708686869 0.24036514020202 0.237137505858586 0.229532097373737 0.239076997979798 0.245801811717172 0.242296938383838 0.395757575757576 0.233042577373737
0.263186346060606 0.255135117777778 0.269409047676768 0.262918116969697 0.259789961212121 0.269107089494949 0.258522067676768 0.262527606262626 0.257515392525253 0.342919169292929 0.273517427070707
0.220428483030303 0.224133145050505 0.23448495050505 0.231862060808081 0.24378636989899 0.227040931313131 0.226389665656566 0.226179993737374 0.231845122626263 0.348484848484849 0.241341671111111
0.260486433939394 0.243015811313131 0.246376495151515 0.246747868080808 0.249703273939394 0.248017815555556 0.259765885656566 0.247318135959596 0.256593032323232 0.248258056363636 0.259744362828283
0.264559687878788 0.235756908080808 0.232837551717172 0.238530557777778 0.276226202222222 0.246568122626263 0.240865456969697 0.252120637373737 0.23659708020202 0.26782097030303 0.252311132121212
0.24523909010101 0.248895809494949 0.247528868888889 0.239459468888889 0.241351529292929 0.238533406868687 0.24784213030303 0.246449718787879 0.219234815959596 0.282211704848485 0.245885087676768
0.246724514545455 0.24802653030303 0.244757954747475 0.243755967676768 0.245850971919192 0.243197128484848 0.246824021212121 0.248541452323232 0.248727182626263 0.326287200606061 0.260959621818182
0.247423778787879 0.256008697373737 0.230364098989899 0.234069288686869 0.234022828282828 0.252740045454545 0.235388144242424 0.235637330909091 0.238225131313131 0.364962303838384 0.234639593939394
0.209846337979798 0.216016713737374 0.208019035757576 0.224022076969697 0.223569464040404 0.206151183434343 0.204891397171717 0.217624028282828 0.219572988080808 0.356907708282828 0.219577211313131
0.23692448020202 0.238276433939394 0.241585942020202 0.236513539393939 0.238332153737374 0.241271177373737 0.243317647878788 0.250678452121212 0.238476535555556 0.248538265656566 0.242598494343434
0.242065338181818 0.263932917979798 0.267875384444444 0.245568171313131 0.25706608020202 0.249072743838384 0.240501945050505 0.243830713939394 0.26678907979798 0.433458606868687 0.267289649292929
0.240926142424242 0.236114525656566 0.231059516969697 0.237916810909091 0.244871729292929 0.247809710505051 0.248467811717172 0.272765415353535 0.234274169292929 0.248959713131313 0.26869934989899
0.236804028282828 0.235043754141414 0.244993162626263 0.252957015757576 0.238426951313131 0.238541627676768 0.227016513535354 0.236828791717172 0.23900879959596 0.381753561818182 0.231332054949495
0.24809440969697 0.245891554545455 0.243160897777778 0.250849182424242 0.237364252929293 0.242545451919192 0.237261483434343 0.252217284848485 0.251386082222222 0.257403424646465 0.246516805858586
0.261014790909091 0.250924354141414 0.264241426868687 0.25505198020202 0.259983241212121 0.251406559393939 0.250120000606061 0.260338447878788 0.259146856363636 0.374545474545455 0.250131933535354
0.25627645050505 0.25210705979798 0.252164321212121 0.254973983636364 0.261726208282828 0.262846007272727 0.25493129050505 0.255784983636364 0.255850701414141 0.24344689030303 0.258664116767677
0.227272272929293 0.220034542626263 0.223781183434343 0.223249642828283 0.230527530909091 0.228316967474747 0.225712625858586 0.223306753333333 0.220194102828283 0.344510978585859 0.224434312727273
0.229860557373737 0.235987011919192 0.22641712969697 0.23557035979798 0.223091281616162 0.238727626464646 0.241896124444444 0.237886449494949 0.238052815353535 0.260999840606061 0.22242379010101
0.23996349959596 0.227955040606061 0.240600384444444 0.244925002828283 0.244534086666667 0.215944565858586 0.237345461010101 0.223868991111111 0.246160001212121 0.248040436161616 0.247451284040404
0.235045510505051 0.228822677777778 0.235040708080808 0.224511793737374 0.223658974343434 0.231321130707071 0.215562852929293 0.223952044848485 0.223761149090909 0.378430694141414 0.228091962222222
0.229042713131313 0.249885166868687 0.239203903434343 0.256840444646465 0.225966734343434 0.225233270909091 0.26200581010101 0.232267887474747 0.256697144646465 0.248418892727273 0.232667712121212
0.272063985050505 0.253702892727273 0.254545882222222 0.252216204444444 0.293743852121212 0.265698749494949 0.2676353 0.249928033737374 0.25081896969697 0.230577077171717 0.242237891111111
0.218387453939394 0.21727331959596 0.232129295959596 0.241736463636364 0.214062692121212 0.223566071515152 0.23070007030303 0.221978058787879 0.239217887878788 0.137622836565657 0.23299676020202
0.236997951717172 0.255338189292929 0.245303387676768 0.259571024242424 0.236725273535354 0.245033056161616 0.261855594949495 0.245577716565657 0.26298271010101 0.356904352323232 0.263250572929293
0.222194558383838 0.236115156161616 0.216125600808081 0.221663034545455 0.220321216363636 0.222750001818182 0.240435423838384 0.238890974747475 0.221952914141414 0.31010101010101 0.233507293333333
0.24602041030303 0.240568723838384 0.252855935555556 0.250827996363636 0.249839929494949 0.255166606060606 0.250103136767677 0.246077305454545 0.251023115757576 0.268162341010101 0.256275383030303
0.232130256363636 0.244137260606061 0.23544910969697 0.248179354747475 0.241503154343434 0.242171705454545 0.222026698383838 0.241851113939394 0.245037706666667 0.239001923232323 0.236897733131313
0.236508528080808 0.248946782020202 0.230311573131313 0.261954416363636 0.229938047474747 0.221800122626263 0.253465399191919 0.22604922040404 0.278867361414141 0.349321608888889 0.224857163232323
0.247223141616162 0.244337509292929 0.242228817575758 0.247265555555556 0.233795298181818 0.24564001030303 0.240873186060606 0.239355729090909 0.24650150040404 0.336685864242424 0.247110732929293
0.216681546868687 0.219938736161616 0.22254737979798 0.246108502020202 0.225471237373737 0.262417982020202 0.223163648080808 0.224461657575758 0.247595522626263 0.244554525858586 0.243529200808081
0.248875646666667 0.247889348484848 0.254980670707071 0.240420214747475 0.238402724646465 0.247539077373737 0.241554662222222 0.241882227878788 0.248458367070707 0.249495316969697 0.242474342424242
0.255333503838384 0.25354451959596 0.246685580606061 0.247374186666667 0.259021877979798 0.262728717575758 0.25677785979798 0.263662871313131 0.251942936161616 0.342869413131313 0.24760416020202
0.242112206060606 0.238511461010101 0.239520397575758 0.239660372929293 0.237315976969697 0.258149498989899 0.243057542626263 0.241582155555556 0.238993222828283 0.247777705858586 0.262265704848485
0.240873397171717 0.23104292 0.230607758585859 0.228327995959596 0.250925493939394 0.233554608080808 0.237729608484848 0.237348324646465 0.283239595353535 0.308038445050505 0.24594538040404
0.282260231313131 0.272105422828283 0.263743726666667 0.277027930909091 0.283187421616162 0.271900695555556 0.258703587676768 0.248157854949495 0.280682192727273 0.434182697979798 0.276013466464646
0.241983394343434 0.237333130909091 0.232488429292929 0.236081491515152 0.239040919191919 0.242174901212121 0.240687327474747 0.227464250505051 0.239919881010101 0.356241296767677 0.246324770909091
0.248284225454545 0.242290388484848 0.242825766464646 0.239744592727273 0.259906423434343 0.256610220808081 0.231321606060606 0.233643756363636 0.255905473737374 0.361573768888889 0.254021456767677
0.227988937373737 0.22819059030303 0.220101821010101 0.222889170909091 0.226189593131313 0.231431894747475 0.228006528888889 0.221746611313131 0.228326206666667 0.251651898181818 0.228627208080808
0.255034758383838 0.250534279191919 0.243274676565657 0.237970452525253 0.249550763434343 0.249026962020202 0.244292272727273 0.24428172949495 0.247676249090909 0.337456736161616 0.245042462424242
0.245010725050505 0.243058407676768 0.245411287676768 0.244846218585859 0.242711960606061 0.248375719191919 0.240555964242424 0.237699815757576 0.255997912727273 0.240089222626263 0.244027334343434
0.234610202424242 0.237015563636364 0.237747033333333 0.238042664444444 0.232969438787879 0.24087119030303 0.242944158585859 0.24632672969697 0.230162324848485 0.235562419393939 0.231366750505051
0.232308198181818 0.244697164444444 0.26024679959596 0.244084356565657 0.263151084242424 0.243980056565657 0.237722616767677 0.263413323232323 0.243322395959596 0.247892882222222 0.284026103636364
0.237840608282828 0.238876356767677 0.240940468484848 0.240457935151515 0.231197745656566 0.23373784989899 0.235083017171717 0.239955144040404 0.236409796363636 0.338865985454545 0.238910149292929
0.245578133535354 0.244240041414141 0.245545555353535 0.242384237575758 0.245596262626263 0.252007193737374 0.245463005050505 0.245919665656566 0.250397826868687 0.364092768484849 0.243063665656566
0.257307155353535 0.263999808282828 0.255300703838384 0.265063944848485 0.279424914949495 0.279285548282828 0.267114684242424 0.263274388888889 0.247341357575758 0.445645798585859 0.257963562020202
0.227690141616162 0.214634402424242 0.205680783434343 0.226033785252525 0.22689994969697 0.214045066868687 0.209772815555556 0.223751931717172 0.226930605454545 0.269786333535354 0.233395825252525
0.234568064444444 0.248423804848485 0.250263545858586 0.235791781010101 0.235475258181818 0.231672225252525 0.234938237171717 0.235349470707071 0.235313071717172 0.283566103232323 0.233391768484848
0.235697864040404 0.241877577979798 0.263940235151515 0.252534452121212 0.246225078989899 0.246992254747475 0.26294011010101 0.232552324444444 0.252426702626263 0.746868686868687 0.237186212929293
0.237998992525253 0.23801163959596 0.236801227272727 0.23414985979798 0.234443073535354 0.237902768282828 0.232488777171717 0.227889510707071 0.244774682222222 0.360100011313131 0.233765367878788
0.241232421212121 0.231850777373737 0.25104466989899 0.241072310707071 0.24007214989899 0.232350998383838 0.242005215151515 0.250053403232323 0.248251263232323 0.349983001212121 0.248399807070707
0.227494833535354 0.22280828 0.222872973131313 0.223336141616162 0.221299350505051 0.221023761414141 0.222614273535354 0.225632305454545 0.232708847878788 0.333727471515152 0.220610965050505
0.242079946868687 0.25344643010101 0.256935176767677 0.245586291515152 0.251104672929293 0.253886815555556 0.247389813939394 0.255158625656566 0.249648723636364 0.406180528282828 0.248691246868687
0.230907872525253 0.255322692727273 0.260485695959596 0.253079940606061 0.260767822424242 0.258140721616162 0.252244381010101 0.266575586666667 0.261724642626263 0.346717706464646 0.251330088686869
0.218672029292929 0.237773203232323 0.220830787070707 0.217684021010101 0.220391854949495 0.206663384242424 0.218828970909091 0.228823868888889 0.212770231717172 0.317361045454545 0.211603770909091
0.256441951717172 0.244683092525253 0.251257278787879 0.253503299393939 0.246417458787879 0.267840263434343 0.261223384444444 0.235720490909091 0.254542479191919 0.247219915959596 0.259173434747475
0.256162525050505 0.227575145252525 0.225102665454545 0.258958299393939 0.241703101414141 0.224078452121212 0.241273298787879 0.260024495151515 0.230458794747475 0.342474006464646 0.244809977373737
0.278384614545455 0.247939489494949 0.247809733535354 0.23145001979798 0.238890358989899 0.236048698585859 0.235451505050505 0.247044537171717 0.265276572929293 0.246847515959596 0.247477724040404
0.243774954949495 0.245456425454545 0.229307665656566 0.241978317171717 0.23207119030303 0.245145624848485 0.234328813939394 0.249406005252525 0.245778220808081 0.421271178989899 0.229654923838384
0.235535166868687 0.230004326464646 0.235047683030303 0.249863847272727 0.242290356161616 0.326047953131313 0.255173536363636 0.273642718787879 0.245649068282828 0.746464646464646 0.246063520606061
0.252431867272727 0.244009841010101 0.237397681010101 0.24884276020202 0.24231496020202 0.261865269494949 0.236941708484848 0.246564641212121 0.259344855959596 0.243732309292929 0.230992594747475
0.222039616767677 0.199444113535354 0.218860111919192 0.206298617171717 0.199289641010101 0.18799131030303 0.195195992727273 0.206532363030303 0.236331608686869 0.406802597171717 0.20951761050505
0.216396513737374 0.214053152323232 0.211941989494949 0.215205648484848 0.209400829292929 0.229374221818182 0.21031856 0.212572017575758 0.230202611313131 0.250184706060606 0.236506533333333
0.259011392929293 0.25972021959596 0.254944543838384 0.255141148484848 0.269179554545455 0.246582888686869 0.246263175353535 0.258612921414141 0.264508674141414 0.438932196969697 0.253150159393939
0.250485066060606 0.276746772727273 0.26850782989899 0.247524817373737 0.254942401818182 0.244870626868687 0.244729633737374 0.242996216363636 0.260864758989899 0.36886891050505 0.248008823838384
0.24615169979798 0.256139588686869 0.227001243434343 0.236703894949495 0.211903752525253 0.216967160606061 0.219236944848485 0.223166338787879 0.240752012727273 0.331096545252525 0.225362571111111
0.21279646969697 0.216276958383838 0.221563485858586 0.222325625252525 0.220972908080808 0.221649975959596 0.229598629494949 0.225408109292929 0.222148646666667 0.408868706868687 0.228971297575758
0.224118846666667 0.224233705858586 0.229844919191919 0.230385690707071 0.226290354545455 0.227690715353535 0.223704967676768 0.229762453131313 0.22772135979798 0.221960856363636 0.21879393010101
0.220669846060606 0.25063022020202 0.225243544242424 0.247102255555556 0.246700533131313 0.242391560606061 0.244812242626263 0.242130917777778 0.247622387878788 0.34162213959596 0.217126033333333
0.241155361616162 0.22697922020202 0.228202904040404 0.227497631919192 0.250021113131313 0.249778688080808 0.248675535757576 0.232737493131313 0.239282443636364 0.377979797979798 0.22697967979798
0.232595342222222 0.244363138181818 0.245770411313131 0.235508952525253 0.233261474545455 0.241741475353535 0.24523632989899 0.245310337979798 0.241056439393939 0.355511547474747 0.23559361030303
0.230398914747475 0.232392796969697 0.232148066868687 0.232013697575758 0.231672211313131 0.230855086262626 0.230082704242424 0.23044193979798 0.22034272020202 0.287386110707071 0.236024950707071
0.249136495959596 0.244844752323232 0.244499706262626 0.245334707070707 0.255797495757576 0.241198705656566 0.246395050505051 0.241839360808081 0.240066765050505 0.342676488888889 0.245121812323232
0.240459784848485 0.237408877777778 0.226786037373737 0.235803418383838 0.237580517575758 0.239253237777778 0.245220074747475 0.237928446060606 0.246585073737374 0.237879014949495 0.226310478181818
0.220137052525253 0.238135234545455 0.229362070909091 0.232654906060606 0.233087150909091 0.229648414747475 0.234898369090909 0.236858318585859 0.222937405454545 0.337067264444444 0.226487866868687
0.232900178383838 0.237277925252525 0.235724706868687 0.229785083030303 0.237228297373737 0.224027982626263 0.229594886060606 0.229245182222222 0.24306206020202 0.241365736363636 0.236489074949495
0.227711131717172 0.216753597373737 0.216551591919192 0.234455824242424 0.212830336969697 0.228085445454545 0.228892217777778 0.215852247070707 0.236950567676768 0.382703060808081 0.22372299959596
0.268431206868687 0.273114101212121 0.280066618585859 0.258322536161616 0.270711551111111 0.258346401212121 0.262057455151515 0.274744612121212 0.261972676767677 0.268006665656566 0.26190758040404
0.254050872121212 0.260272647272727 0.262795392727273 0.258003440808081 0.260250733535354 0.268901613737374 0.269526142828283 0.257884747070707 0.254011446464646 0.437238965656566 0.259650811919192
0.23765812969697 0.244189375555556 0.235571614141414 0.233252217171717 0.232512557979798 0.234850534949495 0.235952781010101 0.232253832929293 0.236896577171717 0.333333333333333 0.23457976
0.232106675757576 0.228798787070707 0.23970821959596 0.236701637777778 0.240948904040404 0.24103935010101 0.234334065050505 0.244000142828283 0.230207960606061 0.306269250707071 0.236954132727273
