"U_2_PC_alpha2F_01" "U_4_PC_alpha2F_01" "U_6_PC_alpha2F_01" "U_8_PC_alpha2F_01" "U_2_PC_alpha2F_09" "U_4_PC_alpha2F_09" "U_6_PC_alpha2F_09" "U_8_PC_alpha2F_09" "sFMM" "DPM" "FMM"
1 1 1 1 5.43 0 0 1 16.033 9 3.955
16.09 16.18 4 4 1 4 4 16 4 9 4
0.998 1 0 1 3.991 9.055 0 1.132 0 9 3.37
1 1 4 1 4.324 1 1 1 4.2 9 1.12
4 0 4 0 3.097 4 1.839 1.979 0.6 9 0.418
1 4 4 4 3.997 4 9 4 4 9 4.06
1 1 9 3.061 1 9 1 0 2.02 9 9
4 4 4 8.995 8.422 4 1 9.107 4 9 3.991
1 3.997 0 9.027 9.04 1.051 4.105 0 4 9 0.998
4 4 4 9 4 9 1 9.055 4 9 4
9 0 0 3.997 4.12 1 1 4.077 4 9 5.325
3.997 0 1 1 5.15 1 0 4 9 9 4.227
8.975 16.132 4 16.018 9.007 1 9 0.455 9 9 0.507
0.815 0.341 9 0 16.051 4 0 1 5.688 9 9
9.079 1 16 4.005 1.003 4 11.337 9 0 9 4.025
9 1 0 1 4 4 4 1 4 9 8.995
9 1 9 3.991 7.065 4 3.745 0.999 9 9 9.034
0 1 1 9 1 1.27 16 0 1 9 1.012
4 4 1 4 1 8.27 9.016 1 8.995 9 3.994
0.147 4 1 0.314 14.285 1 1 16.065 1 9 0.883
9 3.997 1 9 4.142 9 9 9 9 9 8.995
4 4 4 4 1.303 1.582 1.972 1.855 4 9 3.243
4 0.031 0.033 16 4 0.041 0.516 0 0.249 9 13.01
4 15.67 9 9 1.975 2.936 4 9 2.69 9 3.304
0 1.4 0 0 0 4 4 9 4 9 16.065
1 5.348 1 8.995 1.003 4 4 0.996 0 9 3.952
4 2.717 4.05 9 2.588 4.01 1.107 9 9.182 9 2.07
4 4 4 0 5.215 4 1 1 4 9 4
8.745 4.005 25 3.431 9.07 7.34 4 16 7.851 9 5.99
2.236 0 4 0 4 7.145 4 0 9 9 4.077
9 16 5.375 9 9 9 4.985 4 0.963 9 4.385
1.474 13.515 1.78 46.426 4.032 9.798 0.999 24.802 17.317 9 1.017
12.234 1 1 1 0.529 0.402 0.805 0.698 1.142 9 0.893
4 1 4 14.955 3.997 8.985 9 1 4.026 9 2.409
1 1 4.035 1 4 3.994 3.949 1 4.03 9 0.476
9 4 4 9 9 1.846 9 9 2.668 9 2.116
9 1 9 1 9 1.318 9 2.326 1 9 9
4 1 3.997 1 4.225 1 5.825 4 4 9 2.59
0.691 1 1 0 0.022 0.244 1 0.324 0.053 9 1
1 0.999 1 0 8.995 1 1 4 4 9 3.997
9 2.136 0.169 4 17.935 16.744 0.002 0.155 0.05 9 0.74
4 4 0.999 4 0.994 1.964 16 4 4.045 9 1.021
9 7.405 18.556 16 8.498 9 9 9.042 16 9 7.572
0 9 9.055 0 1 4 4 4 4 9 8.99
4 9 4 0 9 4 9 0 3.997 9 0.304
1 1 1 1 1 4 1 4 4 9 1.111
8.594 5.155 8.605 15.993 1.101 5.46 7.61 7.415 0.424 9 4.796
3.587 13.949 25 16 2.154 13.319 1.048 7.275 3.45 9 7.099
3.997 4 5.205 0 0.999 4 4 4 4 9 4.242
4 16.065 9 2.763 0.54 3.524 4 9.027 1.938 9 16.066
1 3.318 9 9.047 1.749 9 9 4 4 9 4.026
16.02 1 1.063 1.063 1 4 4 6.412 9 9 1.207
3.997 6.585 4 0.718 4 4 1 1 9 9 9.055
9 0 1 9.04 9 3.997 1 2.554 9 9 9
9 4 1 1 9 4 9 9 9 9 2.617
4 4 4 0 4 4 4 4 5.675 9 4.01
16 4 14.421 3.997 4 25 16.009 9 4 9 2.556
0.945 1 9.055 1 1 1 1 1 0.999 9 25.039
16.048 3.997 1 1.012 0 1 4 1 4 9 1.548
4.56 4 1 9 1.003 1 4 4 4 9 9.062
9.055 16.02 0 4 0 8.995 0 9.072 4 9 9.062
0 4 4 0 0 0 9 4 1 9 3.997
9 9 0 0 1 1 1 9 4 9 8.625
3.922 9.04 16 1 2.497 1 1 25.024 1.906 9 1.057
1 1 1 1 1 9 1 4 1 9 1
2.006 4.23 1 0 1.405 1.975 1 0 1 9 1.035
1 4 9 9 1.077 0.974 1 4.045 1.345 9 2.056
2.524 16.048 0 9 1.063 1 9 1 9 9 4.37
0.025 0 0 0 0 1 0.015 0 1.516 9 0.825
9 16 3.88 9 0.717 3.744 4 1.862 1 9 2.32
0.999 1 9 1 1 7.81 0 0 4 9 0.001
4 0 3.997 0 0 25.072 0 4 4 9 1.982
9 4 4 4 4 16.02 4 1 4 9 1
9.04 1 4 1 1 9 1 1 9 9 4
4 1 0 4 4 4 9 0 9 9 1.035
6.25 8.33 4.199 8.35 7.44 9 2.48 7.34 0.47 9 6.878
7.134 1 1 1 9 0 1 0 9 9 2.206
1.879 4 1 1 4 1 1 1 4 9 4.985
9 0 0 1 4 1 4 9 4 9 3.997
9 1 1 1 1 16.093 1 1 9 9 5.375
1 0 4 1 0 0.999 0.527 1 4 9 5.432
0 9 0 9 16.033 9 4 0 9 9 8.995
3.593 9 9 36 2.477 0.898 0.029 9 9.04 9 3.014
0 0 3.889 0 1.605 0 4 1 9 9 1.116
0 1.009 0 10.096 0.799 0.002 1.006 0.473 4 9 0.379
4 4.185 1 1 4 4.055 0 1.063 9 9 5.08
1 1 1 1 9.157 9 4 4.261 1.085 9 3.985
2.966 9 9 8.95 9 9.273 4 0.903 0.972 9 9.11
1.354 1.003 1 1.003 1.07 1 4 4.005 8.902 9 1.205
4 4 9 4 1 1 4 4 4 9 9
1 0 4 4.06 0.522 0 1.19 3.148 0 9 0.011
16 4.005 9 9 9 0.905 4 9.035 4.025 9 3.042
1 4 2.122 4 4 4 9 8.38 4 9 4.93
7.08 16.093 16 16 1 5.327 25 26.485 1 9 1.174
4 1 4 1 4 16 16 4 9 9 0.271
1 9.027 9 4 4 4 1 8.995 4 9 4
0.245 4 9 9 0.247 1.664 0.152 4.08 4 9 4.032
2.299 4 1 1.003 4.045 1 0.469 2.113 4 9 1.629
1.127 0.268 11.667 4.42 9.775 14.754 12.892 10.967 4.032 9 4.962
0 9 1 4 0 0.068 1 4.045 0.39 9 0.049
