"U_1_Gam_alpha2F" "U_2_Gam_alpha2F" "U_5_Gam_alpha2F" "U_10_Gam_alpha2F" "U_1_Gam_alpha1F" "U_2_Gam_alpha1F" "U_5_Gam_alpha1F" "U_10_Gam_alpha1F" "U_1_Gam" "U_2_Gam" "U_5_Gam" "U_10_Gam" "Sylvia_Sparse" "FM_RevJump" "MBC" "DPM" "FM_Raffaele" "U_1_PC_alpha2F_01" "U_2_PC_alpha2F_01" "U_5_PC_alpha2F_01" "U_10_PC_alpha2F_01" "U_1_Gam_ProbKp_01" "U_2_Gam_ProbKp_01" "U_5_Gam_ProbKp_01" "U_10_Gam_ProbKp_01" "U_1_PC_alpha2F_09" "U_2_PC_alpha2F_09" "U_5_PC_alpha2F_09" "U_10_PC_alpha2F_09" "U_1_Gam_ProbKp_09" "U_2_Gam_ProbKp_09" "U_5_Gam_ProbKp_09" "U_10_Gam_ProbKp_09"
0.973238892738824 0.973754131951614 0.942031751135383 0.949201991179461 0.340214903661147 0.441585745743091 0.435612314063548 0.483019309731132 0.965844816256391 0.968861719849482 0.945838616983984 0.936159877247232 0.939306460149719 NA 1 0 0.912222162456924 0.973146755514037 0.973407020434811 0.87428395400306 0.854769371572742 0.972608505010045 0.971584352734208 0.912303389416781 0.376120121356111 0.972467920401844 0.974902832294587 0.965852973639862 0.963943538475041 0.972203301994213 0.973151590622699 0.974492481967716 0.969858347941287
0.989163508699649 0.989873077736557 0.963849239083828 0.960322999466252 0.329021568285377 0.313730381129664 0.379391539278169 0.39938650596585 0.982298652915185 0.984649719655159 0.958850224369548 0.952472895942492 0.960999110040713 NA 1 0 0.917668123138109 0.989557005430455 0.989330017296998 0.853311320830037 0.835770201495426 0.989512670489081 0.989715496023316 0.87840722792998 0.345105171874463 0.989579795461649 0.990234517108164 0.988558349128311 0.98535440169329 0.989588253241594 0.990720433333961 0.971377364625321 0.978174146995542
0.999512728679954 0.99983999655204 0.984491506140346 0.982658853222199 0.424148678190621 0.534526490482916 0.517089460543832 0.489091767129855 0.995193346191163 0.996512651498431 0.978435737287747 0.980140518897127 0.979180273565184 NA 1 0 0.964950757523725 0.999424641880813 0.99959998965612 0.952855362329191 0.92353054076093 0.99951998620816 0.99983999482806 0.969479752025916 0.442926363940881 0.999321593000778 0.99959998965612 0.999310337905478 0.992197355636023 0.99971999310408 0.9995272623154 0.992105504385588 0.993711029278966
0.998095717753512 0.998400757710838 0.988457797402574 0.986052369324476 0.608379977073148 0.53773708979702 0.586817468909321 0.598446367057232 0.995065718491493 0.993187044866873 0.985765676443138 0.984666752829148 0.982136879378284 NA 1 0 0.96839594459359 0.998079951728559 0.998006004715246 0.96451553005102 0.934803721804619 0.998321571123251 0.998119951728559 0.971756725663675 0.510961343790746 0.997919946556619 0.998159950004579 0.99687864804721 0.993230699930858 0.99750840803959 0.997801562973572 0.994721982805012 0.993919699361299
0.95752547481378 0.957600637516088 0.939556864334829 0.935370606659942 0.494653958953711 0.501019064482992 0.488893777584219 0.466081400350188 0.953543760299967 0.939141456137594 0.932970023103432 0.934732847163349 0.940251486998361 NA 0.95999670863645 0 0.927342670719644 0.957877426669955 0.957288696670223 0.889077691950374 0.872494514301801 0.957203839247706 0.956932707867815 0.909338674726476 0.43545341210706 0.956889480160672 0.956107884740321 0.949870910401979 0.952839530108479 0.957087867089972 0.955773612275994 0.9504095613542 0.952454689779168
0.985953062420281 0.986189808707187 0.965346376371116 0.96188898833826 0.400275204707651 0.448256121213601 0.473942918454544 0.52548490505885 0.98070932801684 0.976459806715947 0.961045006574598 0.958941767204139 0.963340580311815 NA 1 0 0.945276329165068 0.985543775214836 0.98663224876188 0.925866614255054 0.886727571662906 0.986608806421459 0.985588189214222 0.933563368361133 0.420882664432223 0.984525864921794 0.985660118631398 0.981965430259414 0.981181458415038 0.986749038484245 0.98596920463066 0.983721407269205 0.980066586751463
0.996717933749792 0.996558733013583 0.982798303871861 0.978830069930544 0.572849601354426 0.447481870229823 0.54458436880454 0.495555817439144 0.991366915255689 0.993358718338585 0.977933663335506 0.976926289357966 0.976901740646305 NA 1 0 0.953888766196132 0.996717960308855 0.996359865297445 0.941427367232205 0.935390941706057 0.995717654046314 0.996168043340876 0.959515738667428 0.466752646404284 0.996678289427169 0.996179735642252 0.996281677721294 0.987934150574992 0.995938190672045 0.995472348107844 0.989464990927723 0.995923362334994
0.993003541311236 0.992854448409667 0.977140559857607 0.971992332772389 0.534316453901905 0.464900518088926 0.464864063063799 0.510440579295733 0.988084896397498 0.986957994197458 0.966212884729725 0.966486178436857 0.968772680512634 NA 1 0 0.931862236211048 0.993220926406007 0.993132849012586 0.894704301357774 0.901711040922303 0.993068637847578 0.992840312949668 0.934473009408941 0.406693236779748 0.993456885928581 0.991643193614528 0.991518846838853 0.989504599096189 0.991946572993403 0.992425328622611 0.980015962477939 0.978362525049481
0.98374500739704 0.982942405928897 0.974275351010695 0.966670787868554 0.450987125614249 0.491250319548231 0.442029532050157 0.569547762562484 0.980128934842098 0.982408047857708 0.963155437253604 0.964792681155974 0.965384440213089 NA 1 0 0.961815321473093 0.984496656923151 0.983623190019623 0.929268804643302 0.911607279707013 0.983462919719347 0.982569992187383 0.947238363863835 0.446797977893435 0.983898045022674 0.983847625904412 0.981797132937293 0.980154209127413 0.983502238997165 0.983544628870762 0.982748174948185 0.979056574439588
0.997162315576159 0.998000735410846 0.986955222921755 0.985684402910629 0.496294480658495 0.504315146982607 0.507407740176339 0.591356225427428 0.996246607840048 0.995747705627161 0.983617611234602 0.981151342962566 0.984247082238012 NA 1 0 0.965682671600358 0.997206679280532 0.99728233635193 0.962000910329507 0.947987458476344 0.997551795213272 0.997399479865037 0.972705696773638 0.481415309780046 0.997385302994229 0.997145764249821 0.995677101822952 0.993297544464028 0.99764071942475 0.997639911920231 0.992904414807414 0.997281070360815
0.994724566133486 0.994364543127662 0.978425427779641 0.974559245422029 0.469832844276263 0.59260046269657 0.532851573725372 0.553700908684766 0.989145757319878 0.991775293387544 0.97919250883181 0.96957591182861 0.977164426974601 NA 1 0 0.963065693669745 0.994022293244148 0.995202159128358 0.93497732135683 0.918168621614382 0.994767299250451 0.990789055145818 0.955097007482506 0.465491838552782 0.99449041975262 0.994964934569681 0.994138409239587 0.992487417672543 0.994086964045905 0.995324550343952 0.994967544202374 0.992860171850939
0.97429697846492 0.974809908470528 0.964253706470394 0.960369209043897 0.584943843111079 0.453405719048721 0.612697123082711 0.654191831565754 0.972760798661083 0.974745413684818 0.961145909344756 0.959310786444948 0.961661364135718 NA 0.95999388703655 0 0.943771688016304 0.975051544239908 0.975168337749817 0.93207155500585 0.925039985109575 0.975364276349349 0.974484150276782 0.950410858405157 0.497993258413222 0.975108941247367 0.975125552940044 0.974496493782471 0.971013132014777 0.97537074273669 0.975151759053942 0.974785645775306 0.973658750381578
0.99170264643353 0.991317952792044 0.970373401194025 0.966409204135631 0.378190052547772 0.46095862010326 0.459868841580721 0.479783088719284 0.982523447991503 0.967386429815986 0.963504423618674 0.961860526837437 0.966648956494257 NA 1 0 0.932418137165651 0.98959846382535 0.990757113700157 0.907275070177975 0.885651642322247 0.99166021641899 0.992096218318451 0.911786372427979 0.394716349915615 0.991027434843956 0.991465053465921 0.991039385845384 0.97772214875 0.991458576707518 0.990769156352994 0.988096602891052 0.978586093987864
0.984896313859197 0.985738012180906 0.962248172514828 0.968635785657557 0.421195311805274 0.440307164501816 0.492831412734327 0.493651499187623 0.977828347823473 0.982401091919775 0.963542676229479 0.965117210943636 0.961948064163343 NA 1 0 0.94101133523682 0.985343641312225 0.98477710901073 0.892489264598339 0.897750276374332 0.984959756034897 0.98423239998398 0.93626495843737 0.392347535398838 0.985973840579172 0.985556956124593 0.985843028942578 0.976787690400443 0.986544322659209 0.985674163462283 0.97603148734047 0.979525900122835
0.997625145275866 0.997442877538025 0.977832140947606 0.979699752004467 0.413019985114362 0.409148398722441 0.46658251099998 0.505666985081527 0.987188846128157 0.992891105449078 0.971506221956975 0.973386532242544 0.97288890528814 NA 1 0 0.957781633418161 0.998217151493227 0.9982405427353 0.924221846798587 0.898965916984131 0.997241637857787 0.997646922195641 0.932268092560903 0.385524046354535 0.997857873070381 0.997690572020163 0.987852530639203 0.991377863198619 0.997642902952492 0.99772212617901 0.986261960788344 0.989574658037434
0.982788153881172 0.985134210648161 0.955830502330339 0.956582018010441 0.38922019444144 0.343467621538641 0.388888975757334 0.425147910165249 0.981299356608801 0.9740899655415 0.952136018241015 0.950459971251928 0.952009128144617 NA 1 0 0.919869913718918 0.984770066939639 0.984011954094873 0.864782653605057 0.858141144841396 0.983027383420015 0.983312901920408 0.924262055315961 0.352650025970392 0.982381646401054 0.982989433078458 0.981461876210463 0.972293659764771 0.983807629647131 0.983183950841265 0.981923785021183 0.969047298848693
0.9872235048165 0.987134579513316 0.952381812580124 0.942775254173713 0.31143853276845 0.285296379261066 0.315099303967776 0.360859894102291 0.978012331528013 0.979488444842011 0.944682852066574 0.941972670378048 0.941028428980128 NA 1 0 0.902148099982415 0.987468361194877 0.986932152654891 0.779147165028882 0.802763390460686 0.986773753605887 0.988146014972447 0.839177777098644 0.32317146515842 0.987255803606527 0.985699009809609 0.976639090708039 0.970817740922895 0.987236398981136 0.98860584642321 0.974738246998926 0.974256227863216
0.998620871945005 0.99823982759254 0.981983513175178 0.977438792405219 0.403057090293836 0.43819726691609 0.421696763340757 0.518073348523892 0.9929439090465 0.995383548150526 0.977977095259392 0.980013064568147 0.97922693011577 NA 1 0 0.964304235491442 0.998221624590289 0.998200632803932 0.928828947973 0.932527065775116 0.998400652395689 0.997051967874089 0.965670712320007 0.423440203916239 0.998460856271599 0.998140015795046 0.996609318669761 0.992262747116532 0.998679870694405 0.997980809251383 0.991429318415384 0.989993081624434
0.991412929292929 0.990732929292929 0.971230707070707 0.969809292929293 0.427522424242424 0.461085656565657 0.454905858585859 0.488882424242424 0.983654545454545 0.982619393939394 0.969476363636364 0.962289292929293 0.972449292929293 NA 1 0 0.936974141414141 0.991330505050505 0.990499393939394 0.913734545454545 0.898824242424242 0.991417777777778 0.989510707070707 0.941027070707071 0.401128888888889 0.991490505050505 0.991119191919192 0.983876363636364 0.982583434343434 0.99054101010101 0.989907878787879 0.982759595959596 0.978012525252525
0.999239941852818 0.9988807255478 0.98472896801187 0.980445578627258 0.473826776553531 0.525938178225954 0.462553254216868 0.560943006843105 0.995827374145151 0.996217786020486 0.982671811983704 0.976627508961912 0.982251515672211 NA 1 0 0.969340499174414 0.998961535661989 0.998759911133906 0.952106402504884 0.929485208706322 0.998920727775342 0.995391270516861 0.960119462601432 0.440184098361753 0.999120743146039 0.998617082716207 0.990531177823356 0.992092852425754 0.999162754633149 0.999079928687364 0.99619598342806 0.994357681187519
0.998839886367811 0.99911991379627 0.98566183479001 0.982912035369592 0.470041375857931 0.611144310668807 0.533615285133773 0.568947304353177 0.99445124171342 0.995977817063466 0.980276415707673 0.975148564178739 0.979897686603549 NA 1 0 0.970053461978623 0.999000711170959 0.998941712421558 0.955647968980255 0.929779374609456 0.99904071508931 0.998119815837486 0.971740710208039 0.522643908264122 0.998640675905797 0.998781228791291 0.989642464905459 0.990043493018299 0.998618296385689 0.99894049015884 0.99145289039511 0.997380003682874
0.9996 0.999218181818182 0.990466666666667 0.986537777777778 0.55301898989899 0.467210909090909 0.57641898989899 0.591641212121212 0.996534545454545 0.996676767676768 0.985493333333333 0.985537777777778 0.984027070707071 NA 1 0 0.975430707070707 0.99948 0.9998 0.957009696969697 0.948491313131313 0.999365252525253 0.99952 0.977749898989899 0.486124444444444 0.99932 0.999560808080808 0.998591111111111 0.996829494949495 0.99948 0.99964 0.999486060606061 0.999026666666667
0.995003554561755 0.995267013255353 0.977322332060934 0.979089887867028 0.577232513858239 0.479034177615357 0.507955387619928 0.544529724086072 0.993688891215123 0.981850912023962 0.976662020359265 0.975071600125593 0.977032260608969 NA 1 0 0.94438665409863 0.994784653699253 0.995646852481308 0.951062484754234 0.916380835800748 0.994808386839127 0.99332566340452 0.963021612294017 0.442572481974825 0.995173999268643 0.994594486283855 0.994288905248819 0.985403484888715 0.994569175005165 0.994808387769242 0.995210120606887 0.987015590834281
0.999599963951425 0.999399943105693 0.989713251489914 0.989365626346817 0.556949288715612 0.566660387521439 0.462141211633116 0.564480125713615 0.996536252095385 0.998100472835472 0.988011839537831 0.985155690045394 0.989630361427775 NA 1 0 0.973941734954864 0.999439947651032 0.999519956114723 0.965837641192456 0.956760420314606 0.9996819758336 0.99916205087534 0.971536257912789 0.508407297125146 0.999619759990713 0.999639966615801 0.999182341859167 0.994582947636934 0.999281941039001 0.999319328099273 0.999085874238014 0.997096951021003
0.999600776158259 0.999679969907165 0.99050806863357 0.992370532991278 0.625964070194538 0.761315408608315 0.586987071615044 0.65283358585076 0.995971352103911 0.998424015427134 0.988359835286957 0.986438334878439 0.990014011845557 NA 1 0 0.978729221185068 0.99983998558057 0.999240742147072 0.970742102853728 0.95527484458996 0.999679971788128 0.995881706759744 0.978871208130275 0.587368410792192 0.999860590087076 0.999441124987704 0.999294421419881 0.997674042325244 0.999759980251819 0.999201333806303 0.999679947090538 0.999514964153664
0.969310718567055 0.969663841927305 0.951786194444118 0.94504207958376 0.456186327967 0.477110500972855 0.494872532548635 0.486010226184594 0.966278777190239 0.967330355112502 0.943992347559731 0.943009281791868 0.949325036011914 NA 0.96 0 0.942623730601283 0.969152320053886 0.968628307078477 0.887620955444932 0.876329133282004 0.96924687113187 0.967437506432064 0.92122312953445 0.392888821988489 0.96950421593018 0.970227480478698 0.964551557292807 0.958106201366187 0.9681139582178 0.969663547342061 0.969205579873175 0.959512622266741
0.980140485438463 0.978663556032019 0.949604362245264 0.952188130929054 0.501494376643923 0.605317924847915 0.575391392221258 0.563491592881124 0.973929234242337 0.973881889167648 0.949359098558256 0.945669965781886 0.945367966263119 NA 1 0 0.936637781348847 0.979347607727524 0.980114217418482 0.887362996520757 0.881672063139164 0.978656908548313 0.978389647584721 0.922141719626562 0.467206530196986 0.97822487785563 0.978854357661466 0.975196814407539 0.961710474558826 0.978321751989568 0.979866042244488 0.961759901537413 0.966452680755678
0.995842104321881 0.995211754913663 0.975642288277234 0.976371655272296 0.48936827852 0.477032382658246 0.480719283801802 0.466221481641365 0.991265189561363 0.99160151538174 0.972970268474657 0.966684227951104 0.969847375137762 NA 1 0 0.955209479860185 0.995044440334282 0.995766155487491 0.923440547236114 0.907651058760868 0.995402896794675 0.994164708156549 0.950541132190527 0.422780126502685 0.994932858441013 0.995629566114201 0.991639327772893 0.987509805759122 0.995006900001691 0.994719915689085 0.995413572632159 0.983201050337421
0.984312912701326 0.983608208261266 0.957634509918804 0.95490684318512 0.44064980467751 0.410914970735186 0.428700696511858 0.410314374990451 0.97772720808916 0.976096740768903 0.951502282949083 0.95025644814996 0.94642613553892 NA 1 0 0.924861161718622 0.984981847032317 0.98386916894851 0.873357128705441 0.850068882218461 0.984169857393057 0.981327827281316 0.90914429388847 0.3767244561261 0.984391281254172 0.984950293079236 0.972661562558258 0.978894503949471 0.9837754897817 0.983387944727854 0.984440345095462 0.972961707860459
0.991469493006286 0.991423029298652 0.970019812357515 0.970310965084861 0.386003338734102 0.461969982323101 0.38881793350616 0.464354138955345 0.972706415932218 0.985588287442805 0.964820769802012 0.966769626845739 0.970914541044943 NA 1 0 0.918987962954493 0.991273539348738 0.990991083078515 0.909063351244547 0.883883443536866 0.990775749609956 0.991876765708036 0.935376377288632 0.365747183162415 0.992502680463262 0.990984623300215 0.983116671854693 0.981897488827456 0.990830278557874 0.99071186210274 0.991963621158802 0.98551482799535
0.997562210140823 0.99728218464411 0.981066060518137 0.981210076011347 0.453273673282997 0.539888926614876 0.49291878609589 0.541357226637198 0.990366600159415 0.993038856285752 0.981613524686123 0.975533645695492 0.977131036168949 NA 1 0 0.960115034021561 0.997470734980952 0.996881341353822 0.942885122284048 0.927394385391692 0.99780142462982 0.996841336206886 0.954197230247352 0.451846434520322 0.996887280190362 0.997483015163333 0.991550907234117 0.992045400769354 0.997483826989991 0.997325432620704 0.99684133495291 0.989539271462958
0.990730800339333 0.990890805121097 0.975603713575341 0.96586136176903 0.488041403135802 0.507903532415177 0.484867945241324 0.530713866294736 0.989783796489888 0.984130538368592 0.973354139338376 0.971316124859073 0.974236954776658 NA 1 0 0.952878925250133 0.990330763430733 0.991087571489303 0.931638395229637 0.896821796690454 0.991125958098571 0.984980465189869 0.96558677460498 0.434141676264215 0.990645806572418 0.991966805650021 0.989410752497274 0.981217012285221 0.991685987608801 0.990724494529379 0.989914364280267 0.983561032480502
0.944128340206951 0.944056597457296 0.913385783406788 0.903891354459224 0.433626896185987 0.415283814911417 0.396266902894665 0.465347062334343 0.933473387404134 0.938506629900812 0.911813656001222 0.906668739214331 0.90906156508955 NA 1 0 0.862180181937029 0.942173795693512 0.941609358500425 0.798087354239846 0.777112980922397 0.94195391887723 0.945982148247311 0.792793832625024 0.340008527651493 0.942962418448064 0.943739890976289 0.942375223726433 0.932070590612935 0.943243360981186 0.943688608870543 0.923486778375075 0.930508517347026
0.996483795776041 0.996521376581704 0.977851247649866 0.979943728738581 0.406467477411149 0.410740764264387 0.463138793241646 0.513280545630437 0.988629206262848 0.985539163265979 0.977951987040338 0.972777246160462 0.978920935720174 NA 1 0 0.954686392916847 0.99631435475961 0.995805373977256 0.928305627941173 0.907234280616617 0.995606122255684 0.996123775961861 0.960955020571256 0.405160277528143 0.996152431617517 0.996322961987505 0.991996096614006 0.98810606859465 0.99600618100434 0.996142355951596 0.994433430810998 0.989006643137603
0.978271748646248 0.977191304822347 0.960646619280371 0.95704828523302 0.526084466528768 0.516505948611677 0.502256874771385 0.551091475146832 0.974972560874628 0.976026112645769 0.954292474749447 0.953631594423568 0.960949951071495 NA 1 0 0.9319135981483 0.977868438716984 0.976577836404079 0.913492680540352 0.9022532388714 0.976466171752803 0.9789376279896 0.934215453283894 0.421651337794875 0.976753796839808 0.978745904127174 0.972002625876657 0.971684535399472 0.977561920172075 0.97774989204143 0.964806817216552 0.972437726002725
0.991727693992406 0.991282401815372 0.975624664755342 0.976910517868774 0.522694899797734 0.456179141512756 0.473956350107062 0.541695706862878 0.981880839448889 0.986625093130429 0.969688342413312 0.971031765713509 0.97655076299784 NA 1 0 0.951894907003688 0.993200397356045 0.991564443839077 0.933773785064441 0.920818643714422 0.991122185924969 0.992321595996896 0.956153701853285 0.454626094537288 0.991886954442283 0.992017195050128 0.990333135814585 0.988555525618774 0.991562774189444 0.99160045301566 0.990678987829848 0.98191696590529
0.987060395723507 0.987375566995793 0.967371829626499 0.963824844112333 0.449981421168814 0.432355932982488 0.485047894953924 0.451901939305284 0.984580333815522 0.984911560855488 0.961366951969686 0.96115835451283 0.958039572188109 NA 1 0 0.939083068141602 0.985780277343025 0.986426851267817 0.909622558300852 0.899303188011576 0.986185213823662 0.985187502192935 0.928853406039631 0.385395983102492 0.985212649117959 0.986226721903746 0.975325663140657 0.979639023398605 0.987966698788698 0.987222044290542 0.984463733607682 0.98255005111745
0.997520566191959 0.996603712588849 0.977418371111774 0.980509250692471 0.480414027078962 0.55707907560636 0.50444535496701 0.536338820490472 0.994308984537335 0.99247230008117 0.976523107412676 0.975572705153293 0.972746422682552 NA 1 0 0.954023683772792 0.997364555205133 0.996882930887566 0.93270231639297 0.91902170176357 0.996691005383582 0.996839099174688 0.952488109299407 0.433065090536163 0.997360550518553 0.997167400891621 0.990695902827631 0.989135656875039 0.996963747854011 0.996865139889986 0.996303310138464 0.993071659262927
0.997602276515931 0.998160692668969 0.986505862710262 0.985579167328448 0.506695823725151 0.500221450113333 0.524545515006287 0.572457838071775 0.994010039779014 0.990064968935825 0.980499506153961 0.982081939546629 0.985270639149285 NA 1 0 0.963587342607228 0.998320699251335 0.997760664155119 0.952045546094707 0.933445637707774 0.997399833240168 0.997281411497704 0.967259405358268 0.48035807818143 0.996762228210383 0.997722278754172 0.996946482807896 0.990213761504577 0.997561462068317 0.996773821494956 0.995417680644614 0.992579432177561
0.96218020352308 0.961545805308345 0.945193009093268 0.946065449703187 0.484961750021695 0.449783922939077 0.507617580658741 0.5626997064222 0.959132823299438 0.954572708882745 0.945299849609363 0.943664157586696 0.938309855079885 NA 0.959996081648646 0 0.923333699799109 0.962247690019826 0.96240810189773 0.908511895243967 0.894197251920764 0.96202666364833 0.963166564376775 0.926387573042522 0.44022442368024 0.962505169512114 0.961461247395897 0.958821003641202 0.959800311946686 0.961988575170286 0.962919253203182 0.961757261504252 0.962830082783413
0.998000788673302 0.997161580243659 0.981301378759322 0.980222825255404 0.440882616823431 0.495486670366087 0.421083401984301 0.561562358830192 0.993859245616418 0.983045450241459 0.981353305860598 0.981052115967848 0.981094277002653 NA 1 0 0.954239834353149 0.997052083888694 0.997204017018815 0.93205774473626 0.920353355273631 0.997620510615073 0.994128472375017 0.966496967899437 0.401345132705583 0.998003205986681 0.997726700029008 0.991000200135369 0.990726988548474 0.997882403262971 0.997589470651278 0.978990483826081 0.99532192336971
0.984807445430348 0.985846701975981 0.967584902593168 0.966055269846449 0.436683343227046 0.418225467959736 0.482792897878722 0.532467846071334 0.977590360351816 0.980481885355329 0.961884633462823 0.96025267912019 0.967494353033123 NA 1 0 0.949507321398324 0.985836597706167 0.986204292169735 0.919617767006975 0.903492146919178 0.986266909388666 0.985810704016061 0.942321063104153 0.396685827710476 0.98552909418792 0.986088304786425 0.981936343051671 0.983008793303297 0.986204283564513 0.987646775628129 0.973335595382727 0.976893722274664
0.998879917716453 0.998959928687905 0.981250763489289 0.981887683906369 0.490990655057472 0.574728514693112 0.56759484962291 0.586921642207784 0.996126491807201 0.992329171561165 0.979127112580058 0.978980963801235 0.983910220857613 NA 1 0 0.969176125368063 0.999200755214673 0.999161561904599 0.942617603121688 0.931859323583741 0.999100949720793 0.999040739854856 0.963939379223542 0.47392438245285 0.999080327779972 0.998371861945924 0.999054943432205 0.998165694294015 0.999379348258902 0.998588750314238 0.986525194412453 0.994695733249951
0.997840792928614 0.997325652704173 0.97267806826859 0.978519116491953 0.498217151864834 0.39323828730977 0.438099330855074 0.402219652394531 0.991956410757049 0.993329139150737 0.976596798389436 0.968173462357324 0.975581331810362 NA 1 0 0.950804834538786 0.998442417291933 0.997563213069987 0.910880311739031 0.874032284702483 0.998280795255642 0.997482415857624 0.946715880903314 0.369098786026218 0.997620568924382 0.997841132167601 0.988225703341597 0.989293496620236 0.997544222785127 0.997981811044711 0.984783058613984 0.991038218698909
0.988225154335265 0.988649033713179 0.970918726289632 0.97208677964405 0.52853998011428 0.485509474023978 0.435739407549423 0.62864015582634 0.986635235333345 0.986494830714217 0.96511023564841 0.968611232055618 0.970297687370202 NA 1 0 0.94878121033357 0.988130624198709 0.988409022166006 0.940139744405432 0.918867606387212 0.989373124340571 0.990604306186818 0.945936785390029 0.415915974365478 0.989078097132365 0.987727370798059 0.986790927840492 0.979563374256157 0.989208254178918 0.988930620365415 0.988432449782731 0.981267531680072
0.990678787878788 0.991712323232323 0.957624242424242 0.963727676767677 0.433498585858586 0.461511919191919 0.41736202020202 0.416771717171717 0.987759191919192 0.986569292929293 0.956620606060606 0.95699595959596 0.966485252525253 NA 1 0 0.933376565656566 0.991344646464646 0.989881212121212 0.881271515151515 0.85437696969697 0.990537777777778 0.990677171717172 0.910497373737374 0.356978585858586 0.991312727272727 0.990993939393939 0.989042828282828 0.981612525252525 0.991411717171717 0.991635555555556 0.976355555555556 0.988228686868687
0.996448756135338 0.997443945145999 0.984572267814819 0.978224684842106 0.434661433888592 0.495254547260066 0.478208397091635 0.527903838409304 0.993855087857898 0.990833041354157 0.976366694736905 0.976704091050102 0.978337850934664 NA 1 0 0.950006446016866 0.996230149802861 0.996482281183656 0.940067738887768 0.921571291689561 0.997127959023803 0.996684725450173 0.961898873511609 0.439810242928265 0.996760682838478 0.997203119005413 0.995543851290553 0.995918267058484 0.997422123295728 0.996090982558939 0.996867060435791 0.993330031502367
0.980567283649935 0.980284023173947 0.963366152318078 0.959469304683804 0.548636297871062 0.462953384326761 0.589996396317305 0.599924489645664 0.975518410082551 0.976855959957522 0.960952075593713 0.96346665117065 0.959162244723081 NA 1 0 0.956016019187554 0.980306657330792 0.979883201675848 0.934425248417559 0.908844910423123 0.980450489999422 0.980366454791284 0.938822692609526 0.480906237328634 0.978912336612022 0.980105047722488 0.979799201261131 0.973043403515139 0.979482373351411 0.980021943655273 0.980062100653996 0.976784972743018
0.993916930941297 0.993725214839042 0.978505859172524 0.966515462111412 0.431588713524633 0.505346065969089 0.435082287213888 0.506772978644848 0.99036335652803 0.989088642728199 0.9692856963817 0.968970690244075 0.974181263679872 NA 1 0 0.952357700709969 0.993473899249181 0.994718608630461 0.913294220730465 0.893546949761357 0.992785351784282 0.994560009018988 0.957915770243765 0.413510209905828 0.993578952071212 0.993837522131391 0.983796221008187 0.984355806964375 0.993643723466297 0.994120537351744 0.992342372250794 0.989169823421039
0.99688376228869 0.997120564687594 0.982356604881623 0.981599962213484 0.463670477992664 0.457113530857179 0.59970571099018 0.444299750169649 0.992585355175969 0.994348726536092 0.978254233805625 0.975236343273611 0.983758158040913 NA 1 0 0.958277122176993 0.996761386857519 0.996682974894971 0.941455317701763 0.931558240512588 0.996217158153598 0.996764594979418 0.957339228793462 0.418061892874308 0.996959746085982 0.997360989041006 0.989710575732805 0.989045205082566 0.997106058261336 0.997098796503058 0.990268117051976 0.989702752635659
0.972585213603817 0.973897978336676 0.95954320134219 0.955833814924704 0.497403337954767 0.587715644980432 0.592715259495618 0.612420328173865 0.965848928581591 0.966329798700978 0.957176122940971 0.953219363672197 0.955444803917591 NA 0.959997805817815 0 0.952381947927278 0.972706828324347 0.972825200603355 0.921902788326726 0.903945617978374 0.972783592587751 0.972542635392766 0.965491163708248 0.550582837641807 0.973508820336136 0.973615541644362 0.968165786046527 0.964047921523936 0.972577903518483 0.972960942404181 0.97447897530596 0.972556504992958
0.997282424242424 0.997761616161616 0.987041616161616 0.979198787878788 0.495385858585859 0.485422626262626 0.508269090909091 0.638479191919192 0.993257373737374 0.995024242424242 0.981315151515151 0.977583434343434 0.983942626262626 NA 1 0 0.960104242424242 0.99746303030303 0.997444848484848 0.950071111111111 0.935188282828283 0.99784202020202 0.996811717171717 0.970451717171717 0.448647676767677 0.997632323232323 0.997643232323232 0.992308686868687 0.992588686868687 0.997841616161616 0.997488484848485 0.997371313131313 0.990542222222222
0.970376615025929 0.971349680834791 0.946806256639594 0.950652761192808 0.326582259070643 0.375293217550671 0.422978884028906 0.41898412790181 0.96782978059834 0.965318314641647 0.94290335998464 0.946307399522249 0.944202905604032 NA 1 0 0.906023197886762 0.970530631779012 0.971898390154606 0.865161019507148 0.854761840626334 0.97139932291265 0.971198518006964 0.899205212292997 0.354969536520326 0.972567932119115 0.970833196968486 0.96250902782265 0.959182306145984 0.971838570528915 0.969688924388853 0.970385498797487 0.961110590160084
0.976007676767677 0.975771313131313 0.954185050505051 0.949788686868687 0.433892929292929 0.430103434343434 0.479029898989899 0.444217373737374 0.970090505050505 0.97284202020202 0.945147878787879 0.944768888888889 0.954313131313131 NA 0.96 0 0.931789090909091 0.976251717171717 0.97676202020202 0.911000404040404 0.876444848484848 0.97624202020202 0.974812121212121 0.908292525252525 0.411923232323232 0.975092525252525 0.975936565656566 0.975174141414141 0.969273939393939 0.975097373737374 0.975989090909091 0.975916363636364 0.962587070707071
0.992806515673368 0.992670169936051 0.975045509986405 0.97417041205648 0.468809409033072 0.453570626513719 0.404475390789878 0.457099459774029 0.989492997384947 0.988621535607921 0.973861353723379 0.972101301234844 0.973185304951799 NA 1 0 0.94676410854247 0.993129013477849 0.992604225067455 0.922584486843789 0.915842486702593 0.993882339386485 0.991178193283384 0.941968482620328 0.396540271637066 0.992454918461397 0.992939474529496 0.987481034450332 0.987012128715564 0.993614788288602 0.99319753318726 0.992518983494268 0.988890043532832
0.999479959406637 0.999719979154818 0.987859206482799 0.985804009303873 0.531016036315922 0.478331114806743 0.546950694235686 0.524964626146202 0.997099791061175 0.997944682545699 0.986833882123364 0.986115375814962 0.990005357068385 NA 1 0 0.972432595034843 0.999200331115394 0.999519964892363 0.972047552979107 0.946576801365929 0.999439957212454 0.998977020613476 0.980342912931242 0.502839245859891 0.999599968183546 0.999344314758231 0.999141394642162 0.996718129667946 0.999400343183486 0.999459986839324 0.998010897595255 0.99359193788547
0.983665858585859 0.983482424242424 0.954794343434343 0.958318787878788 0.37317898989899 0.421582222222222 0.421528484848485 0.503139797979798 0.977409696969697 0.974117575757576 0.953991111111111 0.951110707070707 0.959624646464646 NA 1 0 0.934900606060606 0.98264 0.983743434343434 0.909910303030303 0.874292525252525 0.98366101010101 0.984193131313131 0.925105858585859 0.381823434343434 0.984060202020202 0.983245656565657 0.973751515151515 0.970466666666667 0.982482424242424 0.980577777777778 0.971232727272727 0.966826262626263
0.989417431902578 0.989535813652222 0.978618646671428 0.974057149668432 0.505221065789188 0.440523962907993 0.521221637424988 0.545867433675994 0.986847638242339 0.986530251603837 0.970884173760369 0.974789603173709 0.972859010983963 NA 1 0 0.947480796911914 0.989170923753345 0.9905350127313 0.943694677871803 0.911105220252329 0.99044774307384 0.987929325018156 0.948156087383503 0.438741686764855 0.990491353675731 0.990221695674475 0.989037564118477 0.983993951632387 0.98993178708207 0.989651327652725 0.981073278823889 0.983125755989275
0.981673748410321 0.982791329338112 0.964654750317296 0.956928650150008 0.388587573847679 0.420088546791312 0.46836101365752 0.444735365796618 0.977856930121805 0.977306931485964 0.960069806775943 0.959646540071657 0.957511870382446 NA 1 0 0.943773834382975 0.981761806470331 0.981955349854487 0.877765488503165 0.87637297436212 0.982104043555231 0.981244238028859 0.908056752306536 0.399829905354096 0.982223229993868 0.98256139402124 0.981175984453899 0.971357576329331 0.982313760314097 0.982254706351916 0.980745823780266 0.967123582875893
0.996046122379203 0.997041355798643 0.979408609748734 0.979429999862736 0.620492515452877 0.43202117018329 0.500087032156819 0.5785506546483 0.989070042802123 0.99428971989731 0.976325502956925 0.976087480506224 0.97915130684033 NA 1 0 0.959460776975655 0.996800531969079 0.996442113017524 0.934431928807258 0.916630145141999 0.9964453549226 0.996002884655835 0.957503570541708 0.442807583021553 0.996486972070402 0.996683758407956 0.992878569175589 0.991300807090145 0.996504341470212 0.996322909758159 0.995462285223449 0.987593904127759
0.985017939994616 0.98539111137427 0.959679482657899 0.96476637938736 0.451060067540419 0.458818021951248 0.47372714076742 0.51427616935814 0.978630534571182 0.964474521141551 0.960529284465318 0.959064755421492 0.960320483864443 NA 1 0 0.942476325892527 0.984737911636042 0.984851450676401 0.895904688867566 0.870748798733568 0.98549633544688 0.985391266924517 0.932478392655381 0.408483557230502 0.985001372513118 0.985052282914096 0.983679553804782 0.977046610574256 0.984898728680949 0.9851854223813 0.973923400522483 0.977482778514893
0.964683523149785 0.963027643009745 0.946682068000835 0.943213187737214 0.489605656355998 0.401729043466165 0.430877224035448 0.489078173432378 0.956831891162631 0.95343962713298 0.936299451639884 0.934262431708337 0.94107365076067 NA 0.959996081648646 0 0.919176147257479 0.964857529282212 0.965058032262558 0.883655518866511 0.856665375587538 0.964839499796478 0.96452976163217 0.890927446363903 0.413469994399236 0.963928144994077 0.965522449025252 0.961266123029505 0.961736349314236 0.96227234053203 0.96617860998713 0.948681561713763 0.960799687617783
0.995966370386545 0.996286398188278 0.980337314018362 0.971399820093152 0.466054837231896 0.475018433726732 0.449068469861518 0.509611487405469 0.990733481235282 0.986532952581156 0.964299442112216 0.969294340356326 0.970462291993021 NA 1 0 0.95276763285772 0.995443969967143 0.995722356882401 0.922223660438059 0.889896647313095 0.996045195906529 0.995054109806608 0.930952192520147 0.434498778431203 0.995981748609181 0.996083167502406 0.990769014801986 0.993348362816847 0.996003148538626 0.995922366622485 0.995578658929975 0.992738913670628
0.986645942369259 0.988553818768849 0.964212909706281 0.966133535648633 0.381337858251345 0.433995422697514 0.462194206854212 0.509596585088456 0.984333043779933 0.981780218312408 0.966506023538398 0.963394147779451 0.964643980242107 NA 1 0 0.927479594472161 0.987598652635672 0.987337223229444 0.897323891281742 0.88716567521057 0.988263327536659 0.987240296387233 0.909705646434451 0.386352766952399 0.987757835735679 0.987704109090038 0.988435324499256 0.975728160640689 0.988475435381475 0.986066919392731 0.980306193843582 0.978981311592652
0.94049354297127 0.940539213292586 0.916650637441229 0.921133653206592 0.472716479851983 0.440425604814852 0.490371583313994 0.523538203103647 0.93237577092071 0.935717088833929 0.912629895116991 0.910530433097307 0.916783141750572 NA 0.959952929062626 0 0.900620890603468 0.940794204515687 0.940894229095191 0.846114436240831 0.845691144044138 0.944093579225845 0.942892988130157 0.870107369085854 0.38859287578663 0.941190123402219 0.940960065720443 0.930810733874816 0.933277093451396 0.94097018653547 0.940926221981977 0.940725773300678 0.937760799482079
0.995332125000687 0.995244023418593 0.979986459530175 0.972643751717615 0.489739787806826 0.46054195243497 0.525175045226524 0.60016398827115 0.993253325136686 0.993075856808944 0.97211961118375 0.968897557146443 0.980234336090527 NA 1 0 0.958349110801019 0.99614342131481 0.996161608871611 0.942947916954114 0.922344478845082 0.995717541521124 0.992245757072116 0.958373231356782 0.46830899389675 0.994985377136502 0.994632288280486 0.993646665449547 0.989066587676527 0.995885647211886 0.996021809164042 0.98663674569668 0.99245028814227
0.983746666666667 0.985092525252525 0.966302626262626 0.965505050505051 0.422326464646465 0.447397575757576 0.505211717171717 0.517853333333333 0.981055757575758 0.977768484848485 0.961958383838384 0.958846464646465 0.959034747474747 NA 1 0 0.940042424242424 0.984709898989899 0.984550707070707 0.879966464646465 0.885583434343434 0.984483636363636 0.984861818181818 0.904531313131313 0.390184646464646 0.983524848484848 0.985423434343434 0.975920808080808 0.972679191919192 0.984127272727273 0.984867474747475 0.98394303030303 0.98278101010101
0.996844361939086 0.996364957263594 0.981837434100213 0.975786795839548 0.384608384443791 0.378483296802387 0.469880116049338 0.493718480860292 0.993043629175526 0.992609298842398 0.976081985667454 0.970629061545487 0.97313701968479 NA 1 0 0.952203194452625 0.996645925217385 0.996602817751926 0.932650479579697 0.915980649884099 0.99678503811265 0.996441695787564 0.938862511941766 0.374093075350811 0.995554364570637 0.996336193233936 0.990178098350441 0.990627066263926 0.996696945707448 0.996873546359307 0.996015978782473 0.98814022584329
0.996920246219761 0.997161904264508 0.984496056463482 0.97937286126431 0.453860637098342 0.55339149188954 0.578773996039616 0.612876290746161 0.992202830188264 0.994252430190679 0.97778799484341 0.977221704795289 0.979008793979446 NA 1 0 0.962292742755008 0.997799574098236 0.997639533339332 0.946617932744484 0.928277822315437 0.997417289870713 0.996840193226209 0.960991027641103 0.477244624402883 0.996960293100349 0.997081020531861 0.99571162773268 0.987652286233981 0.99800124233707 0.997501641813607 0.996502385459465 0.99317365514765
0.99918326337395 0.99199644887953 0.988567656121771 0.980626363419774 0.544995952249904 0.435746746088445 0.439747153925028 0.548419737584627 0.996648303689655 0.996928663332852 0.985781307825174 0.982133844562627 0.977219968316045 NA 1 0 0.965352292794204 0.99947987976385 0.999383293938767 0.953452161187898 0.93978113840886 0.999473146810244 0.999359836964385 0.959790622486359 0.469285329071305 0.998761609277763 0.998979789713426 0.994014070312299 0.993476181598996 0.999207503828451 0.998922591048494 0.998313343561137 0.99222609681989
0.983974450521037 0.983175588455099 0.965742341149559 0.961022541844491 0.429678096834652 0.453008426055915 0.458186406449008 0.444229850708787 0.978501315473419 0.978585643253795 0.957154469669686 0.958274072342793 0.957089002711532 NA 1 0 0.936529999265301 0.983620793094231 0.983617667811572 0.898908715308944 0.891821599799684 0.984293665479876 0.984409617816446 0.931143407250451 0.372543760811668 0.98327379895255 0.983839244918448 0.979598290573529 0.977989942318319 0.98329028966334 0.983414409823175 0.984457182004117 0.977309877295681
0.97895302277395 0.979025004201769 0.952440664902361 0.950162958802075 0.372805057319831 0.328944536805237 0.372798710723093 0.446089284647164 0.971206278368616 0.973174265160902 0.942024546008307 0.946922296102514 0.953832264781356 NA 1 0 0.913791469527613 0.978184970755714 0.978612039276192 0.886834599060743 0.858422745158697 0.978755419701062 0.978930463197659 0.897792601062659 0.353995557013852 0.97885448634448 0.97786368024995 0.978646384476 0.974145454729231 0.979243951404756 0.977953519962951 0.963081305501355 0.963250871320177
0.955958677555742 0.957590073426767 0.930124953164851 0.917676399491414 0.353609540621806 0.317746075667153 0.390724763105151 0.374204723506938 0.944048335847694 0.950909095041444 0.903381628605778 0.913603475933275 0.92581026609386 NA 1 0 0.875795851253863 0.954294129447322 0.955415496313853 0.813952788704908 0.781933974334088 0.957688033857439 0.957023342760121 0.821155340118766 0.32591432986032 0.955428792537206 0.954170946539318 0.952339062570824 0.937757925090116 0.953352758826815 0.956384997769025 0.923456461054788 0.954267234595901
0.984816726552017 0.983019868339162 0.961966590814451 0.963058411946642 0.455665667813516 0.387948241323763 0.471126958461917 0.454687292321799 0.978825720309313 0.982274769564714 0.960297674934141 0.960107528167873 0.963949168427448 NA 1 0 0.913367958455193 0.983978241732985 0.985040519112791 0.900189077715735 0.870400353924607 0.984039164029006 0.983415043431553 0.915229751307457 0.374352929366655 0.984600648077257 0.984525339942075 0.977057113097869 0.975389611332438 0.984223127471666 0.983983192633908 0.976014944048513 0.978862247225574
0.998840647596702 0.998679820217123 0.990728675349847 0.987959409958421 0.614078649199573 0.697502235936661 0.589536806123196 0.698510428383542 0.995917623253089 0.997320587081308 0.987536480587949 0.983778208756431 0.986828778497493 NA 1 0 0.973325476979856 0.999275475383442 0.999079885735741 0.969910081515187 0.94639254004159 0.999319909246572 0.998554743495616 0.981915945617279 0.569763446362957 0.999163250844821 0.99902333847589 0.99835758521775 0.992899793174627 0.998959889341768 0.999067447365041 0.998545611058971 0.997346239819125
0.998481530089409 0.998600725549064 0.9808589324756 0.979925919423339 0.507365801827644 0.457312065432219 0.442950051500397 0.539442235394959 0.992734120872424 0.993316663955308 0.976065368062406 0.979756924666513 0.973769542681275 NA 1 0 0.970710514074642 0.999279956115995 0.998879930882629 0.934113020099877 0.916644265327113 0.999079946242266 0.999080755170794 0.95744920420681 0.454604441909238 0.998839508977894 0.998940134193028 0.994608161321538 0.995180674211224 0.999039942950902 0.999319947608149 0.996415229304495 0.990108869856853
0.990623118786338 0.990979900515898 0.972703382656662 0.971865694489281 0.482457021579485 0.460260936804644 0.454032529517239 0.486672108420605 0.987814655279772 0.979088718177962 0.966690146720938 0.970665223803427 0.972073402845449 NA 1 0 0.94158583793295 0.990537457977837 0.990403921194281 0.923078253971265 0.90094734314331 0.990524516838759 0.991253441240541 0.952029926616013 0.457522603256645 0.991499496061108 0.990545527155104 0.988688400509538 0.985579397135989 0.991615444488579 0.990447279043828 0.990010313737925 0.981146400671633
0.995172538440475 0.994536533848485 0.972224010183467 0.973143454417331 0.537059819395701 0.409104047644504 0.489400008879016 0.510002273748573 0.991106946806363 0.992763779055624 0.972943279902283 0.970824271966729 0.971782264307361 NA 1 0 0.95145739231911 0.995987543117826 0.995770167688142 0.921548015351923 0.913571306544016 0.995189093556458 0.995572567212009 0.934340492643406 0.384642137045781 0.995391549581491 0.993997174046509 0.990743040031462 0.986081776966653 0.995168487438114 0.994538967219701 0.989183753669095 0.984997610277594
0.992652709835609 0.993256805992183 0.965787002109974 0.969054920854666 0.452818025977095 0.395398641806771 0.404980914917281 0.50909372352611 0.987345982305881 0.973017458633301 0.962330127223549 0.961126657470856 0.959372994709383 NA 1 0 0.943265365850854 0.991225634603162 0.993247081085458 0.883387976350074 0.855735846729881 0.992531091499247 0.99233757376203 0.911937035001702 0.36661002661954 0.992314933187589 0.992933556551731 0.985627251212288 0.984791090527823 0.992351704565225 0.989209612053784 0.992131414655755 0.987470686624793
0.966560289013356 0.965319854270815 0.955269505666013 0.95184073372849 0.572977025733695 0.524645375913085 0.615659228743625 0.571305124762316 0.963295652995084 0.963315278208584 0.950115851576011 0.949118501570464 0.955018939614231 NA 0.959985733511599 0 0.936459856427168 0.965588224605396 0.966004955151084 0.925807849527751 0.909377154018706 0.966321049005404 0.960442973893719 0.937348515780284 0.470937219430643 0.965271868240003 0.964864624734124 0.964984416019541 0.962003315391041 0.965571737436132 0.96597537978572 0.964816514977521 0.959514600049862
0.968895237816376 0.969440730713605 0.949842228460102 0.948494544031741 0.375281727401456 0.327795536733327 0.470995269146477 0.449939094752087 0.960429772610108 0.953426008032302 0.946499148091212 0.944613834139956 0.944448651671586 NA 0.959997805817815 0 0.91726668223867 0.970195130083758 0.968047920153633 0.873456606118686 0.861067430264183 0.967302432163199 0.96835988555968 0.906151365834474 0.383399370979809 0.969723179593735 0.968520635130482 0.968140636986144 0.964855485277499 0.968951825958337 0.96867055305266 0.954734906384964 0.956232193363887
0.999680800935674 0.999322408449028 0.987786076657673 0.986846975299108 0.47619030969555 0.575919290957301 0.455224472035419 0.534670609547539 0.996382291471715 0.997557087500428 0.984650895309829 0.984680080430077 0.988604418744084 NA 1 0 0.972439908482642 0.999399987775654 0.999519994357994 0.945262956458094 0.935197497632328 0.998486026715605 0.999519991536991 0.972941581109881 0.468422743089937 0.999403622194347 0.999479989656322 0.994288236979447 0.993559552043654 0.999395116495847 0.99919632722616 0.999000607262491 0.995098109342273
0.965604141295805 0.964492216148098 0.946708028197889 0.94512273902289 0.37490892347228 0.42330644732003 0.430897894490957 0.506428086779364 0.960991508382841 0.961231152911082 0.944269904130187 0.942046294632275 0.947700492696514 NA 0.96 0 0.918249512981419 0.965574234250708 0.964837280697092 0.900461079040399 0.872137181212435 0.96536575385888 0.965937893458778 0.913414770339793 0.40369743422574 0.964887828358521 0.965313330612685 0.95861702664277 0.957969214862409 0.964964931915878 0.963683443129109 0.962519997699339 0.957938783307464
0.996003072388772 0.996124682826629 0.970138990100054 0.97177412023808 0.529274454548331 0.51032625935643 0.560930947877246 0.574664305338647 0.991029986969949 0.991461509625173 0.970292048046214 0.968468701790213 0.970369796093349 NA 1 0 0.956612218732952 0.995367903020327 0.995844689753497 0.915915333434707 0.900083374002664 0.995608628133203 0.995908532455473 0.934029234363598 0.468399344795955 0.995230945404526 0.995394542821773 0.984991594666533 0.979896857911797 0.995054141806165 0.995444669167 0.983351154029093 0.976160565892831
0.992940706585973 0.992379038994761 0.974819218710584 0.97560051411267 0.370158348617265 0.450206025203138 0.473490446179947 0.467169174722666 0.989850924528124 0.990249798725588 0.960366270230964 0.966125587693337 0.973216501667634 NA 1 0 0.934907213645496 0.992733378972333 0.992781493007359 0.921484055251441 0.898587812350854 0.993561317857648 0.993614249874992 0.931188357113086 0.388956056864712 0.992663095456493 0.993325722395469 0.985179037895841 0.984995149241883 0.992921272496726 0.993418667430814 0.991746100444153 0.987719435186733
0.988904824247349 0.98789872934771 0.961749123064993 0.960783148736696 0.345539047903478 0.429694776336421 0.440533549890749 0.547434507378722 0.982629282180586 0.971380284217949 0.956760215838438 0.960360496541905 0.961615184427891 NA 1 0 0.931086782478678 0.987474474717751 0.987164180627583 0.894547529262418 0.875870023215414 0.988152569051749 0.987199322307199 0.917192470350145 0.376413978789313 0.98800337658837 0.988318532612791 0.979712223738105 0.983105476102015 0.987811054245604 0.987916122086058 0.984924322308578 0.985311852266174
0.989676107919253 0.990910483811893 0.963052282215067 0.967641565813071 0.398803956612783 0.414057363111261 0.509035205342404 0.421652245056697 0.985323743721396 0.973924024420844 0.965673173907204 0.962332102661262 0.966969510464053 NA 1 0 0.937575698984001 0.989943990756299 0.990353709339105 0.920773745426301 0.888334800552473 0.990684616107818 0.989918550244197 0.925669749041266 0.390098101658391 0.989712890971579 0.990720979616046 0.98930659773407 0.98285395539294 0.988757297820499 0.990203399733529 0.989241296898483 0.986732711564524
0.997244699978239 0.996448705125964 0.978907955804488 0.983353215552119 0.47858410294762 0.619625163908803 0.561327188985905 0.583831604135686 0.992896333808037 0.992131084072781 0.977729759675639 0.980860044179158 0.978493013348922 NA 1 0 0.958598364966942 0.996628091527911 0.995477320884975 0.940421350866651 0.926844514210325 0.995743024500245 0.997001445613124 0.958675345605746 0.486723967050044 0.99668709279815 0.996361589893492 0.995088671625651 0.988792287689885 0.996909190649284 0.996487897294436 0.996727825381992 0.987889477425466
0.973362960063498 0.974596979898646 0.949477211675914 0.949710833421206 0.387307756358944 0.425150353701156 0.405998988013044 0.507103094516159 0.971712443225671 0.965712781961005 0.949058020440257 0.949452512005703 0.951611737884597 NA 0.959997805817815 0 0.929783182064272 0.973798950652666 0.973894746052311 0.901410269189191 0.858165224927872 0.97397030040267 0.974510548128384 0.916142982592357 0.377648855320598 0.974551311375203 0.973827760172289 0.972798806065634 0.968330996499355 0.975383288891687 0.973523390902667 0.970729458996676 0.966201121750155
0.984725283143692 0.984486889033944 0.968252900562208 0.97030616016483 0.544647047472072 0.486768068125368 0.508348583227833 0.507046953759244 0.981420339496745 0.981746907538793 0.960876452705529 0.96205166879775 0.967491373133459 NA 1 0 0.938403949035689 0.984323653274708 0.985882033627279 0.925704509560453 0.917147544002083 0.984134167095059 0.98536124613009 0.924794383187231 0.48019343538685 0.984965269865778 0.983844106032466 0.984177351401645 0.975842590882125 0.984843666146358 0.984929313209743 0.97430701474325 0.983709466002664
0.993210025865862 0.993332408702645 0.975134592349142 0.970459656658929 0.483617746161348 0.482265714014338 0.404404264780998 0.48579628272608 0.988528310546457 0.963893773204477 0.970112912428527 0.967549484960506 0.973248311198917 NA 1 0 0.942136669742726 0.993065361591012 0.993091566257434 0.889741919102007 0.898158689744116 0.993098072122236 0.994531681994417 0.958945908905734 0.375787883783234 0.992449313202801 0.992792021745785 0.993742280451135 0.98473198573809 0.993131293242141 0.993396260709823 0.990566331261867 0.993280446202349
0.964284966436962 0.963333689277664 0.948866707438591 0.943235741903089 0.452799508735721 0.441992901209203 0.488627482427097 0.490141851642218 0.957891348141859 0.958556507074499 0.943368119713461 0.942780675758781 0.942633780365888 NA 0.959775422007166 0 0.921959166901086 0.962849649208568 0.963848335644595 0.90235399439412 0.883661487188899 0.963620165292371 0.96261160343617 0.908342370613445 0.412795045547732 0.963894282849957 0.963009324044393 0.959755866288029 0.959874780234368 0.963769804666966 0.964701131863981 0.953879061707207 0.954941880875104
0.970479867591153 0.972083541005806 0.94947122275832 0.950788200554417 0.511763758004586 0.55895849681603 0.551497345985518 0.589451391229452 0.964525678536387 0.967918837304404 0.947228751994769 0.948562859002467 0.95068765702684 NA 0.959887788944205 0 0.925636093981777 0.9702426790892 0.970285731557438 0.9059409283875 0.873724432111521 0.971021386493607 0.969518005424668 0.926647099673569 0.418818780029505 0.970241533504508 0.970038243505247 0.96182113275692 0.961188389619119 0.970524482038921 0.970701636763261 0.954494021040691 0.96468682959669
0.998599974610973 0.998480792472665 0.980799457631561 0.982132727755287 0.51434052485377 0.56529162316262 0.583268820310281 0.573847534643883 0.99446301587533 0.996046480586497 0.972999958779379 0.97819474321792 0.983233931003578 NA 1 0 0.965905683277251 0.998323205547313 0.99832077836765 0.94474033449311 0.928368268846454 0.99851795213311 0.998155745884663 0.963613094837243 0.473552831108573 0.998320780248319 0.998529668845066 0.990680035050532 0.995983811451056 0.998240726626189 0.998540178256409 0.998549002992812 0.995589652849593
0.996961350469891 0.996581911432439 0.980230425381674 0.983108425974677 0.501212612189688 0.535760570605295 0.505942057515875 0.612489566130136 0.991099927278957 0.993683868499041 0.977711131647015 0.97732415434925 0.983923112039477 NA 1 0 0.946600032046818 0.996564941359785 0.997121361754382 0.955680851583595 0.946167080425525 0.996642131329914 0.996383603791856 0.968522069271098 0.44912221992606 0.997324195768263 0.9962029042222 0.995885622486059 0.99158273183875 0.995749662479978 0.996046124861763 0.989795803635125 0.990360408818975
0.994087675919032 0.994209281862111 0.970729575559062 0.969077600739472 0.482472124650636 0.459613944765365 0.421774553755446 0.456179156248279 0.991106912090924 0.99109371015832 0.95566697686197 0.968106780800332 0.977087698316422 NA 1 0 0.936059003056272 0.993059739531771 0.994086869832806 0.915424381900561 0.884809321408075 0.9939260284165 0.993099722759322 0.935349860795212 0.407586133534248 0.993673871311896 0.993777645407207 0.993413811814482 0.987910578282161 0.993655728527664 0.993690448713442 0.994018492850091 0.991443611152947
0.955831189792471 0.955243252346666 0.93454803964621 0.938519597473841 0.469965511137322 0.381528089156813 0.349913317108511 0.473981499612085 0.951073033961263 0.95163950685461 0.93079784996859 0.933073830148572 0.936707734749367 NA 0.95999670863645 0 0.914010372646287 0.957029180423991 0.956024729018636 0.869146672986171 0.865361139960353 0.955909558763121 0.956896710452109 0.905758339529916 0.365893015181172 0.956771858992283 0.955830152858726 0.956156359530276 0.951248655621812 0.955872815917288 0.956417045625669 0.946888466658222 0.950576754565725
0.989905873802538 0.989382465978088 0.970513009861026 0.968494043256423 0.477346904325364 0.48692324529243 0.541276525398901 0.561119269127953 0.984989851792746 0.9867924815991 0.966899013096223 0.970193096303667 0.96674541738264 NA 1 0 0.931255992843359 0.989641322227509 0.990060102078313 0.914948981364362 0.907370740824996 0.987604843624733 0.989395591001422 0.951548053362735 0.41968259759774 0.988864746779963 0.990390828171352 0.987511486285399 0.985527971892267 0.989827310744727 0.98915368265713 0.99003400044265 0.978736515046367
0.995207977752769 0.996085573119241 0.979629224671767 0.973463027857839 0.439433515694597 0.474547431655049 0.46554520845062 0.514421177176636 0.989951236176379 0.988469084475219 0.97291072217494 0.968126143358281 0.976314101127885 NA 1 0 0.95627347287483 0.995497615472029 0.995443936340032 0.931964304737951 0.886350818203875 0.996004759466189 0.994693091788175 0.95989843202141 0.414581317803384 0.995426553454599 0.995083789270638 0.992937428766785 0.986677386800549 0.995289178480993 0.993463868896153 0.994926725326863 0.988588196346551
0.999759976489892 0.999479949061432 0.985287769142626 0.983535299142168 0.533890871997318 0.589141511505277 0.551605318834152 0.568682260101745 0.996920592951113 0.997330004279824 0.983331756724172 0.984233535769346 0.986894948287642 NA 1 0 0.97492285205264 0.999420141182289 0.999599960816486 0.950060319781125 0.925525140667886 0.999719972571541 0.999639964734838 0.97515582121856 0.488321102708205 0.999443535769856 0.999368733798409 0.999129085772604 0.998900971734334 0.999763979883432 0.999479949061432 0.998002093380924 0.991833069756478
