"U_1_Gam_alpha2F" "U_2_Gam_alpha2F" "U_5_Gam_alpha2F" "U_10_Gam_alpha2F" "U_1_Gam_alpha1F" "U_2_Gam_alpha1F" "U_5_Gam_alpha1F" "U_10_Gam_alpha1F" "U_1_Gam" "U_2_Gam" "U_5_Gam" "U_10_Gam" "Sylvia_Sparse" "FM_RevJump" "MBC" "DPM" "FM_Raffaele" "U_1_PC_alpha2F_01" "U_2_PC_alpha2F_01" "U_5_PC_alpha2F_01" "U_10_PC_alpha2F_01" "U_1_Gam_ProbKp_01" "U_2_Gam_ProbKp_01" "U_5_Gam_ProbKp_01" "U_10_Gam_ProbKp_01" "U_1_PC_alpha2F_09" "U_2_PC_alpha2F_09" "U_5_PC_alpha2F_09" "U_10_PC_alpha2F_09" "U_1_Gam_ProbKp_09" "U_2_Gam_ProbKp_09" "U_5_Gam_ProbKp_09" "U_10_Gam_ProbKp_09"
0.389879831745271 0.988940078939746 0.987702573254124 0.971401042025773 0.616664279670179 0.660954039172438 0.641965600697525 0.660885803533188 0.97672849177277 0.978855024357978 0.97497735461544 0.966748717229108 0.962257838267767 NA 1 0 0.330106963048362 0.391908905331971 0.98723109431927 0.987542739855391 0.761638436105642 0.746004062155435 0.989026676685163 0.987897724103193 0.753621151812713 0.738845541394036 0.989047522091163 0.989095189031449 0.924636531129016 0.988165137838753 0.986730623383329 0.986497846631461 0.910453806563079
0.99202157853212 0.5053260788626 0.991182072298957 0.975157135785115 0.676632151194656 0.666569244965217 0.63828266615048 0.679244028766509 0.982927121110675 0.984435708650354 0.976369029902261 0.97268798791979 0.969175455232864 NA 1 0 0.425479859667253 0.991799875166483 0.991740040068619 0.991662430364499 0.763510536813851 0.991912818589833 0.991334768344457 0.992217500645434 0.757768582853767 0.991837358710377 0.981777737613519 0.991530928744635 0.940496136675632 0.990784529223745 0.991735360782956 0.991019986210808 0.932858279496066
0.771985694683085 0.970182208211339 0.969630013326774 0.950695578737146 0.601057097251523 0.605528138553686 0.64884742411644 0.660216313183793 0.957486365675249 0.95891838363371 0.959001598785893 0.947508301175036 0.942829709924619 NA 0.979705566722049 0 0.343167085938108 0.782241618881712 0.964535480338735 0.969948600990694 0.749539258822665 0.781881316529924 0.7800474516998 0.969773880451707 0.73663380974355 0.841067849563055 0.968909803555208 0.969872743930055 0.910134604935858 0.777310618743819 0.893716669237819 0.970052875409627 0.880073240076221
0.351657333695139 0.156040308983728 0.959462467691017 0.936229197012441 0.570260881469715 0.538815184754224 0.539549679102637 0.599761430406368 0.945129334418821 0.931461816314964 0.938822030389705 0.934358836155408 0.929705127825623 NA 1 0 0.283494881496524 0.354580800837359 0.709581540831807 0.962150820218619 0.702411627944187 0.35731655414398 0.64917077982196 0.962972662299961 0.703949768637041 0.520262126850591 0.157045186653974 0.965107861558156 0.862906325443588 0.151317473487998 0.959415499505271 0.96508258135605 0.772466592492782
0.210684818179993 0.222016942835325 0.962703146857179 0.935308917179138 0.554849943380824 0.514872469599086 0.571351873421327 0.586593353185373 0.95320647460219 0.949979652179935 0.950296694179741 0.936123354511456 0.927175965361877 NA 1 0 0.287958018003236 0.963420099620729 0.958392488982263 0.966224164139245 0.684155448078154 0.166121893894129 0.184574091716424 0.964163074510493 0.7073337592559 0.177322162220013 0.350512307014017 0.963429677075432 0.868429035874413 0.255710053079673 0.7058348883309 0.966289798895394 0.777095056090441
0.820226698378604 0.813914344621286 0.939667291965263 0.923934430844369 0.516331516375538 0.540600010983005 0.55796536533947 0.587447879714358 0.937009786128486 0.925016760949907 0.928383974537522 0.916333738510305 0.913221904762955 NA 0.961267795051863 0 0.253797598355058 0.173887062569273 0.178055448961056 0.946633586246714 0.698508165548631 0.173261469196621 0.814938857874974 0.943102975872871 0.685593512116406 0.176048322923378 0.176238390521275 0.944355777827592 0.871907352687587 0.173832592091364 0.461408730597418 0.926557248834865 0.808103591676671
0.993611829317165 0.993150402780506 0.99327455886209 0.978639986059471 0.660929064393937 0.676599756868471 0.65769554367888 0.70001445335469 0.987545849205199 0.984605549226744 0.984482283137071 0.972572157732748 0.973909364956017 NA 1 0 0.283983969368612 0.993177952249922 0.993137125315355 0.992823996278649 0.781045596311894 0.99350199611873 0.993640614950944 0.993511389508422 0.769972246629423 0.993715119522386 0.993290736824074 0.993645821968371 0.943652887738632 0.993406062582472 0.993789827086911 0.992128356760348 0.929416698695769
0.515509342463279 0.983634943395539 0.985066473912835 0.965174003494528 0.601813992748345 0.61068255527849 0.626716818373711 0.671467790286797 0.976569591037816 0.977533500583419 0.973401700273534 0.964781400612843 0.959080890032346 NA 1 0 0.321456378256709 0.982520031734031 0.728851636528657 0.98597586811896 0.758954139984178 0.985777263227316 0.734295905559475 0.983746515713502 0.748405026388759 0.506856514342843 0.986075497962192 0.985024404095244 0.929259924752585 0.984058092980426 0.984557584070527 0.983544799940307 0.900964752744094
0.962479690135446 0.267204089494175 0.959829644523526 0.940806403888047 0.619080070694901 0.599387821175757 0.614743425738254 0.661081832071329 0.949350343556749 0.954056657005642 0.955237602988583 0.94191468313511 0.935633772479395 NA 0.972581949506475 0 0.342984235300249 0.326434192599043 0.926781812857967 0.962461986932816 0.729138544270278 0.960433485590308 0.961449638783016 0.95923103305605 0.72638214914036 0.962263724305657 0.962477786956349 0.960108015484273 0.906713185816899 0.282485099961857 0.401215657958525 0.95793818776754 0.88388211441634
0.979527481398823 0.801974115757447 0.980797979707089 0.959529813782273 0.613946861734559 0.604127857514303 0.593044087259931 0.677123219440496 0.970950231550629 0.973252647919209 0.963311626410207 0.957414389885542 0.955675103170475 NA 1 0 0.271161623635038 0.597550353084968 0.513448824480022 0.980801866172655 0.758691748067797 0.802326542580142 0.798936979135182 0.980251644038373 0.723522147352333 0.509639472075152 0.805724664715097 0.982212173565523 0.913907580149593 0.801396103829213 0.799313182668686 0.979352574054979 0.898951222770979
0.954099572022541 0.953316839275468 0.955702631536084 0.934521496465521 0.56289419592888 0.606586446852864 0.590744412871852 0.61808981701909 0.944977409787248 0.942356323154414 0.941229020687614 0.929369076827725 0.927283412925028 NA 0.977393821421497 0 0.308900598191979 0.68363353182851 0.953737373295741 0.954045118888314 0.709867210935072 0.681822123380314 0.955070249536143 0.955624600614641 0.713753623059602 0.954565768800325 0.953690823763826 0.955735042371269 0.872632340248959 0.954185169878329 0.955548333518828 0.953726097712526 0.834320471031831
0.991699359484175 0.992536315427302 0.991784246407614 0.979538007911792 0.708699295813825 0.630800720688972 0.726817741214094 0.711763834297458 0.985976242709802 0.987113500215882 0.983426485973013 0.972826038334379 0.974495471790814 NA 1 0 0.337769829704504 0.992899356557452 0.991259487652158 0.990684848772904 0.838101011052983 0.991315521330286 0.990957307438895 0.991895524484747 0.76322152146491 0.991647135459814 0.991060755259136 0.991802356143648 0.951642716065397 0.991094972091629 0.991156314594009 0.989898365655402 0.946163221729187
0.966212374509903 0.967523072011509 0.963872841057639 0.947836867624597 0.632363947224566 0.63055435657973 0.622827809941461 0.644155123539899 0.949735918596526 0.957701519512626 0.957878677231733 0.940266280890298 0.93882566980804 NA 0.977929120948417 0 0.412464220854938 0.966338342985165 0.966135870172035 0.966892801328706 0.744780284041339 0.731364202264944 0.7326507965108 0.966493708460659 0.732141039086963 0.47531410907695 0.481095529941272 0.966590352613338 0.901266416058114 0.96520016117852 0.686060570410584 0.966776792094372 0.879864916960114
0.967212663941222 0.969456866609535 0.968130065862225 0.94774668548625 0.572458901790276 0.635757591610219 0.611841036183893 0.63889679783754 0.960042559853762 0.960876158020321 0.956947694447214 0.940262437221304 0.939016437337986 NA 1 0 0.313048400167641 0.707777849813234 0.969200433735893 0.969287297339068 0.727885340721311 0.705324480491059 0.7089303685038 0.969337673726533 0.736560454127335 0.963333620162576 0.967831427900993 0.967677985044917 0.908929058821957 0.385483330812369 0.900236769357611 0.966738119293198 0.820220879897477
0.987803827727395 0.987555009136138 0.987800760413413 0.969222081251969 0.622983791804353 0.631539614353564 0.61642576817935 0.659204929132382 0.97983370180073 0.977506884195261 0.979371219634421 0.960926077756723 0.959777859742811 NA 1 0 0.373753291192897 0.987772876836389 0.987811558503307 0.987389175208036 0.765018890117047 0.987670536721805 0.987330707461111 0.987189686202753 0.739405712361483 0.987544470844021 0.98738387776798 0.988027962347345 0.912737459043387 0.987601248391741 0.987950809130891 0.986115739505822 0.903545851080529
0.980588268186017 0.980666085704718 0.980390450565791 0.961977341720503 0.583037892287285 0.672007403558956 0.613771609675387 0.644539833523889 0.968285231774421 0.973449335445076 0.966630841039268 0.95413244978305 0.954158349232727 NA 1 0 0.37341246001584 0.440622265967439 0.979797765230742 0.981016406193839 0.742662772436924 0.980230549282453 0.981531678091901 0.978912753437895 0.733722604687687 0.964644222442859 0.975828070966723 0.979455543795059 0.923253844020863 0.445482187569371 0.982171531131011 0.977973212594277 0.89766965440246
0.44579478212001 0.4460411940373 0.942398282224342 0.921492632055171 0.601335183965047 0.567762655012746 0.585578485262383 0.616832979421305 0.923796211607714 0.925467899003849 0.927836007413715 0.914253645985815 0.911452063466146 NA 0.97530939390272 0 0.333013904149697 0.587820868083576 0.942556479308112 0.948779237599711 0.719988642687994 0.61444592928799 0.500023692217956 0.946579572044544 0.717273420130514 0.317387033659974 0.72270452734483 0.947119943130077 0.876444311007141 0.732519443156259 0.731384056973293 0.950669286364074 0.827042237584625
0.993934207843785 0.994335034173517 0.994797471613336 0.978179390150971 0.619260312678616 0.612811896156026 0.665046019283251 0.706862944064263 0.989005522495159 0.987500147222995 0.978704699281846 0.974654862946745 0.972976686695203 NA 1 0 0.34932128071818 0.994319000019965 0.994347898485086 0.994879937114108 0.798570556459937 0.993739471995342 0.994961636466376 0.99390526901034 0.763503866210882 0.993953739424911 0.993879037529815 0.994942235039213 0.944477438926032 0.764859700107183 0.993514164063508 0.993990304356468 0.92179526324008
0.361229335826438 0.963588007979561 0.963429408370997 0.945558449625771 0.605887899296856 0.557051855503523 0.612925599519915 0.6278046759362 0.952804433457176 0.951753191777554 0.954832028747676 0.940412983726588 0.934186818048722 NA 0.973564853843777 0 0.220939074991625 0.96260272886442 0.963177212068926 0.963122269500544 0.722652131638821 0.9628067833246 0.366664153670827 0.963279009953358 0.716591364891939 0.96225267674364 0.961956708742802 0.964414540664696 0.889289233531662 0.362586705991076 0.9625026494254 0.962348783933264 0.85930955265243
0.981944083557853 0.979684925197221 0.981793688602126 0.964818753845624 0.612154945551746 0.622354182216611 0.655681650694414 0.645876381921459 0.973515983305073 0.970901233558238 0.962274582034097 0.95800739649378 0.953541298965883 NA 1 0 0.400519013859745 0.98238649503244 0.981219340916112 0.981990958481231 0.75792121313924 0.980983776171582 0.982433158813145 0.982183251048272 0.736202189740093 0.981859117792505 0.981300214884089 0.98222773180338 0.907598065623454 0.981267319256191 0.982698706149173 0.983111056583761 0.899878633221776
0.982465622730852 0.983416632978263 0.982094533799024 0.966519177411979 0.595367225119162 0.642152532417108 0.654473473997821 0.647083990664981 0.969117457163657 0.972085042581477 0.96591288795732 0.958503619631036 0.955365646305011 NA 1 0 0.310825025430131 0.980686209849664 0.982402476776496 0.981878273730172 0.747569100954805 0.982736529680501 0.982771681593017 0.981918222315452 0.746863020250687 0.983102397821982 0.98097847558888 0.983461517197528 0.921801501331284 0.981448975803098 0.982338301641613 0.983210464225669 0.88941167192384
0.969081431851301 0.968649928155396 0.969013692506664 0.953378883594693 0.611948720727486 0.639600214169845 0.638736186869894 0.677626997417228 0.961009733830715 0.95613622201074 0.954636917857699 0.949239627101221 0.945630675091976 NA 0.974316241267522 0 0.34480547602248 0.969831233675552 0.969995181148956 0.970261999286335 0.773147336310781 0.969756183219249 0.969462215478 0.97040437890516 0.73985828048727 0.969957125593183 0.969350127809105 0.969931494921739 0.899576228123424 0.969609700319661 0.969780774251855 0.969525070530203 0.895790931780387
0.967013150470148 0.965903481016143 0.964691360464263 0.949319814295714 0.65561702125723 0.660566221967275 0.657082913099575 0.671726404422922 0.957660609100808 0.958736213652089 0.955006458693122 0.941716976596795 0.942599438937651 NA 0.972840379027599 0 0.365417510514579 0.778580445831029 0.965170176262475 0.965629215766293 0.794089981305517 0.965668426252254 0.777934607271098 0.965391042227626 0.757393197222118 0.777994221968637 0.964249658194166 0.965424317556703 0.913062868571352 0.96576562325912 0.906965234713069 0.965709095293577 0.880542129559287
0.98750297524323 0.988556831215937 0.987934154192909 0.967600209990178 0.620880130496182 0.605456713345852 0.622813340296853 0.638342168919032 0.976778805124034 0.978716381740106 0.97608645774527 0.965716996861117 0.960716876497995 NA 1 0 0.273895926105735 0.821927567250736 0.986671201077431 0.986489832565476 0.745979225329665 0.987301038877816 0.986882333903555 0.988880509937642 0.751063884131204 0.987694986013303 0.987223252272834 0.987306716282283 0.932652826857037 0.986516351439265 0.987551355400866 0.987476868889277 0.913268418671586
0.228316269591082 0.445457455650583 0.961943428622823 0.939057621806369 0.561980642385873 0.593636988204561 0.590067257036485 0.619304242185467 0.950620825398527 0.949055412173822 0.949708978318643 0.936717346697826 0.932902941001565 NA 0.974143546968079 0 0.356177002718042 0.960185974030095 0.959375790787922 0.95904283201721 0.725356648890741 0.960967712507718 0.959424688259601 0.96027802330075 0.711387139317923 0.959619112547675 0.959443293663396 0.961019726554772 0.89018632342505 0.962252822256708 0.445321498382094 0.954392779614699 0.883233700765408
0.975901297411936 0.821309524693992 0.977136034560541 0.949657250375957 0.550419234273651 0.554876077725384 0.573744749752292 0.623986045905971 0.962813446661579 0.960911282817252 0.96307970652105 0.948709606057292 0.944213283909694 NA 1 0 0.168588680712272 0.97467142590295 0.975477646984994 0.975338977485608 0.689955221637066 0.976035768243269 0.822256172564293 0.974580466629034 0.681818475239147 0.910698185574941 0.975408164922004 0.975851458901959 0.8900944282447 0.152710219482683 0.711060860842728 0.975435929416933 0.869833090113984
0.519793379593592 0.51496487236408 0.985704835793741 0.96933430988366 0.640490456193615 0.576417283580939 0.646812909649864 0.651117634994274 0.973898506527283 0.979310300609132 0.972903546268589 0.959997944500619 0.958523269213466 NA 1 0 0.394795285113922 0.513513268316622 0.514674938565438 0.986588426743483 0.752284026351082 0.986445648518558 0.985459400898581 0.986500253076199 0.738279889995132 0.987361458879797 0.986472952555951 0.988179548394856 0.931848691186644 0.672720670998298 0.985571494955814 0.984869258960242 0.860173443200742
0.841657688791414 0.971149430297275 0.97242624585584 0.952162854263415 0.532020688421991 0.606928263552804 0.594947978117512 0.630577421938527 0.959512103296403 0.958580467524453 0.955917775175402 0.941392135672623 0.942561395633324 NA 1 0 0.26763610470809 0.971177407402524 0.843390115623672 0.970198377225793 0.721212218235574 0.969272391368478 0.971193809579997 0.971885024015719 0.706092238998335 0.693086015096232 0.970368301113589 0.971276567832519 0.907373467031395 0.841532900556469 0.971531516123115 0.971669975880554 0.843893972786893
0.0546599636730349 0.131200966610382 0.92135742312959 0.893040830444681 0.47802963030623 0.48601777146817 0.504212827428758 0.565117449008836 0.911696510760048 0.904083763946708 0.89727221663521 0.889718108778907 0.882314943535564 NA 0.947875854385247 0 0.209115277991544 0.0914556814196314 0.133024203976206 0.923278315639313 0.633736805567583 0 0.134052530720589 0.923623285769307 0.662256382311711 0.0618427175548788 0.40889716792044 0.92315424353189 0.776788045762747 0 0.132980439732682 0.921854975088208 0.755703387840943
0.379903575740791 0.391228826587814 0.961496036261303 0.939359465929353 0.61516775621441 0.584647203553684 0.568911022105795 0.604220311430045 0.946973279432838 0.944387353293851 0.939630685353837 0.925889375076044 0.925966439117312 NA 0.974785883762415 0 0.305764002399866 0.379832164632278 0.961925619327555 0.961119487654781 0.701168663073485 0.955483933509352 0.392382932023941 0.963050493716769 0.707328842035876 0.376010887540791 0.812457323737225 0.959706303508882 0.88325080533194 0.382761873637483 0.382560363241219 0.964186705700905 0.843652153707152
0.209437859067329 0.445363566776447 0.945914999180024 0.927173134155052 0.576660849982538 0.575997035674773 0.618746487862749 0.652417474406197 0.935036372413942 0.937477431217513 0.931341304522476 0.921289369955216 0.91622570333421 NA 1 0 0.332589021253803 0.946738669644592 0.457366639794581 0.94920860102954 0.708530750939077 0.740326270329637 0.946917549612342 0.950232404342642 0.724462122734371 0.916148156250142 0.370780135674933 0.94842547070942 0.868324745872382 0.945512356687354 0.213963384965229 0.951146224348792 0.582310909720329
0.978361770095735 0.977733946983612 0.978484256829815 0.961885291464173 0.569995413953807 0.620626336809193 0.622082472609515 0.649174095975378 0.966778705140054 0.968045162165197 0.9646653453004 0.950577690174817 0.950352878292514 NA 1 0 0.385849094678639 0.978347977042624 0.905825276855863 0.978629398343179 0.725580961215947 0.483405371638254 0.978576153862901 0.980933288667107 0.729147911604654 0.488288245445162 0.97862944272591 0.979636651244097 0.918467175201783 0.214234884841754 0.977375411235949 0.980654266945367 0.870535286079826
0.984128349858317 0.745212349565322 0.984555872099315 0.966282901318179 0.611399960409718 0.617619759005795 0.618501046046512 0.661017689252333 0.976275236685823 0.974478955567443 0.968775296336479 0.957158673687246 0.960751896890317 NA 1 0 0.274345545776998 0.984822729004468 0.983721135258178 0.984860735700902 0.758839293486574 0.983831226803774 0.984680078316269 0.985355375189355 0.752273274661963 0.311730575318051 0.984690168866295 0.98333676504747 0.931575933090711 0.98348350456222 0.572074267708517 0.985751903858704 0.896879155279085
0.773152612943444 0.989305695104378 0.988570483322319 0.970435106949645 0.613905618879235 0.630214347730834 0.661746539237252 0.664390524555558 0.978282300728832 0.981719110014141 0.981177184906898 0.967756493874367 0.965647013451375 NA 1 0 0.293693951705373 0.772640737431312 0.989821526179909 0.989618320192862 0.780406786236518 0.989682424348415 0.773134845644636 0.989356641478914 0.767239480127654 0.988824258108439 0.988511191575488 0.98943820442915 0.936086057852734 0.772719766971358 0.989132657448379 0.990239494295931 0.924235203604471
0.217911427486228 0.179536839166247 0.902385460409245 0.884602484875704 0.522308409645262 0.504587636022237 0.553455363003878 0.57390461718719 0.89147837800089 0.881928306020091 0.882908315452427 0.879982103973429 0.86878545871641 NA 1 0 0.312777561772869 0.175930152446667 0.753299011261989 0.911664840859726 0.64676094818682 0.175659985382691 0.202277304453119 0.908541460163377 0.669353293585344 0.175788809367181 0.17962099542089 0.912166721997975 0.763209738311683 0.84787380495388 0.752962170147234 0.91004359996326 0.553284014827027
0.991328280112493 0.990639674028238 0.991477875354393 0.974992074608991 0.642558018918226 0.636062032663135 0.703888577105323 0.700154254402346 0.98442968103974 0.979844626065346 0.982887820442794 0.970772723402248 0.969774856740452 NA 1 0 0.333885516261947 0.953432579540224 0.991124619884905 0.991891480584084 0.814853223279767 0.991913060179183 0.99157346558201 0.991127855668133 0.779916557855105 0.991058051038893 0.99066978045171 0.99116734641698 0.937041761410341 0.991007278588518 0.990730419651887 0.991683901037499 0.888842369311867
0.780261056488831 0.980743555214609 0.978934909034478 0.964537854107687 0.635251887196809 0.641395123388287 0.654442644213079 0.684617959768411 0.972759125342653 0.972299128630365 0.970216419650784 0.958405412035057 0.958145682022552 NA 1 0 0.337688862979502 0.981848703756779 0.980715040235092 0.981059664028878 0.771693542544356 0.980287666497297 0.981574585027238 0.980626757946708 0.745291910163652 0.979749314641294 0.980627375858753 0.980901161861326 0.921010505494874 0.981918775216958 0.980214403340963 0.981003237770988 0.907471302944785
0.772453684804281 0.978054111676516 0.978899635206388 0.960645379705776 0.598501253701799 0.587325369752545 0.65816644926907 0.675535299630589 0.969588391135782 0.965458121830265 0.958944066480721 0.954681510566873 0.951513343919345 NA 1 0 0.30873059513773 0.500246353100297 0.771978708922692 0.978623158800785 0.734279181137135 0.776809357888397 0.767641380031885 0.979060616728066 0.747261710727258 0.980033980374525 0.978721827738242 0.979422909293846 0.919856685128384 0.976913684468357 0.977321743050299 0.976281826258797 0.596565936141487
0.1466429544268 0.21104352293781 0.925749707346961 0.90977551477483 0.501418652876876 0.550183524530359 0.549687974432116 0.583562563688059 0.892519622819715 0.888536045661493 0.917638222497879 0.894858986205856 0.899028761398954 NA 1 0 0.272234106835164 0.142691287762116 0.148125607046594 0.946448854028576 0.689082124391281 0.249707103407097 0.191699257217064 0.948450260863645 0.697182314495084 0.442255893471545 0.702741769920572 0.943004922181148 0.816971066114129 0.147953632331686 0.241422097336904 0.949674657836283 0.743829106541612
0.228593317785431 0.234195171541736 0.933469667118954 0.919052494415659 0.561299688161387 0.572384433253467 0.602822938143972 0.599026135436371 0.923898446154978 0.915397531296203 0.92029023372499 0.90532942626328 0.898263244844815 NA 0.896340532205431 0 0.365815409610875 0.228356525033803 0.506349220478343 0.94130986086722 0.658167509593144 0.245675871628005 0.519449326643706 0.942736149759796 0.667047535143437 0.26455740516663 0.391200794841392 0.941543065822549 0.825495244736885 0.231369602169232 0.620455699739228 0.936919455722038 0.778327860573647
0.992875161217822 0.993257923348716 0.992394317628463 0.976735783924221 0.628581154923778 0.647995990690384 0.645700189203013 0.696399845174364 0.986548360597933 0.982559184057257 0.969723038737269 0.972890742909975 0.973701174877538 NA 1 0 0.272476651466542 0.993132595372771 0.992791383855361 0.992048786206466 0.809138242691274 0.992214115566998 0.99200476726736 0.992208442054894 0.770988798779495 0.984178423734818 0.731858806015292 0.991927126519304 0.947385724351952 0.811083944021904 0.807653430670033 0.99302019699457 0.922721166074612
0.95695513952929 0.74976137460919 0.957511372024604 0.936555932034309 0.581801359227677 0.538110376445378 0.631953343376578 0.599539712633882 0.947594652820738 0.946475113005863 0.941412361411931 0.931216796843225 0.928916949552331 NA 0.973324721046889 0 0.388361182101182 0.403341737689383 0.487377729978086 0.957381664730445 0.69166373977646 0.564561141170228 0.807611444061627 0.956940624449785 0.699944492281971 0.734799888474269 0.734234431071186 0.958184476314887 0.859945993404253 0.73488079217169 0.793010922870508 0.958546149318401 0.847572151310591
0.535100224429488 0.51520952768575 0.927208835259439 0.915875702223584 0.564406303724176 0.547291505465095 0.618707224542179 0.629629415231368 0.904612412233112 0.905074028251808 0.915883703766905 0.91418256455133 0.902858486407914 NA 1 0 0.376873394406087 0.51568138546738 0.515152888961106 0.945775847467895 0.699668993627878 0.627285720514867 0.515966154566258 0.945041494057385 0.707798575571858 0.514926371250579 0.517074259206521 0.943631001105597 0.855937146691071 0.516171169761405 0.717003595478766 0.953098347749833 0.566054375503096
0.781073404413232 0.777895494946874 0.953013692996115 0.929762963413301 0.527363696871583 0.559339275089379 0.555843847410989 0.623570314920817 0.942630705042219 0.939992877778258 0.938996360387743 0.927186276664436 0.918759283769227 NA 0.978982887554396 0 0.347699197065425 0.779470191311023 0.936034768189825 0.956727444394473 0.697926345801605 0.776100483944005 0.383621926855099 0.955549544212914 0.707705560180392 0.954029575507774 0.938835126820695 0.956223457931885 0.855121284679835 0.471021106373139 0.392267638082471 0.957442562326734 0.794017014317804
0.819922844153899 0.820566624186227 0.969524349439254 0.952863571053849 0.591353160813932 0.644170832039895 0.64074974420154 0.686072670043421 0.960154208803056 0.960160115892139 0.962400216980644 0.949669888855845 0.942469749889317 NA 1 0 0.420014892984223 0.970854060829757 0.969249860733517 0.970301544638189 0.76135120825882 0.819928586434666 0.821221796778744 0.971855002982717 0.751238828728993 0.820857974175226 0.945189475031871 0.970631281598358 0.910343881599747 0.970733387045045 0.820733408707382 0.966493909406108 0.893520319840425
0.977725965930054 0.917950376840944 0.972827128678901 0.956121835436207 0.558348958250861 0.61422524214552 0.589929881669147 0.632156736201103 0.967084673216903 0.966484110237612 0.962206816586157 0.952027492616712 0.949302499096687 NA 1 0 0.200916166256644 0.823219688679553 0.812843072489323 0.976929351358707 0.698796500812798 0 0.824913014379682 0.976996972209554 0.710396906314987 0.0421563887380066 0.824562612706346 0.977002355356161 0.888777086068524 0 0.825356660298034 0.974415476627535 0.852479459963697
0.455832915674555 0.45867490976859 0.965482930513585 0.94541380923263 0.565769663649327 0.582310469730095 0.594484111575697 0.616146746597696 0.95694268246119 0.95597181472346 0.950258089834565 0.941830007523944 0.938554973944041 NA 1 0 0.357197256498129 0.45903469657135 0.964604940264296 0.964806522354351 0.694332504965745 0.795236151668873 0.463378443977881 0.964746203351849 0.711547008624859 0.460110609254141 0.57507703528712 0.964474528533196 0.894912212446185 0.31063471870949 0.496435881836744 0.964590349479744 0.858456964348263
0.186937665794524 0.494813284644995 0.936663308490365 0.908854997431005 0.511237414114895 0.53784163831526 0.553618322916013 0.551815317001315 0.91923298613192 0.911473553932346 0.921771673137306 0.902551990525752 0.887682889398142 NA 1 0 0.353476242729565 0.385542060205134 0.39188647575558 0.940064286060647 0.642398628939277 0.394058732206919 0.392638563904776 0.939613688398869 0.669260736145344 0.385305702055895 0.392355863407212 0.9414405062994 0.805208606752167 0.185449120953893 0.209175011646686 0.941026485243536 0.745282617982088
0.981307682398173 0.980999240182669 0.981825122673574 0.967742972097177 0.646611699808156 0.633059152756772 0.642131937178143 0.697932002816183 0.975355571340042 0.975816369999161 0.967475860215498 0.962035786623039 0.959755133380682 NA 1 0 0.364294445959944 0.98158498118658 0.98145907206913 0.982064005174089 0.79547286049534 0.983228737507364 0.982121956399951 0.980466660492293 0.76456660054813 0.981789308967223 0.982551137718732 0.981841558155842 0.930172523675093 0.982997495272045 0.982630493252441 0.979279767666464 0.937519712722013
0.979342974766366 0.97853181132043 0.978769695177606 0.959619944450331 0.602669999298693 0.570697316337671 0.603126875642464 0.654559491891516 0.968120735265695 0.961087045175858 0.964000552974394 0.953472540807377 0.949897538644234 NA 1 0 0.267077108075552 0.534893301762958 0.978963892021013 0.978279316046338 0.729201223365714 0.977951197357827 0.978408652730403 0.977263319410256 0.722172495433088 0.978551371556933 0.97914290045377 0.978699231707844 0.916905829653015 0.979684987534197 0.979708653268258 0.975615819791734 0.870374419816261
0.97941501836406 0.991183072723897 0.990148386048337 0.976665798787247 0.697175960471062 0.650732071199576 0.65878175961758 0.690752528594475 0.98203810085391 0.986059632360162 0.980618485694438 0.971476555570437 0.97361954843645 NA 1 0 0.301886536440755 0.990467404990765 0.990664577180166 0.991641345797984 0.798910013804153 0.781253272911103 0.778434503379461 0.989865348310756 0.779608851084572 0.967311139753152 0.990910014622614 0.990215439237726 0.949991710268324 0.990874052881701 0.778628794616862 0.990960560609773 0.943468015773456
0.973120698760671 0.973099372234151 0.97275533562174 0.94949013212715 0.548380790183347 0.565091717479763 0.568623334318285 0.618211702855559 0.959499065525188 0.961643804867883 0.962317006055753 0.943336811441175 0.936379085672052 NA 1 0 0.263402055719859 0.973301846072034 0.166492471454392 0.973508409984217 0.728579629678404 0 0.973813194978678 0.973710452275544 0.715753006470105 0.974734823481588 0.67467905030165 0.973910305971439 0.892217360376739 0.457758500378485 0.97393081029311 0.975168021671547 0.835296323553391
0.978645891529074 0.978448518692066 0.977940300450287 0.965410371886281 0.624805866739249 0.643944800879101 0.681010522050636 0.72374870859376 0.971650230265402 0.971510063052412 0.960947568657835 0.959341457678233 0.955904700281637 NA 0.97899903499698 0 0.25701052823572 0.978880552415056 0.480460872752916 0.979518856984748 0.776109660056639 0.979398121040644 0.789238163286516 0.98026654980057 0.755128680341062 0.979937822353109 0.979094936642034 0.980341288220043 0.936972312477854 0.978220214981625 0.978120671446041 0.978471726093823 0.88248781654403
0.449561132374682 0.714731370339722 0.984390877882182 0.970814117521488 0.648864094705221 0.598247729954022 0.648209465620481 0.676200648984495 0.974582376754366 0.974519613639963 0.972533683905556 0.964782508798945 0.960091712835514 NA 1 0 0.23762824407121 0.985455107782841 0.985206436298493 0.985722293118625 0.784984898687142 0.986883349679833 0.717761499995632 0.98614455319294 0.753522934232149 0.98484619784868 0.98543028391887 0.987366822123139 0.935080647960708 0.984854453863851 0.984479860104444 0.985805605649641 0.902193293237034
0.795142112881848 0.97920180038763 0.980722204715254 0.960448806229378 0.561547258032186 0.605158168462918 0.584451836689958 0.621875850614752 0.972954538934756 0.970091431595516 0.962401419093131 0.958758851678979 0.952725146460673 NA 1 0 0.357783948986439 0.981201670991117 0.982744356941817 0.981210401813759 0.700520444392021 0.796277474823015 0.794698722549697 0.981180370518852 0.711901958925727 0.982683079200956 0.982114214628872 0.981386098207453 0.874735978336585 0.964831161766101 0.79238086689712 0.977661612560839 0.835184790409723
0.997257925165768 0.997495060803981 0.997250900715182 0.984998659383523 0.717289615691571 0.659602589834317 0.715663060055646 0.719520319441841 0.989193776220424 0.991472274090713 0.98760492534429 0.980786095139982 0.979351907819484 NA 1 0 0.238731833193477 0.997935047930139 0.997272224339245 0.997772825183357 0.840278248902581 0.1735589079363 0.99787724559725 0.997561107166493 0.780422000316558 0.997666036589464 0.997356615875833 0.997351943283864 0.963616594035666 0.997499239888403 0.997101577343216 0.997219524747616 0.950444508048982
0.000653793693345613 0.720596822046465 0.967699099716563 0.946781149398346 0.569622910979916 0.575093425906038 0.603173802058809 0.614690209620321 0.956132831005323 0.955937480786391 0.955499312303081 0.938089915435127 0.931454133093752 NA 1 0 0.207225482642425 0.139714757341257 0.971289146773354 0.970192861793635 0.702657129903773 0 0.714929112395854 0.970174419687273 0.70280846078566 0.928369010799516 0.724890781020204 0.969410097435446 0.888742864011681 0.9676290352625 0.928932295461885 0.970777774735508 0.847747191263417
0.84474817920829 0.850065879807753 0.982119665595534 0.968952968654588 0.680144706233695 0.689145770761677 0.716848029195043 0.715434379371651 0.974634434017389 0.971275420315406 0.96952946897812 0.965833943947539 0.962614612571604 NA 1 0 0.418078179872925 0.846217209750867 0.847151256413281 0.98096131732202 0.842752821378041 0.847040342555907 0.843624457366799 0.982775417956316 0.775853850058125 0.878778954827378 0.846167925264676 0.981381037668529 0.944499161288057 0.868762780706109 0.846007983365749 0.981347025714758 0.936111969660839
0.728166063896646 0.725697366356235 0.94017322018068 0.919197152708421 0.566181410114957 0.560765722072351 0.599750255311437 0.594325629014699 0.926820347184525 0.921189292006567 0.926775802615334 0.903894006651908 0.904373858677451 NA 0.970714677618374 0 0.2308645078483 0.0194528430841469 0.770094879236793 0.943595992017305 0.695220230786698 0.746359753067113 0.374407057869846 0.945020757957274 0.700697707314659 0.724738930358264 0.940942013457163 0.943100839483944 0.857297687803894 0.664551574406896 0.460765711761458 0.944958913447713 0.808617111340813
0.412333942207617 0.978614510341801 0.978151895758885 0.956601168457858 0.581789758278833 0.554884579399779 0.581082231152033 0.636944090048978 0.96542814319754 0.969200715673097 0.95682914285205 0.955127203008193 0.948535180850378 NA 1 0 0.231632028091101 0.978455071746594 0.980051471871693 0.97943030672643 0.722162680835407 0.772652080669309 0.977904561241928 0.979573026139411 0.717938474158743 0.858743155772468 0.777671294715871 0.979663770009091 0.90111888574982 0.977700856728397 0.978200091584325 0.979996925590749 0.83542837401109
0.978001474260556 0.976230844136812 0.976719467487462 0.956422563338736 0.590678277808314 0.56226220088275 0.632526839029092 0.677945200243446 0.962951385821724 0.968181564075584 0.967988062666824 0.950314718350743 0.945199954736548 NA 1 0 0.273813617722744 0.977212000093731 0.975718697253937 0.977327184767401 0.739592920979608 0.975170452969086 0.427996534033742 0.977665053954132 0.728667630595935 0.977386051791856 0.977111509868512 0.978199476751803 0.907546515583925 0.977682889105101 0.977180862294512 0.976968994516602 0.880030346561885
0.96723387447064 0.966828953182474 0.966681394944507 0.948748386513238 0.589184850450769 0.579849450620154 0.639768621826011 0.651518734426332 0.958333563087946 0.958109413195238 0.949111324186844 0.945569865088366 0.938961329590795 NA 0.969400152147667 0 0.271456355903647 0.966238682369576 0.966908215842509 0.966277527945674 0.754894348173844 0.967607025568327 0.967065521617624 0.966671504300472 0.726820431346069 0.967481708591719 0.967175332777355 0.966272338828418 0.918128602949058 0.966250763142269 0.96604165537048 0.967256303457144 0.887297880581921
0.585894939079707 0.447124557237713 0.976130391734758 0.959259577454784 0.648426828870056 0.633691149586023 0.62185235144079 0.674911508781893 0.969885601302612 0.969333562675961 0.965541156657231 0.95494761215716 0.948449556398476 NA 1 0 0.327490582405689 0.364509683436262 0.449776733410434 0.978823899075588 0.748391426841448 0.261581789268219 0.263629905257068 0.979094233083602 0.743848910417399 0.259692683045549 0.465857195448216 0.975896451471131 0.924922152319316 0.262818938584506 0.72900577397991 0.979879318591786 0.872676091924789
0.971168332773569 0.760597173920258 0.957833469031381 0.955143570149414 0.61883472822373 0.57896034974896 0.595768742737983 0.643961081724747 0.962052892255602 0.958030196537945 0.962834026991712 0.948135891341987 0.946572633519048 NA 1 0 0.363567510875373 0.761753971472628 0.213504091605056 0.972289888832523 0.728031682943619 0.210745945723902 0.971579812479433 0.972895106491594 0.725717400079069 0.764524898774562 0.924205420058446 0.971395981913564 0.90377453886595 0.458288244942667 0.761434628800899 0.970650896548452 0.881736895658677
0.504839476428509 0.674232787707294 0.946251507300695 0.924627504457547 0.612587858766728 0.602557514920173 0.629344497041286 0.65997466987059 0.934918435991946 0.933194934980588 0.921689299413852 0.915290530762377 0.91632795274505 NA 0.977045767030766 0 0.336952613850959 0.567744831993049 0.841000716201445 0.945223536446946 0.716123574474088 0.541883475613782 0.716393952689074 0.946689988357644 0.73163921615686 0.506375531081016 0.50692967189777 0.946802015150191 0.867269173444823 0.506967329628975 0.694890827732374 0.944281187588946 0.840747872632768
0.997018159645159 0.996684421861145 0.996751941791879 0.985159523258604 0.657703673833131 0.60799616726888 0.680615902495422 0.748325175989144 0.991250642211213 0.9900759420953 0.991301665899708 0.983235866706854 0.977758840987835 NA 1 0 0.320607915403498 0.997019161266395 0.996934368003151 0.996563683929393 0.846356376608988 0.996875392639415 0.997270331201005 0.996837052236634 0.780844327165886 0.997234535650298 0.996290072371695 0.996840716940666 0.959884535269479 0.683086977083763 0.997320491618378 0.996672859470946 0.957415080330328
0.756871854523688 0.988023528234111 0.98808297787692 0.973805581286958 0.603247353459243 0.642736282165274 0.665913038818584 0.696104674865031 0.982466442573907 0.979529818102748 0.976747764703091 0.970279619396285 0.965641220803503 NA 1 0 0.204650172887905 0.990020849836621 0.989017528469698 0.988827737183808 0.786889635688314 0.988738190647172 0.988814626692346 0.988601232331074 0.739009022442222 0.989596740157422 0.988234819027231 0.988957873742889 0.945853661823005 0.987842175749851 0.988132203894634 0.988493708637022 0.901914070293692
0.994436280288483 0.993693181546084 0.993668832588505 0.97781572648916 0.608162087911106 0.643711429239646 0.661584193557993 0.677700610674237 0.985852543283529 0.987560965691523 0.9812626846511 0.974253429569165 0.973096424530187 NA 1 0 0.291449562534585 0.766944024109282 0.994034840872229 0.995081618666436 0.788318961188037 0.994313587865518 0.99393801373746 0.993781526943905 0.736446415572051 0.513467716486836 0.994488562858631 0.993910781781548 0.947590527487183 0.993824854413566 0.994196474053728 0.993388729791677 0.928435111310843
0.850644949357738 0.990036590592284 0.990233273153783 0.971472895395129 0.623963605159773 0.60152802635561 0.624465881438403 0.645999071310867 0.980091848684833 0.980917090760956 0.972893833525294 0.966338267448856 0.964300923743686 NA 1 0 0.357129948159838 0.991166513241602 0.990044827359482 0.99066652652799 0.738124456187393 0.989480425703152 0.989534303688603 0.990411911642067 0.740372726806907 0.990085239708475 0.990017845131063 0.989530539724949 0.927246554077919 0.991650624595076 0.990035096156473 0.990363331011072 0.910462694102684
0.837719901766301 0.835870704370328 0.977659574305425 0.961276068713765 0.64288518123517 0.633878599689913 0.683466201094791 0.688698149491969 0.965170677468561 0.965739321389392 0.964060505257057 0.95453899838796 0.950380899683693 NA 1 0 0.290792679609549 0.837338747980191 0.83587024308883 0.977022437548446 0.786175519584373 0.836502016748385 0.836971032641485 0.976788543125683 0.759424552617779 0.975725389812478 0.835947314910575 0.975225834142746 0.919047963390935 0.836323157798171 0.836585945510253 0.978950530637389 0.905612464755963
0.977590106749104 0.975428442881885 0.977622172228332 0.960009223047558 0.62841340397265 0.716820736115328 0.630895946008144 0.670176857811345 0.964810670175689 0.972402717625229 0.965120023752211 0.955547905135205 0.953795782895513 NA 1 0 0.329043289723713 0.977544266359165 0.734890571423645 0.978604171968648 0.782618605160867 0.978135908954056 0.978438256192067 0.979493242788308 0.752105592707455 0.977562642564238 0.979309146526196 0.980136879137724 0.926655538931258 0.978525652089769 0.978117339059188 0.978974321363265 0.891807650487845
0.35322406674024 0.692282388284507 0.966965344430496 0.951566856362554 0.598828120535907 0.621032432079981 0.586262667326792 0.599367585612056 0.959256147975286 0.96324020647927 0.958759229053691 0.949821569529284 0.941771681704242 NA 1 0 0.286131961920906 0.970815201784268 0.974701828255356 0.976099359355758 0.707610508803675 0.689074150139213 0.692692271536416 0.973334277622297 0.728594555394832 0.571230249386677 0.174772750977904 0.974169348967357 0.860124109955986 0.157096861318832 0.97530103692641 0.975856917935251 0.858578117248952
0.935179691926099 0.986679088844062 0.987287622402154 0.972580558797333 0.624743809410763 0.624603853992451 0.613273387467757 0.719824856673792 0.977739805060052 0.982335828422537 0.980189618360356 0.968890621607451 0.96271124865168 NA 1 0 0.369369418156488 0.987795301395752 0.987053578785155 0.98829697806926 0.777154653804038 0.988750510971049 0.822504017460274 0.987576341698466 0.747744612621506 0.274802859999804 0.441726410652606 0.988694747194969 0.932453415074925 0.275067886160176 0.557627745084305 0.988659984127878 0.91698982695178
0.194000811503417 0.194023974851513 0.913117320562233 0.904289261743302 0.50270294584617 0.535320728156136 0.558995827817621 0.584854162389706 0.907571636716914 0.916438648977982 0.911207039643976 0.894687312611635 0.89241712196409 NA 0.948570953613424 0 0.274421936848462 0.194516770082295 0.192165299914706 0.932152756592893 0.665065652872605 0.192560150428683 0.460536152591191 0.935299639658173 0.687065438233917 0.204819498768309 0.235255406278133 0.93378898082378 0.81714992901535 0.193400769113431 0.193892799406885 0.936593241653053 0.755886747873138
0.985659746014612 0.986173886165772 0.985059039409 0.969516391582375 0.658459276622839 0.624854214892313 0.671804819521681 0.705903323628819 0.978626343339811 0.978154807065462 0.977623814563134 0.962709445143927 0.962205058732531 NA 1 0 0.341204212956332 0.985136010620364 0.984346459947279 0.985918380427905 0.783815948459306 0.983986889366617 0.985123438803404 0.983869143379995 0.773505588977926 0.237970015233984 0.922920507548778 0.985572211079241 0.932859540618986 0.985672451467575 0.985217210496083 0.985238214012377 0.896536855195003
0.977805764359727 0.978194012494095 0.978107912592105 0.960788983267125 0.569206784575724 0.558643676042067 0.595831010119109 0.637722356025446 0.965011440831412 0.965027127326476 0.966457628155913 0.951582091655877 0.94484520559296 NA 1 0 0.302545211831841 0.97836636802514 0.976899624990663 0.978972734199799 0.711698425052048 0.819574375314799 0.978014720005683 0.978561463799323 0.719660421761073 0.426266386662672 0.977992266748382 0.977712157201807 0.893781509934824 0.785342707049044 0.934668864210556 0.978576205933844 0.873001170208283
0.867050430367294 0.986925360578798 0.988191413186811 0.973821237749634 0.653964608359388 0.678804473212521 0.677230689729297 0.679750031634937 0.98020253831976 0.981256224780601 0.98105452585516 0.970194026974941 0.966634790782631 NA 1 0 0.317419315919693 0.987127088399837 0.987377143918928 0.98755639202342 0.803240123177131 0.987941434549021 0.988580600562209 0.987728909453156 0.757459681666576 0.987506269498162 0.98815206902457 0.987176861450196 0.946730617019617 0.987949790056186 0.988198906540031 0.987735734921077 0.931448544378353
0.812892925193183 0.813129794519596 0.965682218783892 0.950217568744107 0.677725651926848 0.6149452556654 0.671788075042789 0.689957711084154 0.956489774048505 0.961351395532675 0.955230552178798 0.948870107667453 0.941111852265318 NA 0.98022819953042 0 0.40545349481991 0.815636247648879 0.83115156164941 0.969417558975825 0.771051541704305 0.812959803470524 0.816182681917396 0.968820492763336 0.743489688271508 0.816133341639564 0.815425415689805 0.96724270755174 0.895188751072284 0.816767598087797 0.818228290878895 0.970225634910398 0.877451592346107
0.439424509685898 0.963040684415283 0.964328712999215 0.940097049520786 0.569105654909772 0.566422806161438 0.58768078183614 0.620248145210341 0.953600363550053 0.949151174083007 0.946646206052919 0.9384730473801 0.931137576734707 NA 1 0 0.372419463456104 0.439009444701491 0.728671824265742 0.96476290235116 0.706834937254039 0.4339797078975 0.885351856281761 0.964710281692529 0.718144170521277 0.638474830214103 0.784846767264528 0.966357587551078 0.877906271064849 0.441040257794929 0.963265392818056 0.966547122636905 0.833330580257779
0.979380926999509 0.978337646372051 0.979633430671488 0.963152525362444 0.619896022435629 0.60397867088102 0.674058634390327 0.679896640435728 0.970206033493008 0.969482389701502 0.965420593597661 0.959934413738958 0.952055213817518 NA 1 0 0.429547531615257 0.981451701823377 0.979677746956807 0.979083468468642 0.749894497284142 0.980228505741175 0.508185787259024 0.977406855130247 0.74361062376881 0.979100029245443 0.507161016083625 0.979622695652362 0.922435323494591 0.505786296028909 0.619630785559241 0.972178636414281 0.910525201674283
0.989631247004827 0.989811968066982 0.989893476305433 0.974578184618308 0.625458091117744 0.628291517832717 0.630088482431394 0.665990568305254 0.982736259586853 0.981749672969365 0.974155589682783 0.970628343155147 0.965202639294469 NA 1 0 0.31244527395187 0.990083192150232 0.990293387878425 0.989202985762513 0.770161060936269 0.513465726112131 0.989024283223157 0.989468637206044 0.756788596906022 0.989332250925761 0.990441892312385 0.99043406409151 0.938224710710763 0.989710027321719 0.990153402320776 0.989273294305192 0.92440990474851
0.063987622909616 0.301223432737109 0.91168668993287 0.884940906133648 0.531116144562171 0.543634062597004 0.555014462955985 0.556979997293671 0.894301355869427 0.901995190058884 0.898959200468954 0.873051588400983 0.875697964137105 NA 0.97600705522268 0 0.261253109732003 0.134877624814703 0.393680887073928 0.918884442793023 0.658413144105528 0.0282341069396028 0.303237619379052 0.918961551025474 0.684406954797248 0.292020774171474 0.677676106307064 0.912085088669581 0.822604274986493 0.0163159448067475 0.647831677722428 0.921654056442281 0.703796168232065
0.322968399062409 0.981242749548992 0.981537122592836 0.959987993191534 0.555973894666816 0.562969590832202 0.599647315643065 0.607028048765698 0.968185055545277 0.965736556817602 0.965602696929418 0.953657765179073 0.953560755808159 NA 1 0 0.302727037077297 0.981602795598749 0.981726687651765 0.981848190420217 0.706906401800653 0.192203260466692 0.980016293542444 0.981981871271142 0.71469730505469 0.695232070486923 0.742224421015021 0.980322626627378 0.890014148446996 0.979205883031163 0.583090547581218 0.981472418021857 0.841429242235944
0.400387638263683 0.976073565435562 0.979517394747448 0.95650704729525 0.594618607900244 0.591035649195507 0.586854255929079 0.654860855681939 0.964698889464607 0.963116847165909 0.968139969302091 0.949121796111262 0.948916261348759 NA 1 0 0.328601986340237 0.776789494734426 0.403172751294009 0.978725186011228 0.738085518323861 0.800921932969099 0.794779846708813 0.980199652378411 0.722042318555962 0.978597444807385 0.80739802664297 0.976813665521352 0.907369175386456 0.977345583488005 0.797476104627216 0.978628826999628 0.884538272651397
0.996336521140758 0.996748361466657 0.996068797637422 0.982347882126039 0.682621609465871 0.653549634661743 0.687860017122095 0.720387670880437 0.984395682271443 0.989935532980745 0.986895880422382 0.980449170327768 0.977316727606516 NA 1 0 0.364103592985702 0.996110208778456 0.996498482616935 0.996358576830627 0.852277968481051 0.996597724349637 0.996470887104514 0.996551922282847 0.793966363206602 0.995907604129843 0.996067220171354 0.996733952906102 0.964468469207994 0.995726687007158 0.995932952063286 0.996078004157494 0.95770130861258
0.837201714318161 0.837555433341677 0.928745800596621 0.92021214004558 0.61129655080856 0.594238994358717 0.621669439914139 0.64489963606786 0.902295330671419 0.926298598803508 0.924382961664858 0.916324146329777 0.908811904185061 NA 1 0 0.302263895916379 0.612051861139852 0.837751161605182 0.945336006426489 0.727075810048538 0.836199966688522 0.83740284564184 0.95123114546156 0.725773281331285 0.838450786293917 0.83819906827874 0.944915355684229 0.873474083094563 0.837192082341785 0.835207895638803 0.953883036031729 0.855524119876264
0.7283055237023 0.457739087250679 0.935504906675906 0.94510720860561 0.568875792381582 0.56213599426398 0.632645853436167 0.654375163053129 0.946306668102331 0.942745098306196 0.945172361120466 0.935531410408713 0.929566714399053 NA 0.911822453938424 0 0.175144865023972 0.424060438744879 0.846744109341273 0.966579240887896 0.736332345109669 0.849591516820101 0.852487192435262 0.970473129491645 0.711952092685106 0.805586254800191 0.853946063185673 0.968845100921084 0.900415566131171 0.852323998745585 0.461460900727831 0.972015658333071 0.846329225554641
0.983828887798229 0.981856699459842 0.983051399433381 0.960733430805672 0.599377150670144 0.594551289075061 0.598707398988201 0.625237026729122 0.974888121760819 0.974926033144772 0.968652303039261 0.960340272456074 0.951696621316883 NA 1 0 0.279590089101542 0.98428184543296 0.983385916123006 0.982491295651983 0.741125130263038 0.983011036578463 0.98419818458642 0.982626747856231 0.726488041519076 0.983223049051168 0.984101586776923 0.983542880569845 0.91511816384452 0.983937061346052 0.710538932047876 0.982669970120928 0.89953400374807
0.416062517148449 0.419621790427018 0.956250574595824 0.931110967009896 0.575505802939775 0.545612185564559 0.626771196380147 0.611487218535832 0.945830261013978 0.941174163577903 0.94323416606587 0.925566247162003 0.922513283008759 NA 1 0 0.384886101532955 0.613302174469317 0.425006628399761 0.958630758047679 0.693259745109588 0.420865725532739 0.573035671344911 0.95870097312953 0.707356944501526 0.695235733991555 0.426271280718852 0.960028596213816 0.870518425732684 0.905961970071153 0.729836254845769 0.953882003817638 0.827775427619687
0.968059312244767 0.967654275836322 0.968956539768048 0.94661764989468 0.612918971737401 0.58155492657148 0.591774967574973 0.641907790732419 0.957590684040884 0.956611242849885 0.953948169542457 0.943671003167265 0.938816822566835 NA 1 0 0.267954192612454 0.966968024778709 0.968875672614098 0.968549437448665 0.740880092404793 0.968051113492019 0.968287048931794 0.968083073609772 0.7252531760365 0.386130434235975 0.966424682252805 0.967023567602808 0.896194863006984 0.96691913005343 0.968249016167826 0.967996198417789 0.840813025043855
0.485715898509943 0.486639339030113 0.938074525570831 0.91812762071066 0.551124001596642 0.58108595447313 0.597527300482773 0.60648897436597 0.926872064398001 0.929819233913274 0.927678852188086 0.912636778214649 0.91080196604827 NA 0.978838030586402 0 0.342289735164094 0.488421556035696 0.485667289254991 0.937899692389779 0.700626000584714 0.485047605402621 0.483852525439349 0.937642414975031 0.693400525373764 0.489984666541008 0.488089555294894 0.938027132797894 0.858854712025922 0.539090491591306 0.510102337684303 0.933591205389355 0.832585277169377
0.97645344959986 0.975955710426192 0.972052114199888 0.954431822773824 0.610932784474161 0.567182457575327 0.585217850208801 0.632999345662751 0.962335352421818 0.964193416168836 0.964420962946595 0.951519058531013 0.944160899683812 NA 1 0 0.243740868441771 0.976012245351453 0.975280104261508 0.97405550957837 0.703905870045646 0.976196030373107 0.974783521651791 0.973419152230892 0.698099870989688 0 0.975244649317751 0.974131317447961 0.908953663276143 0.975928327536124 0.974672390850572 0.969553579014964 0.884282958694567
0.556492273353629 0.556815453244796 0.983252785841958 0.968359317133068 0.633659694144628 0.605973937882379 0.657500504841971 0.692051074461533 0.975380199314444 0.975499999756927 0.97006622294302 0.958211496769635 0.958014291526931 NA 1 0 0.473194710562283 0.553474054093721 0.559641697461371 0.981752163961755 0.780999073527456 0.984159321918685 0.55095460206993 0.982940234851603 0.735700115994572 0.556897098284039 0.70441275203374 0.981550860550679 0.92642483340921 0.573987489630803 0.979888931779289 0.981986183272355 0.912003465239497
0.990346012291378 0.597862721506507 0.990214585394903 0.977100392113256 0.681257682003386 0.706887555479148 0.72768135208986 0.733647937586955 0.982087814899957 0.984339098756111 0.986299928210075 0.973093361486493 0.972114983864682 NA 1 0 0.331413602835185 0.989578142010644 0.991074185843801 0.990425935723927 0.851846580935257 0.990408796345093 0.991518302725733 0.990153048761322 0.760505291682084 0.989899539368341 0.991311448141861 0.989703728132585 0.954733055453884 0.990565582128596 0.991173140247301 0.98792827057646 0.907388672981736
0.230148269579807 0.775536377208612 0.982956724243091 0.961485843694665 0.589061542316186 0.56503757556595 0.601123873412851 0.579452757807705 0.970367614884362 0.968426268246228 0.965934506438243 0.95173563674873 0.951104512641634 NA 1 0 0.368011823014777 0.78199968617194 0.520992892383419 0.982180048016276 0.712987636110736 0.521654253488235 0.328242949707629 0.983976265416539 0.704363625923089 0.604965467807362 0.495124181037521 0.98287918234669 0.88639796092536 0.505163413366937 0.245314865127891 0.983528821837721 0.818963509425805
0.484979227394499 0.961875057847024 0.956502399160227 0.939094719069464 0.568058067699721 0.565373188711712 0.566950298207105 0.622137811354544 0.950198291507137 0.948136258059671 0.946639828169747 0.930431609619927 0.923064723674901 NA 1 0 0.310273979709013 0.961995291579191 0.962446291771597 0.962954613045321 0.701754157904714 0.484506295332272 0.629940028540367 0.961948998423734 0.709993559102132 0.518873341421152 0.487501018455211 0.961494643615093 0.845488316921804 0.400234470337764 0.490130441380861 0.958555691646834 0.700898282996906
0.5498173765753 0.963299910809778 0.963709266292539 0.944532643552114 0.597980661411039 0.642937304661942 0.64074136887343 0.635832567456155 0.952933773988456 0.952498446957743 0.950258947448402 0.944487738927461 0.943018196261976 NA 1 0 0.395213782339394 0.964295528203623 0.827571848542055 0.964556906970311 0.758311682371128 0.964531684016099 0.963440156476456 0.964084750520162 0.72912453691579 0.922429114897268 0.55089397513041 0.96295054411092 0.918891680833914 0.963916354035482 0.964014000141334 0.964828500315744 0.895682780844225
0.379473638923411 0.809838974113124 0.923498504966547 0.902482358509662 0.552676485976074 0.574919340985821 0.593618029920855 0.626992951822846 0.915215640992442 0.911836385676635 0.906459054236579 0.895187271781487 0.889852323299187 NA 0.94791539008309 0 0.369980289922495 0.614220184154637 0.924313575918767 0.92220594738611 0.677377594295653 0.47565149840914 0.923407878391152 0.923627035956788 0.683325738223065 0.476847759043696 0.474440441705378 0.918835991405594 0.84901626659823 0.782093137271366 0.780696101055706 0.921047197167913 0.793001281995454
0.995302954607236 0.996010318750402 0.995687237990921 0.980049492815285 0.665125527581647 0.64005815675954 0.681857438314727 0.719170527252481 0.988023659084782 0.988350948826462 0.989757447944139 0.976279588387165 0.971893381513041 NA 1 0 0.276181243733169 0.995622872662453 0.995368816539271 0.994913462970007 0.831458510823335 0.995614969232526 0.995747803506072 0.9954387438497 0.782921047005173 0.25624285683355 0.995243033253168 0.995215190090728 0.955407793588931 0.995531556741024 0.995687085305405 0.995338923153809 0.943168184418812
0.959485057145626 0.959901059601772 0.960411988171936 0.940097135944145 0.571243448555142 0.592228672288901 0.584613806777452 0.636130518637278 0.95220454648749 0.946008392082232 0.943348551812434 0.935167556474088 0.929605387348684 NA 0.970937601230193 0 0.173328731494753 0.96168360925676 0.353464075594505 0.960202676995188 0.698535490298904 0.960058266408358 0.960184942133685 0.960396934819153 0.704403833569549 0.960858419905676 0.961035643933506 0.9615496733606 0.895887015960215 0.759356172427305 0.96284311544083 0.960360649432115 0.858687992423942
