"U_1_Gam_alpha2F" "U_2_Gam_alpha2F" "U_5_Gam_alpha2F" "U_10_Gam_alpha2F" "U_1_Gam_alpha1F" "U_2_Gam_alpha1F" "U_5_Gam_alpha1F" "U_10_Gam_alpha1F" "U_1_Gam" "U_2_Gam" "U_5_Gam" "U_10_Gam" "Sylvia_Sparse" "FM_RevJump" "MBC" "DPM" "FM_Raffaele" "U_1_PC_alpha2F_01" "U_2_PC_alpha2F_01" "U_5_PC_alpha2F_01" "U_10_PC_alpha2F_01" "U_1_Gam_ProbKp_01" "U_2_Gam_ProbKp_01" "U_5_Gam_ProbKp_01" "U_10_Gam_ProbKp_01" "U_1_PC_alpha2F_09" "U_2_PC_alpha2F_09" "U_5_PC_alpha2F_09" "U_10_PC_alpha2F_09" "U_1_Gam_ProbKp_09" "U_2_Gam_ProbKp_09" "U_5_Gam_ProbKp_09" "U_10_Gam_ProbKp_09"
0.987555587667497 0.987531515599208 0.978335163896415 0.980918456341525 0.547242536635148 0.492438009301515 0.600633108732214 0.616467946550058 0.986254501847591 0.980032709285494 0.979080568512414 0.980900898325027 0.97935889876105 NA 0.992008000254206 0 0.983616297704038 0.987626858980481 0.983732140681326 0.982140713120717 0.980720290425581 0.987400572530036 0.987358290093091 0.976561070845727 0.986309604880484 0.987700532670875 0.987599523668028 0.987405855134991 0.987377677726981 0.987367918703938 0.987582292898449 0.987650934579645 0.987083113093621
0.992717519358519 0.992547829508732 0.980329981807775 0.973922104515375 0.620870451522554 0.578097063597659 0.628811204099918 0.69858331366498 0.988610630260053 0.976457396174043 0.973596098600295 0.976498662687091 0.976873606661221 NA 1 0 0.986068508016378 0.992418660213367 0.982767902992656 0.977727254364012 0.973418896733051 0.992695221024464 0.99211534990743 0.991305215344879 0.981251883449782 0.992494411463731 0.992219820470336 0.992581846687936 0.990199011264701 0.992551905565869 0.992435542533662 0.987265870288231 0.991490922371105
0.995783544576252 0.995739496507623 0.989752884814125 0.989230256333649 0.633626335034292 0.656387729030564 0.745639562700501 0.71064125796713 0.9941643283196 0.995245032723432 0.987611011858997 0.988922643400706 0.973802343524526 NA 1 0 0.992755034846073 0.995739584589772 0.991029595708112 0.98904309905201 0.990726233608145 0.995881446556291 0.995751584541945 0.995236385199798 0.994533237009027 0.995711336326492 0.995537942719877 0.995672636951454 0.995519546301619 0.995743752761633 0.995531979638394 0.993650364701796 0.991904223331528
0.996518591140588 0.987509055326804 0.989718867164 0.99180863082638 0.727393981907525 0.70816083136741 0.706442589118347 0.74550044041932 0.99540730776259 0.995823653938057 0.989907921818389 0.987818483840082 0.987812699401869 NA 1 0 0.993471835553815 0.99664651495616 0.995240829134878 0.993807560344564 0.992391686282614 0.996400616515696 0.99533491586946 0.996179720718719 0.991577206989177 0.996336889242315 0.99669253306393 0.99607882239249 0.994477116320241 0.996366807193439 0.996402926979567 0.996355802411747 0.996340021549887
0.98804172349518 0.977070159154221 0.975008886767422 0.974540579274859 0.658317427258348 0.57489908398703 0.60948513106946 0.662735673977828 0.98719515901162 0.975102441765569 0.971174803163598 0.978016695616584 0.972682873488999 NA 0.992008000992225 0 0.982583571268939 0.988146880663303 0.985821401673392 0.978020083087315 0.974941013702417 0.987997503146107 0.987036447931268 0.978207728015586 0.976666802470227 0.987953475190545 0.987812617698569 0.98808031877522 0.98763537897101 0.987809422711732 0.986496304430837 0.987808711679145 0.985389943981166
0.987560231225387 0.966936485392922 0.967877668088602 0.975381096858774 0.790215001120484 0.577429879366655 0.668651263885915 0.618697682385579 0.986389137306941 0.968388304689887 0.978764090552088 0.976196406638118 0.974157255889198 NA 0.992008007453342 0 0.983966307389033 0.987918293363931 0.977879187608074 0.970496399834236 0.977575401272358 0.98780232537738 0.987811042334952 0.986688594232719 0.975753307487659 0.987633352402987 0.987606314026858 0.987544907973263 0.987420799805074 0.987702950178814 0.987633772843158 0.987468355880629 0.984374224092005
0.984724244156093 0.984379006913063 0.954266886926685 0.959126715892274 0.675060669408951 0.648679916696858 0.642556924673851 0.67195391651846 0.973214074014759 0.977379771964469 0.940133362765626 0.954209569276404 0.95268943640802 NA 0.992008008003395 0 0.979764945045669 0.984464132045946 0.977286808716811 0.936297048078567 0.941940282786556 0.984193541724441 0.984154611075427 0.974884467556144 0.955663476331301 0.983930001910092 0.984337125040339 0.9836432649421 0.98013174940588 0.984501321248038 0.983936577237358 0.982935842489446 0.983433511849647
0.981405381815518 0.928180043905256 0.943273674827842 0.936160105462782 0.591275074601156 0.652479001305831 0.632986776193954 0.597468352319251 0.963288585992981 0.974243835775289 0.932350721267252 0.928977051379973 0.936547427525822 NA 0.984048034180401 0 0.977735059518311 0.981054886712902 0.95837940154435 0.921349799233941 0.938279613597836 0.980416908833178 0.956697193981446 0.935527570113943 0.963712172741314 0.981114734889379 0.98106240257196 0.958238702861079 0.968897169684874 0.981452677205499 0.981131951699281 0.979802856755611 0.958449227017251
0.995276194005513 0.990802009237994 0.986294569822086 0.981060589435304 0.547217857016821 0.594026063445467 0.575014718312453 0.692626902042559 0.992854955886893 0.986187670825778 0.987637192073042 0.989152526014793 0.991838815637174 NA 1 0 0.99264467298944 0.995507655731472 0.995403652970475 0.993002084244205 0.989597861971114 0.995362342207724 0.993734713827715 0.993673684413366 0.993514227601792 0.995455225797711 0.995264301913803 0.995111358095233 0.995066747887866 0.995439868346811 0.995203754421468 0.993027358835169 0.995209037354979
0.981347122887502 0.970151919688015 0.971233970605623 0.97650588402702 0.50018931922051 0.651882832548065 0.629699080732555 0.592375331282678 0.979959634202247 0.978990289370389 0.970889496145251 0.97734380582728 0.974260002782759 NA 0.988024023764825 0 0.977649249601497 0.981489521312891 0.979796066828746 0.969147297602864 0.969865784662971 0.981360632407728 0.981297176360288 0.980711802997556 0.977921284488878 0.981559226924541 0.981481897610058 0.981211518535212 0.981078728170847 0.981386730489716 0.981409785566142 0.979884127892275 0.981195938889787
0.994697674464501 0.977126106634978 0.985649620618577 0.976823335761214 0.726220627554712 0.630813422043784 0.697561065209171 0.701699242975959 0.993134044276518 0.971360461363881 0.982990511806228 0.982596845509398 0.985786729222428 NA 1 0 0.991139099011536 0.994515820445777 0.99225518143025 0.97861788516234 0.972953407145081 0.994629961921507 0.994697346105488 0.993895998630564 0.991326775726482 0.994540028705655 0.994556036713247 0.993931108877041 0.993653728002293 0.994710006255055 0.994303380455932 0.994315483092763 0.99433112930407
0.983400997448998 0.968583056868472 0.975935341160499 0.964364073991168 0.683645514561796 0.54613540374137 0.548618260602284 0.765454050172872 0.982553480043184 0.965416123905065 0.97202563694753 0.977183111268573 0.971055449457901 NA 0.984047958721566 0 0.980041867148472 0.982811092333903 0.981220645274189 0.971742926089189 0.968436038799397 0.983465796527876 0.983567797797021 0.98313015096286 0.980681297491167 0.983583438377165 0.983680543122963 0.983073702720482 0.982234537188071 0.98368621267295 0.983722252194672 0.98351475461928 0.98133522497576
0.978520778738144 0.971038547296107 0.965166405816545 0.974071990599729 0.648206161851573 0.7411815567381 0.675799834919876 0.713574777543439 0.97773116159926 0.968584664547495 0.968680603352277 0.963042568780266 0.973839649691455 NA 0.976120100738658 0 0.976326965625903 0.978886953179659 0.97796322826646 0.964105681205925 0.973669713182097 0.978605733773763 0.978235426464817 0.97868194404283 0.978219456219438 0.978591549440242 0.978372152706215 0.978520484745083 0.978235680696464 0.978662552621686 0.978924334663875 0.978064723601568 0.978378142589103
0.977787421576193 0.977609671845252 0.955437135399271 0.959935467011435 0.633325144481747 0.637904544572756 0.545893055463513 0.488637298058808 0.973715042675638 0.963931690229289 0.961101335386052 0.959531054583822 0.952830396615357 NA 0.984048046647602 0 0.971928755673657 0.977637143338028 0.974675073805413 0.956544596897066 0.948106386584899 0.977614020588883 0.976966660880237 0.974826249134111 0.961876549024682 0.977732718874287 0.977275345654879 0.975865967435172 0.977471658956525 0.977777347471227 0.976970067683562 0.977750979459901 0.976168551579898
0.989180262402362 0.989088382518976 0.977798457167185 0.982105654633769 0.628576540197159 0.635707876377857 0.606583410566326 0.650622982902938 0.988154352385975 0.988674962265339 0.977236741387025 0.982109974779876 0.981376453716885 NA 0.995999999123111 0 0.986727977936789 0.989188038135379 0.982163970625927 0.982467044325545 0.972323191794225 0.989221547568766 0.988998327702784 0.988062626709593 0.966286207511712 0.989034451575554 0.989080254363282 0.988756233113272 0.987884642612614 0.989033007091798 0.977851275182045 0.988680372177807 0.988902782886394
0.992884131630394 0.981387911179469 0.981158325574931 0.9841109516746 0.550138476161259 0.688504650706532 0.645413791969819 0.630544802274114 0.989736656488051 0.978694925775358 0.987320135152399 0.973383168247892 0.988464573572665 NA 0.995999997602502 0 0.989187400980851 0.992832483947088 0.990057541553517 0.987794102659352 0.982774647199381 0.992943887394824 0.992870233205208 0.992238837089381 0.990138814694669 0.992862221587761 0.993057497113288 0.992876017754382 0.992451427736297 0.992816427886012 0.992971735233223 0.991748136682252 0.992785826224968
0.993079732305569 0.974314736221499 0.987065755370499 0.985096573718355 0.73778909510872 0.607795090266642 0.731671247136701 0.660151067958981 0.991557635416254 0.964332330537921 0.978698576125514 0.984113881894777 0.978518065397521 NA 0.995999997984193 0 0.989788760796738 0.993095612192835 0.989998720707935 0.988509569246123 0.981624466833903 0.992856364832175 0.989355393634581 0.990501270207301 0.99034347722678 0.993087503692861 0.993071803998772 0.99281762809945 0.992442586975948 0.992935617648926 0.992908308774304 0.988178981510231 0.99206883304989
0.994981621348374 0.994606285996013 0.985066487864177 0.991117247033846 0.795100187886831 0.615374608079547 0.587812664272079 0.669996295638681 0.99382831333602 0.981090308366553 0.978560236403757 0.989441882613562 0.991219269663464 NA 1 0 0.991391547732756 0.994762358072433 0.992211500798572 0.985997203167255 0.989050745493321 0.994718466168188 0.994704726137211 0.994519424178922 0.990386240893224 0.994953629362492 0.994657581299146 0.994113691724207 0.993101068154599 0.994830053774875 0.994458606323814 0.994624596358652 0.993080214859229
0.994660274518528 0.984054324225093 0.991629531464956 0.991883660078133 0.791803279033256 0.695869700591457 0.696128935010555 0.743783175634436 0.994053994303999 0.988808333379005 0.990989581978 0.987298004129919 0.991345903841562 NA 0.995999986914343 0 0.99221203287891 0.99470813869397 0.993917421026339 0.991229006375931 0.991227113572484 0.994660514836288 0.994780335659068 0.991771073018765 0.993165570792396 0.99477636319127 0.994608682731832 0.994577735072321 0.994481024959076 0.994792379042367 0.994829789343298 0.994857617706746 0.994270526268232
0.995368521441064 0.991046839733613 0.991016887540933 0.986779650409508 0.674743190389254 0.654202361545497 0.615569477707868 0.630758754986765 0.993034913787847 0.992680428336177 0.98823221205908 0.989879139272722 0.989767743966322 NA 1 0 0.992283996152098 0.995344633542383 0.994201309648537 0.991234609473195 0.981473184800149 0.99535252141448 0.995218799064231 0.994339192526149 0.991409374229073 0.995420713503526 0.995287171581556 0.995353065487381 0.995312927018811 0.995544321335942 0.995556125106207 0.994946420383184 0.995233181124392
0.987602556387947 0.987359499420752 0.976598553639701 0.978982512584542 0.657131543686927 0.688797916145062 0.534731813010372 0.653550112419343 0.983862175439471 0.985663580193696 0.972728720732796 0.980220175521828 0.976148277543931 NA 0.995999964709047 0 0.984232949242181 0.987449564268034 0.983823327227252 0.980853962553902 0.972604260947903 0.987176689206122 0.98752698453268 0.985681052529873 0.982060969907391 0.987472888073831 0.987294148640753 0.987462016414494 0.987206535709815 0.987365659471311 0.987338567203268 0.987365249163316 0.986497815402952
0.983161017211988 0.978243578325164 0.972389674232918 0.976108373968995 0.67593123055668 0.651145194362751 0.622371013522234 0.675809358748256 0.981502618087147 0.971785890936999 0.974685395081866 0.964935624453488 0.976724853620591 NA 0.984048045375795 0 0.979595495892687 0.983034134132219 0.978266525452507 0.976832165048218 0.967928702055509 0.982984600807642 0.98303929546266 0.982848976847063 0.974510588747696 0.983391311660082 0.983300360676424 0.983113587355056 0.982366280685764 0.98315171590087 0.983214934409853 0.983409672042552 0.982862204952787
0.991406344056599 0.986633784244429 0.988501984164591 0.988537439899875 0.625020234922562 0.590617437790056 0.658570340722469 0.723373141999405 0.990073493592272 0.976050618841967 0.986086453094037 0.98383320659969 0.987632263712965 NA 0.992007971736216 0 0.988469359968466 0.991208617414117 0.98996525340953 0.988328390808443 0.986581632164902 0.991410039647768 0.991158874481779 0.990512652037688 0.989925690417692 0.991021398228606 0.991282775896522 0.991333159315303 0.9907197762478 0.991214703348204 0.991277268255468 0.991190736160545 0.991038586692759
0.989296084687548 0.989447135674009 0.966764537161142 0.975573765619752 0.686355331242129 0.602548853328799 0.740556006347448 0.594912685692895 0.987295731053638 0.967915959887732 0.978880957633834 0.971560558536236 0.980158666814929 NA 0.995999998759119 0 0.984994384193501 0.989137181697021 0.982152362702954 0.957007427596065 0.970890995057242 0.989497542127464 0.989136171586951 0.987397570722417 0.983400810076031 0.98951519582697 0.989226583132925 0.986936700676904 0.988029305914494 0.989525654178607 0.989175489492113 0.988969815802592 0.98798947971699
0.985877556068612 0.961500049153612 0.951637292663348 0.96846074410035 0.615426617418683 0.706070188181762 0.520062902717279 0.644807405630942 0.983711671100489 0.980779697557974 0.954763166019537 0.964056527256086 0.962075848880816 NA 0.992008006669198 0 0.980218223869398 0.985724413395107 0.985801551910648 0.968761758016014 0.959420866796885 0.985780050541546 0.984925614988054 0.983947420800465 0.974287362387097 0.985754568599104 0.985674476978083 0.984338662992918 0.978735208471219 0.985625464023702 0.985704747270513 0.980253815748974 0.98294156229515
0.988485785165582 0.980437008558197 0.983793900081636 0.984308629623847 0.700663869205511 0.703136602467122 0.64393361277615 0.653155745764767 0.988425150245442 0.964557880429518 0.981099133207744 0.981100504165636 0.981915591172273 NA 0.988024014779245 0 0.987088688781065 0.988533585003653 0.98374781665523 0.982837919018711 0.984127266116708 0.988501857211846 0.987015498983803 0.988325299779371 0.982933475948001 0.988398513824344 0.98848786322567 0.988457158078337 0.98846127012918 0.988516331720286 0.988213232869628 0.988589414071981 0.987013339701561
0.990802593582256 0.969926531253841 0.982713697069796 0.985996247587139 0.541064450863808 0.644609418297042 0.573698851524428 0.64484887005182 0.989578646198936 0.989485783447046 0.983169584537201 0.982242956527053 0.984239772860612 NA 1 0 0.987412456949196 0.99097026535909 0.989079438077024 0.981597332566794 0.981852155628748 0.990770497446734 0.990880335145093 0.987732641547267 0.986254890497635 0.990982141004116 0.990659225646246 0.99084847822545 0.989741780294996 0.990828479470647 0.990989268279979 0.990383046876329 0.98800593426317
0.990008989578165 0.983615202921529 0.98225949856103 0.983861224646441 0.637504549919852 0.610326025690317 0.758207133286153 0.680840823345385 0.988795435559172 0.981308112039819 0.980460095858304 0.97325509451854 0.976247786265759 NA 0.99200799823388 0 0.987146050406526 0.990187688707007 0.988874156199914 0.985020517974797 0.976705692269303 0.990031143690451 0.98999403547158 0.989378205216276 0.987942964707611 0.990310059073053 0.989983039601486 0.990030686856124 0.989891048289834 0.990038959578583 0.989854915825028 0.990330315535413 0.989621511468903
0.985186535440715 0.984610767456568 0.979734729996451 0.977918556218428 0.566406801813067 0.576121171374707 0.665007807591365 0.602717061746113 0.983614564739464 0.973438573894601 0.970101839403905 0.976776507317307 0.973687733328136 NA 0.988023935290834 0 0.981933080394392 0.985053721765714 0.97349379831452 0.978759592954493 0.978642058150802 0.985019406785493 0.985163586578137 0.984449251309844 0.981014462767185 0.98540121653368 0.984914305587716 0.984795951475694 0.981782032982811 0.984862440752591 0.985244129544216 0.984979846585433 0.9821639528954
0.990527939954978 0.979392176169499 0.974654053109774 0.981303245623019 0.66862207886788 0.683857059753892 0.637736681883691 0.655191263429661 0.988768190103832 0.989286571719446 0.977626436336005 0.968941001283024 0.981869015965602 NA 1 0 0.98629997825986 0.990577641656012 0.987529205570097 0.979554646848542 0.976415576325667 0.990167776108682 0.98983604931049 0.987484990013174 0.986775207942557 0.990416068082425 0.990731323336943 0.983834660722663 0.989800180984962 0.990424404416611 0.989074392810983 0.989954206908785 0.990316328501239
0.995624572273239 0.988797632837233 0.984751072310686 0.98997372736045 0.65769047464574 0.675565984853903 0.597623277743757 0.654776847646788 0.994082143876143 0.984315108756646 0.985955212956875 0.989922908878724 0.98934669051081 NA 1 0 0.992318873239742 0.995570594280452 0.990919997060498 0.991809641132093 0.98433787725696 0.995640219918803 0.995716808865542 0.995522114797304 0.995109315476739 0.995640027733858 0.995377196903582 0.99531946477929 0.99511876041768 0.99539284454838 0.99554734709704 0.995799560005033 0.994735311165321
0.988840055130557 0.989004663773983 0.983951253907357 0.983347761257718 0.572534498388382 0.756100729740308 0.536889018386749 0.676326876482084 0.987340893532328 0.988438405702334 0.98147393219275 0.971760897860515 0.983600402945963 NA 0.992008007306379 0 0.985075578314174 0.988927642746421 0.98574286777304 0.981945898872285 0.969261969913315 0.988849488584193 0.988707386872132 0.987569598519535 0.981194298583264 0.98866259789001 0.988577464585788 0.988689808368087 0.98841512388765 0.988805576652264 0.98881737259385 0.988672011599385 0.987301792472086
0.987667753696443 0.987604698751264 0.980734956852744 0.985176103246761 0.573336178867628 0.545138993006276 0.639656177428405 0.532849589841725 0.986613999926172 0.974455892297121 0.981470508083866 0.981563286141829 0.978548879696897 NA 0.988024018235239 0 0.984908789299816 0.987787437413342 0.981451374601604 0.981674802109604 0.979819916672529 0.987787121128595 0.987433715684951 0.986722918134206 0.984158187265051 0.987787505579395 0.987804902807365 0.987435546133464 0.986163123882296 0.987976210189108 0.987536706579851 0.987253129028357 0.987728665142254
0.98831289847666 0.981493567737851 0.97824183476378 0.975835831285161 0.808335007051866 0.730656283476108 0.723401993609109 0.736875724087214 0.986733786370394 0.971725391978074 0.97741170099431 0.977484913073722 0.979064569387428 NA 0.992008000566199 0 0.983942237584283 0.988376558016341 0.985169142952435 0.966059380601373 0.974560026267189 0.98842374542065 0.987811704887784 0.981995405709952 0.982550052811516 0.988252906458574 0.988372614072641 0.988304353851423 0.987087304747035 0.988451905625027 0.988436185416794 0.988420924257078 0.987247883534587
0.988948776531403 0.989150282037988 0.977550073054929 0.977100961329899 0.700389809869632 0.618768393163956 0.647104435540573 0.699460997375531 0.986742675649554 0.954798748110009 0.972402486829549 0.975125572643019 0.971518695786314 NA 0.995999999984994 0 0.984794255963402 0.989266986891239 0.980285782002552 0.976854880217242 0.980803255558324 0.988990738501686 0.987922220129746 0.985569869392168 0.987450179099403 0.988680452329235 0.988952968864205 0.987169269117715 0.988581215564142 0.988547316211574 0.988851639444013 0.988697104750006 0.987830225085027
0.991244658344207 0.991025790830354 0.972112083228951 0.978863078988167 0.535196801389835 0.746036443896763 0.569769238633392 0.674171880657796 0.990294095144985 0.967466277085354 0.967479476735125 0.973105307849698 0.971835574321942 NA 1 0 0.986510765428773 0.991109056893502 0.984166150739213 0.976148671723502 0.96424832860874 0.991205067635555 0.991417546195141 0.990839604140863 0.985072012616567 0.991228213318849 0.991256276152553 0.991223197324903 0.987879108974718 0.991360653238368 0.991053777010131 0.991016300065104 0.990270805545242
0.995243503491572 0.995299343380827 0.988713146196489 0.990791635878585 0.709489210488987 0.577392297657124 0.647667740243376 0.712262355683205 0.99441830140734 0.994685088744433 0.987765015939409 0.985536800724136 0.990531549847126 NA 0.995999996623648 0 0.992174898475086 0.995323295360742 0.992790652655176 0.990859620546896 0.982205128379718 0.995159771481527 0.995232490775262 0.994988802458242 0.993596550433029 0.995123839617356 0.995263487497956 0.994800882072708 0.993666674253705 0.995111471370839 0.995117166932065 0.994961070012424 0.993909986877354
0.998668322537781 0.987803617034664 0.990410660859714 0.991205563516087 0.670563948249281 0.705840297114741 0.610921074481594 0.639390132651867 0.997134359782191 0.990484262528459 0.98997979623047 0.992507281884928 0.99406316107693 NA 1 0 0.996009960296543 0.998549483063619 0.997853842244002 0.994314187297047 0.994117088962043 0.998569098533409 0.998411261929882 0.995364728625313 0.996387259662126 0.998488557734701 0.99862482226701 0.998001608716964 0.998189801895354 0.998584453759333 0.998668381859464 0.998036518944136 0.998664515309269
0.989358772553145 0.973324255159236 0.985587483293651 0.985797549298886 0.724078738806631 0.771874539261732 0.642044688783475 0.670006268564069 0.986715182082779 0.979984761546285 0.983465825502966 0.984556309778289 0.982460090417442 NA 0.995999996198092 0 0.98762569890718 0.989501947865214 0.983408917367206 0.986999397418121 0.984542793455009 0.989377062839822 0.988614407360216 0.988384460311553 0.987199478263844 0.989412602324705 0.989360653720891 0.98913536224043 0.989426241958306 0.989175773378706 0.989495677574023 0.989322135503962 0.989436892044965
0.99437501912582 0.983105722461735 0.974915064076673 0.987789966552514 0.61087556888071 0.640458670483355 0.710835986590784 0.764183290176595 0.992935118169606 0.973021809300536 0.984718263606215 0.985990881400012 0.986839665767088 NA 1 0 0.990908706086498 0.994492532359286 0.989759119954292 0.990720407572885 0.985481744346756 0.994211923520442 0.994484624783384 0.993860472741408 0.990977393639747 0.994287767338155 0.994462810921847 0.99005146696748 0.994060847637048 0.994602282534611 0.994298842530874 0.994346613056675 0.992628493030195
0.992699709464321 0.973876278680067 0.982021391297695 0.973302267399933 0.712682710800279 0.620877034860644 0.56453914486188 0.61282339876153 0.989509959649175 0.977937262432245 0.979897017868445 0.971732129734311 0.982399459336171 NA 1 0 0.98857451969108 0.992719553307666 0.99255998965873 0.97714422351991 0.9708409583548 0.992567745267188 0.991969890932565 0.990339092168024 0.983662426290992 0.992326928051005 0.992588529945689 0.99240417564911 0.990636654528514 0.992779285122091 0.992595813524978 0.992248134024201 0.991783114653045
0.986388576022514 0.981832534320963 0.980433795849036 0.982919589429734 0.741846064026921 0.542588977445717 0.658241653941369 0.703630762421007 0.985300164032715 0.970688284486484 0.97985034412516 0.980266517570738 0.981740939091615 NA 0.988024012836975 0 0.984188760848996 0.986503699215804 0.981863986422816 0.969579120576714 0.974952026805591 0.986575555110353 0.976819152055509 0.986394683699952 0.984580832009059 0.986305184394797 0.98628146782567 0.985930781886731 0.986060272137864 0.986273048409837 0.986277320694293 0.986603250409816 0.986109128439446
0.998064839605942 0.989055833284545 0.992377226293461 0.994474825579389 0.659496649938784 0.668536832889989 0.665858015555731 0.744983617927281 0.997013303349579 0.997432402399105 0.992925165709059 0.991499704370222 0.992556458426545 NA 1 0 0.994397660055154 0.997972983706482 0.995659689532701 0.993816272982528 0.986649522840373 0.997961167825696 0.998025319621692 0.997783343151134 0.994055262921755 0.997731963300707 0.998017740203739 0.997884274328672 0.997802407430276 0.997915101783996 0.997905243723317 0.99785106380188 0.997811981737359
0.990618469453352 0.966657829215956 0.974374258733236 0.984998437418614 0.637709132025152 0.68716435267178 0.553461443029457 0.672596827977306 0.98973761586115 0.98833128650402 0.982476873987304 0.981227437575469 0.981839112430999 NA 0.988024012456048 0 0.987360152349766 0.990790013164393 0.988122903284598 0.978267175734181 0.974746208641305 0.990609351405904 0.990875914884222 0.989160428385989 0.987151458199349 0.990761872950736 0.990744159017277 0.990637421772156 0.990740982694706 0.99062085586041 0.990707954076361 0.990294275785547 0.987525943843236
0.989895341604185 0.970766936077234 0.978178229206601 0.977268687076356 0.59944498844505 0.698365089347197 0.604370400451521 0.625227722157541 0.983169894148049 0.962420984666765 0.974742368648781 0.973962300049086 0.979748651268009 NA 0.995999996198092 0 0.98643919459576 0.989243049416318 0.986739230218049 0.977710550199906 0.97626288505404 0.98981997416841 0.989497942357699 0.987206521454851 0.980764802901699 0.989565327465507 0.989497447339644 0.988950479591612 0.988617210203887 0.989712654732838 0.989374275808797 0.988490789848753 0.98926427549657
0.992397154538385 0.992529014551447 0.976722443177908 0.956937745408513 0.556834175124286 0.58293551385366 0.669445822927591 0.592094489936511 0.990833615917016 0.973618250498659 0.982742365633733 0.986304357605059 0.982731636350237 NA 1 0 0.98910099434981 0.99222105961886 0.992265502831698 0.977527063028391 0.982972454709617 0.9925486940444 0.992204181646781 0.992249919144459 0.984813277247311 0.992720189899251 0.992688237918861 0.992317522805191 0.991064127988522 0.992598327924728 0.992369778144143 0.992423124007353 0.992138521049436
0.991038954515954 0.984003609966996 0.979853039038669 0.986221805275292 0.675427561974713 0.782098235383809 0.732840567248802 0.614905446487578 0.990779668900146 0.974417685541924 0.981938139234378 0.984548082863145 0.983857932961972 NA 0.995999997984193 0 0.988258468301235 0.991317793458345 0.989517329833532 0.987992951154 0.984928321455066 0.991156624200915 0.991035909733821 0.990778885648748 0.989318963685649 0.991102838277414 0.99087603093755 0.991081147608101 0.989718931274225 0.991198353991675 0.990969052421564 0.990559333740621 0.990646738070729
0.994390166092329 0.994452051986207 0.987319096712464 0.989768867523855 0.623267684449266 0.721258622718046 0.76047074585358 0.680399348265267 0.992213926218425 0.993916522910652 0.987774835847681 0.991617053739315 0.987945776039334 NA 1 0 0.991299002203275 0.994739555506886 0.993763382887059 0.992067849014003 0.987629354664912 0.994506037951995 0.994550803072492 0.992754359243646 0.993106241964361 0.994617821750148 0.994677357284729 0.994374898997731 0.994308822133684 0.994605653580883 0.994624616869265 0.992929711611674 0.993508318616908
0.993548717108814 0.9870683021547 0.986199067420217 0.989085776033043 0.633532959159275 0.482069374185972 0.47265110299516 0.695412259300223 0.992791080986917 0.992006504800651 0.982697858848433 0.984980283569478 0.989160147675566 NA 0.995999997984193 0 0.989975184407233 0.99345989594661 0.990458169815874 0.981915209559082 0.983391100522253 0.993469181545696 0.992351495929157 0.992968896022181 0.980785702480866 0.993389389647285 0.993726018344157 0.993423575865657 0.992761076246511 0.993381522575569 0.993395883104817 0.993218558117358 0.988560893113031
0.991993300786568 0.978176714813634 0.975358629169933 0.987154460258825 0.726291296324941 0.778268374385891 0.684219413619492 0.668184927915537 0.989946685319419 0.97327816907134 0.980088099601549 0.984644573765371 0.982758148785153 NA 1 0 0.988481336626309 0.992094966445392 0.986418367082392 0.985820856717373 0.9737928168228 0.992142710174679 0.990790214264562 0.987552506839101 0.990740213687236 0.991888442100515 0.99220344282093 0.991739849242859 0.991071169446754 0.992135683058263 0.99256027579531 0.991124347520332 0.991758324399707
0.986526741972432 0.964723201039118 0.965675102400257 0.965742892597778 0.659564213959985 0.665238326677991 0.641943876981772 0.640452620526376 0.979222731417517 0.982696436339427 0.955914562715806 0.96768865977101 0.963628325337448 NA 0.988024023469914 0 0.981827429406446 0.986654117407925 0.979968731298182 0.958872057311635 0.966779779775089 0.986026409637577 0.986050853523815 0.975883395430691 0.98213847109316 0.986456764011777 0.986198633888522 0.986350206846872 0.986300440633992 0.986453849181138 0.986483286556417 0.986443735789435 0.983043234082133
0.995556492212781 0.995532348068789 0.98643554329839 0.989823789679164 0.547977076855715 0.771704292416281 0.660463196278133 0.623446473771876 0.992219132015856 0.994254102734386 0.986481222690897 0.984362769488096 0.991190042476913 NA 1 0 0.992542947828584 0.99550240210266 0.994814111986429 0.988393817086412 0.989575649143466 0.995612227944445 0.995669913612566 0.990490401527321 0.992819516344445 0.995332932604758 0.995562073771086 0.995638185728669 0.995243287649098 0.995540211918597 0.995500320028211 0.995572408126439 0.994558280400784
0.992216425994244 0.986547920989851 0.979221514333877 0.984244242033396 0.632429136895002 0.615168797925955 0.64858441578375 0.661896637043091 0.991597731891235 0.991361017680441 0.974434564170767 0.976801231333321 0.988337712373079 NA 0.995999998759119 0 0.989136063287733 0.992323977577184 0.990849087936733 0.989136640209725 0.983824533724194 0.992088638140946 0.992129232212814 0.992086291638865 0.989922816569024 0.992455509091023 0.99218015372395 0.992102889203785 0.991975737803225 0.992694508246343 0.992200293712544 0.992306678902043 0.989442733400079
0.988668301764338 0.988449126523445 0.979860788907011 0.980919644819239 0.711107997653859 0.553561658189168 0.56502560790638 0.599263787116683 0.987279906865533 0.983496226589492 0.979530943379708 0.978215409991995 0.977408562057905 NA 0.992008002907998 0 0.983769038613132 0.988594207514827 0.98695311324105 0.980412234826223 0.973549855232632 0.988545001675121 0.988760533369124 0.98819298930552 0.977270596905848 0.988544533877286 0.988693770662257 0.98828579839983 0.986423201349879 0.988612806240783 0.988498836110931 0.988651610417997 0.988078051156248
0.995859355357082 0.982389341753972 0.978341579411012 0.977745798356907 0.714614021836125 0.75089254456674 0.680539667076183 0.654936526127674 0.994474231653641 0.976608208889988 0.973646648956334 0.973776079593631 0.983577360387812 NA 1 0 0.992310364440596 0.995708456796737 0.989148477786857 0.987515718455419 0.963891866762022 0.995611531131349 0.995169871958666 0.995388791470522 0.978592683814861 0.995795327146813 0.995769785526058 0.995620757227032 0.995518847291566 0.995619827226359 0.995667370807407 0.995847680104786 0.994917594277417
0.996917529531121 0.997021273275158 0.994807284650357 0.993688074304741 0.770043554138376 0.703400560718782 0.617026123301206 0.703061794358526 0.996142967640148 0.985871909380934 0.992603967921897 0.994161403170484 0.994910520091229 NA 1 0 0.995240645063003 0.996973313314809 0.996584060294703 0.99181530800925 0.987295249044651 0.997153161163043 0.996539431718267 0.996704993285075 0.993201753882441 0.997109249251338 0.997287099101206 0.996972420512786 0.996915579696291 0.997133393394965 0.997146170187764 0.997013321325237 0.996676925700919
0.996593983336387 0.989565362708515 0.993987082040053 0.994596121556079 0.790081970148496 0.822948031954374 0.733566277282755 0.708279929094207 0.996020825598877 0.98787684428141 0.993283279801359 0.994158121219311 0.992791967391071 NA 1 0 0.994027004934078 0.996454151393107 0.996429712280118 0.993422601121127 0.992612270110684 0.996498007287724 0.996529918253311 0.995555198749797 0.995483509970797 0.996562107418482 0.996570023337119 0.996349436772893 0.996482870163351 0.996693631064186 0.996506784308955 0.996329910217558 0.996351348955205
0.995047573606005 0.995111557827711 0.987846144741223 0.986862203297567 0.766379901977626 0.765614649622634 0.575667967426285 0.589447191575444 0.989304096937874 0.976738307376107 0.986995734776629 0.991469993181191 0.987997515247771 NA 0.995999975365003 0 0.992044012863128 0.995019997568974 0.992989408785474 0.991670299201567 0.986053275496387 0.995235190221149 0.994790804929856 0.99459658966704 0.993682784311113 0.995043677577801 0.995099698012907 0.995091914707818 0.993982033059942 0.994915853115427 0.99502069922301 0.995230302180354 0.994975294097074
0.993142622954483 0.992839630938172 0.983173158723487 0.982989689742661 0.643469968418046 0.58331400119927 0.656938708870818 0.594359822130873 0.990572368840695 0.977914588225625 0.97767361141806 0.97852545819549 0.985197182825144 NA 1 0 0.988586408459445 0.992747819767273 0.988126183536213 0.986462327751806 0.971132531535097 0.992869901455094 0.993218246625655 0.992672931285459 0.99120920545038 0.99285615589583 0.992930874870267 0.993056228148379 0.993069176264065 0.993129998287269 0.992749481530689 0.992905697630083 0.992775162924168
0.985153778174769 0.973160832096164 0.978109511495378 0.977966297029602 0.620500052929869 0.586691835327585 0.623338281886156 0.68002411794764 0.980475251143537 0.970613502330517 0.973637223095776 0.976202819245501 0.97164613994929 NA 0.988023963429852 0 0.981348921749891 0.984881353475183 0.982436680541676 0.980602793477276 0.970552789366387 0.985213917475753 0.984392716810642 0.974744185192253 0.976343961181223 0.984915268601854 0.985050979663393 0.98422090920826 0.984483363513299 0.985062507504819 0.985258648005002 0.983946481734861 0.984040497149443
0.984444415025026 0.98425789630128 0.960105612107176 0.956901901624919 0.638249606260065 0.607795618025615 0.659754996006206 0.707961204733751 0.980494460555105 0.946300455043248 0.958017781217504 0.962251066892904 0.953054052036554 NA 0.992008001521523 0 0.980172828883466 0.982336543272072 0.97458190457229 0.946699199826933 0.945182348140984 0.98428585632133 0.981510017646357 0.980271404122744 0.97498929068989 0.983858908326895 0.984442241846418 0.982973877226249 0.97514528293429 0.98366847147158 0.984361023550971 0.98014015733363 0.97914036346158
0.996630233642487 0.996518433851346 0.992959338573144 0.987581618840801 0.700150056239736 0.547773245486838 0.560090711760039 0.606533811782896 0.996013518165398 0.985869839078663 0.985495710477841 0.980448932103022 0.993061567148566 NA 1 0 0.993529825389743 0.996509240923699 0.992398615250794 0.995168788837591 0.993363053156819 0.996614201603311 0.996650366470949 0.995725939287702 0.994835523435266 0.996570537957578 0.996660027444953 0.996672255728599 0.996490507913353 0.996476491890071 0.996614967234109 0.99580807586743 0.995622802782491
0.991578798222973 0.985470566443671 0.987808234325581 0.984606670912155 0.638938867697218 0.582598620126067 0.599626157134385 0.678929746280511 0.985705539592681 0.990832821857186 0.98390593122466 0.983594049393095 0.980589537049864 NA 0.995999951253387 0 0.989203647274921 0.991542042328854 0.991216018204633 0.985642693609377 0.987753952636043 0.991612043525531 0.991390690940767 0.991357979864511 0.98821752150765 0.991371763921336 0.991642526710713 0.991188046023707 0.990546765310994 0.991570899159689 0.991608188832569 0.991453640005254 0.991235172679926
0.993905380580175 0.985946374605734 0.985981874246132 0.983318582312627 0.679044702314011 0.665005606253105 0.593932413496094 0.667874012491227 0.993046154716169 0.98312248002126 0.975311397164555 0.98288282985825 0.988281460647383 NA 0.995999999473251 0 0.99036959895499 0.99386511312739 0.989784109276462 0.977300836061535 0.978102185724353 0.99404623396494 0.993878394450902 0.991141722904827 0.991351222456165 0.994007074279402 0.99392705023579 0.993678224584532 0.99391947956721 0.993894994290849 0.993741772958298 0.993987302905075 0.992041613428863
0.989361703849726 0.954460682831161 0.961572784369386 0.965885072635 0.6706860450692 0.683088082680952 0.702895567403926 0.737221542364003 0.984225835226339 0.98559140418747 0.97148098025894 0.960210960824067 0.958473816899214 NA 0.995999999449395 0 0.984528658008771 0.98888861456967 0.985230522203853 0.970071724972788 0.964108821446975 0.98912414542346 0.989196821649263 0.981511120367271 0.980122895494494 0.989232102961598 0.988670293720517 0.989162487177367 0.986304058012692 0.988998772853472 0.987217039517258 0.989484718676528 0.979401047832715
0.99594317095829 0.989773067841021 0.988868885135995 0.981026291946572 0.70282868343694 0.691015089383877 0.673435901675857 0.692391120805188 0.994334129807659 0.994085451414969 0.987450925422283 0.991555879526756 0.989459656427841 NA 1 0 0.992634826908993 0.995791947710622 0.995895491258726 0.992252832214316 0.990731955337454 0.996126730516644 0.995811915698708 0.993470403479713 0.994301132712736 0.995919186958476 0.995823507282652 0.995674963411863 0.994801173318826 0.996167323135975 0.995586627960562 0.996121701538103 0.994535771939581
0.996194727181764 0.988368426597743 0.991415346466613 0.99434541842834 0.645875354188759 0.747501880913546 0.602168877063531 0.702958487336782 0.995580080355365 0.995635053841708 0.990874262434545 0.990171953100589 0.978434696029018 NA 1 0 0.993870323307998 0.996338555120523 0.995107692741435 0.993794262872082 0.990693634837598 0.996174863302102 0.996169744163822 0.996194726681423 0.995673782026056 0.996175159461126 0.996187927061698 0.996190675010005 0.995554010343082 0.995991039306735 0.99632080537341 0.996192610627274 0.995774438319104
0.992818139145759 0.983571244189928 0.983949048642632 0.988197360236535 0.506630622190357 0.64033480526439 0.626018882414072 0.652684143678867 0.96803145003088 0.991019967032055 0.985077911044915 0.984359234094133 0.986548419370752 NA 0.995999996071888 0 0.989217580502838 0.992491211895118 0.992552821466908 0.971072695077587 0.979072086902891 0.99247341352644 0.992140148491505 0.991770350118913 0.989989730589699 0.992560957682898 0.992530995704215 0.992279144690866 0.992547199504848 0.992331732256029 0.992351580123444 0.992750120562653 0.992500179795208
0.988350350121604 0.980120594755543 0.980769588967877 0.980114665961507 0.678813679366689 0.71119152809313 0.629824972174566 0.740249691792618 0.987389145202343 0.98729669859796 0.976165556271121 0.978005077370459 0.984540262165081 NA 0.992008005125127 0 0.985303128758792 0.988024837688783 0.986479388139195 0.982848471789152 0.978758535927927 0.98816936914224 0.988205015638092 0.987488964201588 0.985001785106544 0.988149509208365 0.988308840525958 0.983839802747371 0.988172175836499 0.988159703439998 0.988266838483443 0.9878652090781 0.987937857682947
0.996659734150954 0.984992018147128 0.988908412896156 0.990329812153487 0.729144530173764 0.70729303695457 0.634904220495279 0.669285489548086 0.994305426730306 0.984621464440294 0.985520225524633 0.988788090682931 0.984392357836576 NA 1 0 0.993390543616273 0.996577863521905 0.990785413602359 0.990524064764412 0.987038965129323 0.99676363087381 0.996538203511395 0.995858899726836 0.995494663119553 0.996514483722746 0.996439985844283 0.996138637040065 0.993796607110646 0.996749148877315 0.996733800745305 0.996321712196987 0.99646519984281
0.983472077196003 0.969434785805881 0.969735504755708 0.974460082808549 0.67442409073942 0.731659062496084 0.644064254718316 0.71333322132865 0.980113084759754 0.982297246407544 0.972335114176025 0.969294211114818 0.974051894850009 NA 0.988024020308834 0 0.979220065007145 0.983109264855077 0.977522670620494 0.974967088146269 0.967044868882172 0.983302771747624 0.977989150920369 0.9802658572245 0.980595962971217 0.983066678143527 0.983416997729937 0.98270243472317 0.980954401409872 0.98335154409405 0.9831110624742 0.982461239133344 0.980631116698154
0.997141647567866 0.964191549798714 0.980807008430387 0.981045439413553 0.612564535724897 0.61633820515355 0.504026729673346 0.56730153182527 0.994406869413342 0.993497091600527 0.977185734633933 0.982326717821484 0.983480988944435 NA 1 0 0.991357570573857 0.996808405054338 0.987721314382751 0.983993375545499 0.974805934054114 0.997031721550693 0.996969943740355 0.995630882261547 0.982829841357609 0.996993687460865 0.996875173425593 0.996744956868507 0.995919230790134 0.997015809400533 0.997145020379797 0.996848011129628 0.994435508599431
0.989243571480339 0.98964975764332 0.98003009148564 0.976369908092244 0.602591789334528 0.810775756673765 0.617659006925345 0.72295284384598 0.988404208058462 0.982589560175976 0.96544165506369 0.980300832714941 0.975867017373915 NA 0.992008007634387 0 0.986028300679473 0.98946467249729 0.987480713812037 0.983925066701192 0.964850339390902 0.9896693892668 0.989347626781411 0.987314948414275 0.988501912999662 0.989419062967244 0.989484416313037 0.989086310744236 0.989503383114635 0.98927371764011 0.989374830705848 0.989460436248905 0.981393413450312
0.993294029576405 0.982869653653684 0.982688015180445 0.987246805315448 0.57801035648929 0.666524584702982 0.546301285217549 0.734901787924736 0.991904892389021 0.977953944755687 0.984747324985918 0.985997588635734 0.981815186267645 NA 0.995999997241588 0 0.987848569419597 0.99326347890804 0.991341644187203 0.978081444343876 0.982543252417551 0.993170598092216 0.993135516998248 0.989903151416399 0.987064590420558 0.99323832172381 0.993060776094695 0.993061595584083 0.992774365096065 0.993252339707523 0.99331812148402 0.99276860760056 0.991781579025438
0.994367055074483 0.994363263282669 0.970808246477899 0.978544262761917 0.76759430705925 0.628864825953857 0.653769329308939 0.70699663421218 0.992168719148942 0.953044569754147 0.970524858027949 0.972372407820431 0.974685420420267 NA 1 0 0.989383069701003 0.994676444464516 0.989271802512842 0.966396120087349 0.96113357028615 0.994832076095939 0.980837493577096 0.989466357102056 0.990445872968522 0.994631903931154 0.994471812060617 0.994333770187899 0.992899156787279 0.994670922942612 0.994368268374056 0.994539403428953 0.992502462684017
0.990745431409627 0.979919689936664 0.984386330968858 0.985980351355227 0.560757337494892 0.606350012861605 0.650217981522939 0.588065170590501 0.979331443383052 0.989834570152089 0.980547238255699 0.983119662541329 0.979668112334762 NA 0.995999979761425 0 0.987434499148664 0.990619756991513 0.989122859166186 0.985632598365533 0.983523537677903 0.990741414990145 0.990600938753198 0.988770483153781 0.988847482173909 0.990353192794048 0.990707954602214 0.98983179136049 0.99004638217906 0.990450214720079 0.990444824929737 0.990164302740188 0.990363155642797
0.996494249931292 0.984389045534177 0.989541403604132 0.992114155051159 0.685110875957541 0.730793634056019 0.718458432542675 0.757848132543132 0.995766271447244 0.988616939461155 0.991208209040199 0.989759688202598 0.992237953299749 NA 1 0 0.993629617331008 0.996584348034588 0.995285081837914 0.992299268357057 0.989304696719525 0.996602153841494 0.996583158224191 0.995836518542054 0.995213360281931 0.996408428031131 0.996646510160198 0.996332690789154 0.995606054636705 0.996586249945095 0.996478410100432 0.995873815019167 0.996470626098748
0.990997128898796 0.978115447553308 0.981821326709281 0.982713627620678 0.533392230492559 0.679561664263521 0.65669653730664 0.651854943390367 0.989240113147725 0.979153455899529 0.969929674220512 0.977419638184621 0.977639116213223 NA 0.995999999913427 0 0.987499008766136 0.990876996518453 0.985624870415286 0.969243777099072 0.96977024949302 0.990919895666337 0.990722049603378 0.989130030650162 0.977810985827512 0.990690510127149 0.990576672428542 0.988917864959227 0.990318536991576 0.990960784554374 0.991005088885377 0.990391183592754 0.988113397032659
0.995111642556341 0.995175618552928 0.99056362746704 0.992083619175572 0.623950613158829 0.580611793337673 0.71847678335594 0.66247071826326 0.994159492289481 0.98914510920334 0.985654548697885 0.98606420864982 0.991718786344339 NA 0.995999999123111 0 0.992983775077148 0.995049592482985 0.985410816019726 0.991517592771696 0.991714802137347 0.995402841808159 0.995165552258408 0.98933787282538 0.993174999918492 0.995233408287571 0.994951630941784 0.995046830839211 0.994636252139215 0.994947826705221 0.995003794669967 0.995131686223366 0.990400081724889
0.986582226057743 0.959314754368919 0.965078387620029 0.962492246937041 0.634843826395087 0.678301373414567 0.648575374790549 0.690331615831733 0.980067154738304 0.962558681926334 0.952521089415795 0.961624855741397 0.967199093567137 NA 0.992008000632441 0 0.981802272702535 0.986298717562225 0.976962146575258 0.968717917159455 0.942032466607444 0.986683939752297 0.98671731311352 0.967797629512834 0.969524378133379 0.986732211126932 0.985842702534575 0.980370219123099 0.982732682397633 0.986544448120979 0.986504804560872 0.986468592348216 0.981575530842285
0.986036317428423 0.98606663572452 0.975709863157652 0.969596518786628 0.548500680412564 0.661809446484153 0.704931208068803 0.554369833380838 0.983499758784905 0.981800231662666 0.973744568752814 0.975702157439654 0.978645425025346 NA 0.988024017988711 0 0.983037724651657 0.986484445117001 0.978550659345217 0.980080091352615 0.967858149190214 0.986012373458202 0.985943688758097 0.981928306473416 0.981379135278177 0.986118659822178 0.985470858066978 0.986180381343103 0.985217797635128 0.986158079269075 0.986163030519209 0.985348284353451 0.98589142896327
0.995746190152837 0.99017074562596 0.991561612579348 0.992779255858616 0.736906787211821 0.722183629538229 0.770421242714198 0.646164623603543 0.994448015895273 0.990280758692211 0.98998228396982 0.991627437098248 0.992149306670362 NA 0.995999996198092 0 0.993810730316192 0.995634342195907 0.994554164110125 0.993622706680692 0.985207589696429 0.995817885908706 0.995732815680424 0.995331936421851 0.994737996370491 0.995722093996602 0.99570205397374 0.995622455820778 0.994987508253571 0.995780080006383 0.995656151986593 0.995538778021651 0.995722466036402
0.993636029351529 0.967255016760486 0.976011774063156 0.977723580678793 0.763709950218941 0.584324672598862 0.694177796286424 0.665465668484349 0.991614452513969 0.9921603356778 0.974634890066433 0.986342629176158 0.982976256066833 NA 0.995999998932265 0 0.990461419580322 0.993684389799101 0.991433946636473 0.983172233045806 0.97916928008222 0.993354145082038 0.993354914459682 0.992142877359323 0.982084113064823 0.993347971474196 0.993247885769651 0.992989878901167 0.992513132057457 0.99368039777927 0.993385374611163 0.993346308488222 0.99305198396405
0.994473597147806 0.986206964176537 0.989545424633478 0.988128799938587 0.635626923461035 0.726458936674585 0.56099588758577 0.76099070996729 0.992116684712832 0.993201194843796 0.990302404359542 0.9904720373762 0.979015186211011 NA 0.995999986914343 0 0.99182559722653 0.994389524945715 0.993496139390109 0.987835225926516 0.988672364010935 0.994469581422788 0.994234930159854 0.989109444917232 0.993708237866489 0.994341176625066 0.994289772869998 0.994365195898685 0.993556837298707 0.994553213391528 0.99446548153898 0.993246372356725 0.994446450445772
0.987156538237684 0.972206091057835 0.982897291397942 0.981789532467028 0.635731448392822 0.633887731997327 0.601811831444854 0.75933310374216 0.985539666039588 0.977433155561993 0.978787242759042 0.97805294280724 0.980311635134632 NA 0.992007990214064 0 0.984018265069865 0.987210160694936 0.986508442225256 0.982420745341 0.98216222751244 0.987347553369718 0.987144171449878 0.976405956508771 0.986985866947699 0.987335505358106 0.98724129132328 0.987227386734107 0.986848597331315 0.987462808783115 0.98716253994323 0.987463960423694 0.984426191667001
0.995620122145521 0.980020687304264 0.988983491672697 0.987159324735211 0.775109012117892 0.73802999939192 0.715123474437343 0.679978937596616 0.994391920649274 0.988872797779143 0.987518215828337 0.98913338221693 0.988156364564306 NA 1 0 0.991968068987278 0.995634100110067 0.993286178339228 0.990613157571363 0.982569763730742 0.995721823876565 0.995410613114919 0.994946297113106 0.99398213188268 0.995597903873778 0.99553481276218 0.995689049823412 0.994910497210361 0.995450456213448 0.995532673633311 0.993267170544518 0.995429659778076
0.990425684193437 0.990266444885905 0.981854500240168 0.985667343679175 0.535498351922457 0.694213847770147 0.592403865762483 0.618650576184752 0.984138138607989 0.989617540640227 0.973210898178257 0.979503281507406 0.985893566242938 NA 0.992008003510713 0 0.987526859130108 0.990475618220992 0.988570500399878 0.986943757758773 0.984493872344963 0.990250517271407 0.990225087649861 0.989564444073366 0.988880994138924 0.990158685072531 0.990094326761935 0.990245512348207 0.990223006682269 0.990314476994671 0.990166017060124 0.989403023467327 0.984120216222882
0.99726533491092 0.992165033948365 0.987901150367781 0.993550761816753 0.762262783496429 0.607785737452817 0.759095344760272 0.659681736022629 0.995769664059567 0.990313140706605 0.99038008403266 0.992763720532932 0.993940869690759 NA 1 0 0.994546331368214 0.997120260981519 0.996328505023257 0.993176643077822 0.992367776451393 0.997197623040718 0.997061802886456 0.995050850523175 0.989644390133096 0.996997711031514 0.997029775143303 0.997109646636929 0.996918688880579 0.996957673373212 0.997185575072482 0.997077446736577 0.995330902821227
0.99326335122298 0.980100555529196 0.985361613531275 0.990740497237872 0.619360604688234 0.690689995384372 0.675800688045233 0.666735481972932 0.992818867291794 0.979859300254238 0.987903108568174 0.988184299731505 0.987425381217638 NA 0.995999989755495 0 0.990530455880843 0.993227980072276 0.993127911675632 0.989525710436118 0.987103211569474 0.993267247155422 0.987633485704765 0.992302006708397 0.992893111865304 0.993307295446128 0.993374259223332 0.993263100575559 0.992844652681347 0.993331039147366 0.99339329775386 0.993327789207742 0.992390837524117
0.994552830538192 0.975058846376397 0.978954604445676 0.976766234261742 0.571211421703122 0.660332299948648 0.613120850773774 0.654208202003006 0.988458168953716 0.96911893030408 0.97002693362748 0.969341233235237 0.971604878806872 NA 1 0 0.987801981336406 0.994647701888045 0.98992614001187 0.973415893995093 0.973355834138056 0.994199856908364 0.993807467914854 0.992808633494051 0.986162217152657 0.994519257929933 0.994354331279946 0.994065656330324 0.990996362470927 0.994720658643118 0.994484639574129 0.993743809099635 0.992424214253622
0.993559897610792 0.993197433987108 0.972851602537737 0.978466337855362 0.580763724627568 0.63740510169295 0.610769900764989 0.608286424158039 0.992125252338649 0.984164639062886 0.98673369241721 0.987265003373183 0.97934143216715 NA 0.995999992160313 0 0.990768296092279 0.993422191521069 0.988683621449353 0.955185989091989 0.985711706263185 0.993025537743284 0.993396374157685 0.992221499504339 0.979415182794077 0.993185105785915 0.993228937707585 0.993079649298617 0.992832465395572 0.99317745008033 0.992993577668643 0.990840155627961 0.989899145088042
0.992690580168042 0.985444231396392 0.986118677751762 0.984631163751906 0.745301848455807 0.680178838091947 0.549173085836429 0.592280161149169 0.991397881774541 0.976576077438067 0.985795622479573 0.981323531714123 0.988886286573248 NA 0.992008000992225 0 0.988808381965807 0.992521042701763 0.988206722645504 0.978807025333079 0.98188707863335 0.992355601565714 0.992502388467578 0.992249958911685 0.99198419429941 0.992640277837528 0.992582456136248 0.992375849630365 0.983286790652015 0.992538700242684 0.992606724285584 0.99244642072817 0.991859618002363
0.993084181033791 0.980539331254063 0.962180735895753 0.979880104100547 0.666985116562629 0.552536965084053 0.636716046616559 0.665022720647541 0.988411267342388 0.991181454166716 0.978150443054576 0.979007524493595 0.986434324206803 NA 0.995999997984193 0 0.989357348837083 0.993084012867337 0.987328627771895 0.989187351503932 0.977800055167194 0.993279508430845 0.99250397758939 0.992915260948586 0.99079307551612 0.992942442863876 0.99296020091224 0.993013493498504 0.992706475414552 0.993331003922163 0.993033890608272 0.992957647531071 0.989616907001247
0.982163029764595 0.982384635485625 0.960120893559155 0.973057948092943 0.591191273733639 0.542138217583665 0.661227180796829 0.644575384657506 0.97621734471729 0.976232976739258 0.962304111324461 0.964966769951133 0.966815162571863 NA 0.992008007274603 0 0.977453418238888 0.982028951712664 0.981001894371246 0.963631237233601 0.965823665788445 0.98212745421365 0.982292410360227 0.981330372522564 0.980079869768582 0.982322781526399 0.982535642339441 0.982301938006184 0.980865864432855 0.982392430836771 0.981868826493954 0.982233402032138 0.980834205527443
0.9919693082844 0.991951478465689 0.985577336402408 0.986967682528797 0.66486302183673 0.629991432360403 0.743461638369647 0.663166319630246 0.988961338793612 0.990923448933509 0.979294447705782 0.981137459969273 0.976448433917333 NA 0.992008002831505 0 0.987907717136959 0.992038813842213 0.989934251315571 0.988053340534485 0.974634176153931 0.991853616530527 0.991831496495182 0.990280901752868 0.988715619849095 0.991836286869519 0.991889596462849 0.991973798437209 0.990874336831983 0.992014909937369 0.991837696506956 0.991607012087929 0.991463856642543
0.984598728999637 0.984646048347344 0.971245851043129 0.974998433572456 0.540065071811459 0.527770772604273 0.621319957196265 0.588074381039279 0.983029616309466 0.981338140136349 0.962474311504513 0.96997533234719 0.975999618648042 NA 0.992008001060261 0 0.982401208210412 0.984280525492207 0.978650409018055 0.966527011105775 0.972524536552794 0.984954264689362 0.979659668792108 0.98465556302053 0.973256231166534 0.98370150376105 0.98475273055171 0.984216678893903 0.984590061917347 0.984856010184158 0.984518912228162 0.984778909150989 0.975696712194399
0.988763747425817 0.988680492145523 0.9734846330288 0.972556664435803 0.724032133842859 0.67791890703696 0.730707823868986 0.661939178805487 0.979713647364724 0.985874370875703 0.967714713058313 0.959705578835855 0.968462061299748 NA 1 0 0.98448463027045 0.988803378691604 0.981180637414686 0.974990451349502 0.957374144003351 0.988887395166848 0.988230638627253 0.988519516674304 0.982111489702866 0.984636886092195 0.989176316295573 0.987229578649795 0.988894366853743 0.988951138961229 0.989249449504662 0.987490579826348 0.987527794073862
0.976011417863206 0.912884073430473 0.925637889006165 0.915350052839628 0.640364899926694 0.568564648540404 0.680784651818761 0.701261373707245 0.953663179405452 0.913331128624132 0.910298619515385 0.917783563005639 0.918321882553877 NA 0.984047991368924 0 0.96813675295238 0.97593236249704 0.923436770466371 0.923747901692128 0.911852166522949 0.975861002802291 0.970715672160641 0.934773227029175 0.921851720034843 0.97572216614966 0.9759956094723 0.974946248457669 0.962155570473889 0.975961935832783 0.974029263557561 0.972177415633306 0.972842502000678
0.990076478677796 0.981909673858146 0.978280565378304 0.985683540910315 0.594432529712319 0.498675661081296 0.483487730617567 0.551336424784141 0.989529365240672 0.987945615325288 0.984315633688839 0.977530488557012 0.98453707391714 NA 0.995999997602502 0 0.986610105393746 0.989815191124526 0.987313019356301 0.985072575789028 0.972242576670961 0.989944446527268 0.989538347601946 0.988558373686026 0.988170865209268 0.989825359351563 0.989924662810601 0.990154160234633 0.987529158722547 0.990155453680827 0.990144041029827 0.989949294911857 0.989750380162792
0.990726663511787 0.977768520337499 0.979343779293343 0.97773542393681 0.599385194882153 0.553421437802665 0.568814433675325 0.708687618991393 0.989344797207734 0.980047222569631 0.975115464844821 0.979155901752442 0.981966284803069 NA 0.995999998162726 0 0.986479702901136 0.990927976823708 0.986234852818656 0.972872444440802 0.981324944936733 0.990554605200326 0.990421712060482 0.988275934447049 0.990115781506722 0.990977790680594 0.990509818258654 0.990630995598917 0.988028751246406 0.99089406296102 0.99082197113422 0.987533034365636 0.98982791587042
