"U_1_Gam_alpha2F" "U_2_Gam_alpha2F" "U_5_Gam_alpha2F" "U_10_Gam_alpha2F" "U_1_Gam_alpha1F" "U_2_Gam_alpha1F" "U_5_Gam_alpha1F" "U_10_Gam_alpha1F" "U_1_Gam" "U_2_Gam" "U_5_Gam" "U_10_Gam" "Sylvia_Sparse" "FM_RevJump" "MBC" "DPM" "FM_Raffaele" "U_1_PC_alpha2F_01" "U_2_PC_alpha2F_01" "U_5_PC_alpha2F_01" "U_10_PC_alpha2F_01" "U_1_Gam_ProbKp_01" "U_2_Gam_ProbKp_01" "U_5_Gam_ProbKp_01" "U_10_Gam_ProbKp_01" "U_1_PC_alpha2F_09" "U_2_PC_alpha2F_09" "U_5_PC_alpha2F_09" "U_10_PC_alpha2F_09" "U_1_Gam_ProbKp_09" "U_2_Gam_ProbKp_09" "U_5_Gam_ProbKp_09" "U_10_Gam_ProbKp_09"
0.993105543662487 0.993264831482129 0.988144755351452 0.986364177202364 0.770442370269171 0.771998881715383 0.824084620318276 0.816403980472922 0.990563291384247 0.990857339850766 0.986085412823467 0.984842333038147 0.982949552745459 NA 0.997645100588696 0 0.983511760637636 0.993219331438157 0.99334031039502 0.986162622707151 0.981005628039968 0.993217453277753 0.992261933792281 0.991996036751105 0.982724884253983 0.993222163895804 0.993276822602927 0.993070160549587 0.989646744422746 0.993351274309182 0.993042617471369 0.993268741725571 0.985707327545046
0.99110865345239 0.991260341336479 0.988161380049068 0.985324864143236 0.822302401080011 0.853803464448608 0.797026053012455 0.805567574607413 0.987615495553244 0.987311916150327 0.985135877115171 0.980983457602878 0.97939808392894 NA 0.992764064139953 0 0.980943645991354 0.99146803946626 0.991357761605843 0.991452659690325 0.966011086749696 0.991008832511464 0.990810911284253 0.991345693406897 0.962046570949723 0.991204903602274 0.991067609287785 0.991085082447671 0.988061584514198 0.991337772369441 0.990794356955292 0.991342737080926 0.977500026279267
0.996418065042414 0.996056395483308 0.994103578243875 0.98909707586149 0.770954201876269 0.82659135121609 0.783064576051786 0.81894063501619 0.993532240764285 0.990918595455132 0.992101663363463 0.986975247360477 0.987207691006265 NA 1 0 0.986314123400741 0.996315106443552 0.995201512595055 0.991673877017975 0.980978686658811 0.996385585266699 0.996247095574076 0.99376494991631 0.976144102966807 0.996304396855274 0.996321972607473 0.991551154866155 0.98994801413566 0.996247128990852 0.996181810125561 0.99609346016945 0.986376107691784
0.993554574639718 0.993711980146336 0.987259822196957 0.9878464375802 0.843678996517297 0.809075902445 0.831822525539746 0.835480832534544 0.991740228807844 0.991183158703818 0.990046747343313 0.987966991660787 0.987394963512254 NA 0.994787276144938 0 0.984189027815463 0.993495222747049 0.990662615025487 0.988722398076958 0.984933542390575 0.993427546549218 0.992612406330398 0.990156565427492 0.986731600860568 0.993635506620954 0.993570801034403 0.993025590918229 0.991179262714956 0.993579221370005 0.99365400726656 0.993796322494298 0.987119276418127
0.992619548854148 0.992620184833053 0.988855488773638 0.987546334541196 0.820542771478647 0.786823863527194 0.769133198803824 0.820805935881758 0.989946333988851 0.990907594488622 0.989449611372188 0.984977843558755 0.985152212148674 NA 0.995038454325046 0 0.979357389890313 0.99256878010176 0.992654204938015 0.981253598261416 0.971061614796128 0.992603010890705 0.992561555281912 0.992088483025359 0.986954502363563 0.992400763731276 0.992500771055131 0.992303326284034 0.985850662821224 0.992591380649049 0.992574365369024 0.989869386958515 0.990549413192093
0.9923510489767 0.992401037144124 0.988435525739547 0.984194308645373 0.763680422882308 0.802051669675095 0.820260402924496 0.829918217046065 0.988865412418602 0.989511260594722 0.982331536163242 0.982976953638625 0.982492744006976 NA 0.99497065423652 0 0.980434762614022 0.992291478996869 0.992488669684579 0.979780632074584 0.974706443414762 0.992395140533648 0.992097084236783 0.986353378844063 0.974475864782576 0.992521434236668 0.992359054092438 0.991720858450624 0.985110023792423 0.992277886860065 0.992552205382131 0.989968030274423 0.991407464757461
0.99349064900459 0.993487382874958 0.989006862140652 0.986766792732807 0.808617544918961 0.832979340784869 0.836541116306462 0.845252666472768 0.990660329464289 0.989065893509744 0.985903477622227 0.98631863042151 0.986216138302878 NA 0.997516648447342 0 0.982874320910326 0.993431705413292 0.991344513491149 0.993343928625312 0.973279141446855 0.99344950754129 0.993438118339456 0.989272558929099 0.981855669570743 0.993436405466879 0.993311607570217 0.991972141063562 0.990173423139509 0.993375578573369 0.993524522585503 0.993081906193074 0.989735753570371
0.983884561868468 0.98399511531046 0.977610159466674 0.977397967447498 0.812622517752567 0.782986706305389 0.785322765892504 0.828671363634199 0.981633094548552 0.981251191338693 0.975618343405501 0.974373215404198 0.976311077085324 NA 0.984952065874172 0 0.973261488427266 0.984135980147779 0.983959809805084 0.984110737439494 0.96338714156197 0.984009611637933 0.983809752483672 0.981628658807717 0.971327018530612 0.983979696927094 0.983867170795639 0.983001673011847 0.98207888139591 0.984210255601017 0.983388165201265 0.982197487328236 0.982439215273837
0.990343625781282 0.990179960603393 0.986733084956567 0.982276071982216 0.78437589738935 0.811520672367937 0.804725278708926 0.808607368725478 0.987982976616637 0.985098575233039 0.983224517825981 0.979610142462823 0.980002060844713 NA 0.992545860292109 0 0.976413779440926 0.990412339282817 0.987948115077178 0.990430095513015 0.966449730716085 0.990487516369897 0.989885465403283 0.987369162007779 0.982548022736673 0.990437702583262 0.990388705630253 0.988715017870954 0.989723328909418 0.990325774100058 0.990578749426848 0.989680634085764 0.977662566300615
0.984836069832354 0.985377762290901 0.979403940402376 0.979183766308326 0.788650743050452 0.802828294276393 0.800807005879754 0.807960453552182 0.983094885623241 0.981171992924778 0.979767091337455 0.9725665680011 0.977196038068239 NA 0.990270097009092 0 0.972882788432478 0.985207172489774 0.984855058959437 0.985200938421122 0.963729281874119 0.985221101141686 0.984923352639444 0.985138443230719 0.960434073569985 0.985030191351838 0.985010050821335 0.984851609942546 0.979798781411337 0.985100012310685 0.984867929778715 0.976655625305278 0.974278648232129
0.995357731320872 0.995335063603288 0.990616839885543 0.990049154656064 0.809891028123759 0.819927041047809 0.79424355836133 0.851851041399014 0.992778446685901 0.988198560466163 0.988950279655743 0.988477119619669 0.988173709649365 NA 1 0 0.983375608908262 0.995302820448697 0.995292360597005 0.995277476493408 0.978585435222192 0.995272576161678 0.994881586472643 0.99255798291977 0.983144231153757 0.995354640147208 0.995477416856496 0.995319159572824 0.991581846022323 0.995280670904883 0.995345973089435 0.995288232959054 0.991369654561091
0.987825040025555 0.982857144255434 0.982138522621389 0.978234176255927 0.830229478192436 0.820287164569236 0.791672923098343 0.81278355498517 0.982444576703668 0.985213939309118 0.982207493109211 0.979492968669283 0.979596140756441 NA 0.987376699791158 0 0.979224675153184 0.987593318912966 0.987525547147585 0.987776619198081 0.968425197877783 0.987828274443203 0.987324036761914 0.975858703091859 0.963538893511796 0.987739971639424 0.987894228288364 0.984496269815901 0.975551464313015 0.987864364662664 0.987841775154228 0.987018123802522 0.979947763413449
0.990944044031879 0.990817905095809 0.986923344464915 0.984547827838451 0.822241444485369 0.774221377757365 0.829435996695291 0.824541525891996 0.988355416885095 0.988782378945446 0.984811764318896 0.981471201996261 0.982496927634331 NA 0.992568589352838 0 0.979688522141133 0.990672959201051 0.990881968460872 0.990668841430173 0.980810896853478 0.991094032064422 0.990552293437436 0.990503808153642 0.981916391035771 0.991063043797199 0.990795931676067 0.989970213799491 0.982456435413513 0.990930662709177 0.990670642065869 0.990916838886619 0.982708300727476
0.996210928680021 0.996304869333158 0.993873613485636 0.99203827057698 0.81032923810793 0.810826889207301 0.854697265004589 0.808606234548953 0.994496651644603 0.99464567788324 0.992652462439041 0.990895467705678 0.99063793705673 NA 0.997499234869803 0 0.987689627504452 0.99625638629897 0.995321931036498 0.990249547225469 0.982174106486424 0.996271075175869 0.996365657460905 0.992369306583056 0.985005758477765 0.996369468275094 0.996272639116341 0.996357847489741 0.995024956295169 0.99632700752619 0.99629970408807 0.996161981144169 0.994070230617858
0.993993068567486 0.994062037458722 0.99376688450088 0.987412007014856 0.803997450448532 0.805950884876879 0.782878832583265 0.816607198960598 0.991430736925985 0.99197310646801 0.988169435976519 0.985406676056683 0.985159309251385 NA 0.997647521581824 0 0.98309851606496 0.993757068747461 0.994000270949266 0.993707012752784 0.974207403758904 0.993973620471547 0.993870415821063 0.9935274942795 0.990195263012971 0.993655752100553 0.99361330813042 0.993525098031411 0.99345772675925 0.993932709016172 0.993646086437503 0.993446077910708 0.992191901473367
0.993869836652993 0.993748329400721 0.987380167722723 0.987429872774724 0.853654557831789 0.827754060132819 0.888145996788893 0.866154388126821 0.989845533058879 0.991720508336796 0.985307438811568 0.983116872827592 0.985124444976031 NA 0.997576380459616 0 0.984313960560053 0.993748379388909 0.991612536107956 0.993057569996817 0.97578836750634 0.993676292259968 0.993794329746652 0.993311377262145 0.982791608514157 0.993659525508996 0.993644135270727 0.993555964641933 0.992084601401179 0.993826158016426 0.99354088639351 0.987501881511711 0.992158044480917
0.991427567129682 0.991202886518888 0.989037692294379 0.981706724339931 0.786765198395082 0.798451921656092 0.796260796148671 0.838220942467213 0.988017865187594 0.988843422996988 0.985491926612785 0.982403554086606 0.981356856488099 NA 0.997580345237314 0 0.977845510338951 0.991077169684543 0.991543397052104 0.982784581579003 0.96370873213843 0.991259356187088 0.991559028908206 0.988177497257854 0.967566341654273 0.991120051571288 0.991256759245406 0.989177857931095 0.988610211211863 0.990996555241038 0.991146070207849 0.991275281557654 0.985880562371926
0.994282029814062 0.99422059538675 0.988325110492788 0.986394423669897 0.804475141407662 0.802685529553515 0.79062365028151 0.844018295288096 0.989013937676331 0.991641524115152 0.986873986689523 0.987035257844419 0.985897271618574 NA 1 0 0.984481934463791 0.994160425318145 0.992243997581998 0.976861046874015 0.975493574868989 0.994206578787518 0.994501793679024 0.991823115227811 0.969666220798924 0.99427117947907 0.994102813844071 0.99412656243714 0.98925081652563 0.994555603706538 0.994374296380803 0.994326369062386 0.991172681301353
0.994083124332229 0.994015981037764 0.988407777474664 0.986662161257854 0.797590126900987 0.825605521666001 0.826733811935376 0.823431274057844 0.992079051432023 0.99227705250276 0.986906742839251 0.984880651568808 0.988107253874327 NA 0.997229920159788 0 0.983483080874885 0.994083449977464 0.992073056803589 0.987249659479451 0.984251108451835 0.994188357044326 0.993998944835472 0.983519612652633 0.983852594811485 0.994125407324239 0.994185213654748 0.993563826984575 0.992073264002759 0.99417088330341 0.994231861582411 0.994227952152375 0.988700055826844
0.988459288141143 0.988359574833901 0.981746654932895 0.976956581596956 0.776509905710244 0.781170335406068 0.787304674004432 0.81250042738156 0.984250356806865 0.986762855901466 0.975177656428056 0.976726991662026 0.972515281391725 NA 0.997366481861282 0 0.973202031198233 0.988422096656623 0.988636050654181 0.979005439690696 0.957726392448202 0.988491733525622 0.987601814317151 0.988438366422034 0.972495994288899 0.988576892945381 0.988151387933867 0.982470853330373 0.984745224552682 0.988207184798476 0.988389702929817 0.988241811324175 0.973258733712606
0.994571580728104 0.994494147264619 0.99164362224762 0.990272001102817 0.768504887838137 0.828485080368457 0.809326760688601 0.811651947102561 0.992441467159071 0.993125992490597 0.990824796904066 0.987643674868788 0.985367178058245 NA 0.995062744545006 0 0.981433807754691 0.994662331193019 0.994732592247708 0.991275816786597 0.984600412893846 0.994683611299075 0.99449755939161 0.994624534385651 0.985613523897021 0.994402016565517 0.994550208637345 0.994350175801436 0.98549311956494 0.994583369123045 0.994872908423439 0.990211280142331 0.987885676359839
0.992576720470754 0.99239934022147 0.987982624704988 0.985105145044798 0.831931741925504 0.778279656927589 0.82993111308324 0.826719248452623 0.989869481440671 0.990656352402182 0.987533802441696 0.983956982561831 0.983230997043623 NA 0.992524811410822 0 0.985360096678477 0.992512878733414 0.990725284000179 0.99239829185334 0.971190748501956 0.99261219458293 0.990848112082859 0.992520596835691 0.975656034454765 0.992458814502568 0.992354780963322 0.992169195077683 0.991277319411343 0.99256772277812 0.992363127951216 0.992324882856587 0.984666900581039
0.988296355870992 0.988156730840062 0.982744326820938 0.981224891283095 0.797857686696389 0.862611681694675 0.808824255563243 0.842032015466157 0.985598893470831 0.981714630873888 0.982131644490816 0.981546200354569 0.981272157513844 NA 0.987606941119769 0 0.980909173406161 0.988232430906705 0.985611884063973 0.988276432318663 0.972591700007639 0.988412349752249 0.988001614284883 0.984497180623778 0.970053057421366 0.988174947962626 0.987930359601053 0.987892379487751 0.985304432547781 0.988287807240093 0.988255947115764 0.98711512501215 0.985843353141611
0.995681475128104 0.995599166737002 0.991306096086512 0.990975768158074 0.866385053067651 0.799519421058579 0.81718683976068 0.864023592650619 0.993882023771097 0.993334642823696 0.992604202660526 0.988017605957446 0.989667478012455 NA 0.997619636571019 0 0.984281379307365 0.995636829709774 0.992736023142423 0.995619042377412 0.985051668145309 0.995746841098219 0.995521568284716 0.995228305552892 0.977909418608671 0.995703996717215 0.995591050864812 0.995302638513946 0.991954448751754 0.995698230859111 0.995780109890851 0.995191096013126 0.995267762736962
0.991359262955001 0.991160610335465 0.991259627701886 0.983067853817772 0.785692396289406 0.731482765124179 0.767858979122706 0.807662308052628 0.989020847471181 0.987448231843379 0.987017100746705 0.979916703907657 0.981080983515072 NA 0.997432022326447 0 0.975725828448278 0.991191111003587 0.991389248585433 0.991381330304175 0.958045139249177 0.99138164543269 0.991245645970527 0.991213571730535 0.966030392091869 0.991275242210159 0.991097986662159 0.991348154678217 0.988357530070779 0.991531385458379 0.990462227271093 0.988194435247475 0.983702696483397
0.993384687104936 0.993692956242745 0.987625379461063 0.986855464294742 0.796061227692927 0.800438216012233 0.812300815328771 0.814675562573506 0.990383470020515 0.991323678426608 0.989056609840743 0.985000973665802 0.985753008645111 NA 1 0 0.984314048691197 0.993681401619474 0.9911771150323 0.986406692275431 0.973673265652989 0.993471528471758 0.993446634798376 0.993558450225256 0.9917232772365 0.992920872530299 0.99339234155822 0.992008461350177 0.984304125760914 0.993695218851565 0.993047647261607 0.992012157937554 0.977213163402873
0.989184560008511 0.989227936863197 0.984615751875718 0.982869504392367 0.801856514311806 0.819609283579783 0.825925537602708 0.808577533559608 0.98628776063204 0.987177402402041 0.982618566967738 0.978088663129437 0.981345638666541 NA 0.992484420157095 0 0.976663775775967 0.989140268511314 0.989288485332767 0.989342191542039 0.976111363297999 0.989183014400923 0.989383232897406 0.985015447517841 0.975809452688782 0.989373369579471 0.989249932584932 0.988809048539456 0.987577242672373 0.989251622379226 0.989374945081684 0.988802573461604 0.984636527693488
0.990267509536127 0.990300586611334 0.980356912476203 0.979029515043637 0.798607920291665 0.7886316206944 0.784679749553009 0.840690106398207 0.984705490457614 0.986269907950952 0.976143258234171 0.977336394491641 0.975239899844575 NA 0.989606315918386 0 0.985490633226894 0.990179296087879 0.990196046273515 0.9902087366531 0.960996909086114 0.990016086267105 0.990296453080058 0.989783172496958 0.960098890458903 0.990197207195887 0.989804819003147 0.983293733283196 0.976738664471631 0.990327379409172 0.990043059139781 0.989451681867306 0.986559802856749
0.991922759319677 0.991864875364523 0.988485350562849 0.987426057040174 0.78600287301654 0.829738973165682 0.821637502767726 0.827053661971856 0.990540151281967 0.990214058543827 0.983956393334496 0.985835011591513 0.983982926467031 NA 0.992408510613554 0 0.981872103413979 0.991824486287045 0.991816083267161 0.991685815710769 0.976044404304248 0.991974428510342 0.991581055590819 0.988121778256651 0.985237843957507 0.991790879576396 0.991879657986518 0.991555812022754 0.991124624653202 0.991825052088194 0.991441491648033 0.991806030178922 0.988168732226205
0.993611009947772 0.993277309191235 0.986124055110514 0.984678570089073 0.827208142640389 0.853958418829363 0.816176683864199 0.82628269606154 0.99047291944821 0.990237581991892 0.989670675807925 0.985084263698281 0.983144565847351 NA 0.994880691072257 0 0.981676340117715 0.993369923197338 0.993377221079016 0.993462052926996 0.97374501555805 0.993478976311368 0.993392371603994 0.987124411241575 0.985164029497099 0.993538250516427 0.993422577546482 0.990706111285877 0.99311420139649 0.993550216239246 0.993539187672908 0.99325436094541 0.986767450163311
0.989719483444339 0.989553315476471 0.98132380806724 0.979103087257658 0.781341663342601 0.798568159293938 0.829644874758687 0.81732337618903 0.984935724514336 0.985923964825274 0.982238693650115 0.974613131862305 0.975734287367037 NA 0.992331844195328 0 0.98087584820998 0.989701413922534 0.989501717532416 0.989733384571762 0.963635573785627 0.989505174856206 0.98979320453905 0.989917660018436 0.961197819662996 0.989596027288024 0.989080502829794 0.985478510637846 0.984711084954877 0.98914687966466 0.989318800143703 0.988076141111544 0.986712254459951
0.990767029332316 0.990833061820807 0.985483201925856 0.985333188585468 0.833619288918946 0.821050609349275 0.83447533021125 0.845280771210004 0.988641423702475 0.987615562067197 0.987752576156282 0.984456302066577 0.98355177415473 NA 0.992559801583588 0 0.980126430168267 0.990583702772152 0.990856485022445 0.975270366532966 0.973240585349977 0.990566672850686 0.990710852235596 0.98875242268135 0.97133865796179 0.990669322462163 0.990689741252593 0.990647656251958 0.986871549261731 0.990697155912808 0.990553292119109 0.989537127628617 0.989189857650129
0.986357855360785 0.986396889155647 0.979402860954579 0.977915548601486 0.715092307628429 0.790813843837865 0.751216787840141 0.78738094886452 0.982445945398623 0.982847531318505 0.972022866441105 0.975560215601677 0.974907633800217 NA 0.995098067889973 0 0.967888007773253 0.986394236665494 0.986573464138481 0.985973562622016 0.941498925429625 0.986408304722312 0.986315811804835 0.971773367197836 0.93782220532533 0.986291596655762 0.986367545571952 0.986427318864433 0.98471817007037 0.986433024408217 0.986510971394164 0.984524659372277 0.966038588259644
0.9946893104912 0.994797314007057 0.990822600818431 0.989710098021316 0.827798053809676 0.824760583290198 0.798437876875178 0.8435031022295 0.992470367677132 0.993027082232632 0.98759556694996 0.988367002809727 0.988148579887992 NA 0.994890443418975 0 0.98811101827521 0.994753321749517 0.994467438778667 0.978496897775181 0.9837030364849 0.994492073976256 0.994534911919108 0.992859342851994 0.98159553425088 0.994679233282281 0.994721375665505 0.994416601093054 0.985376799814575 0.994813258105618 0.994761331059392 0.994495229898444 0.986885492129047
0.985747285967648 0.986032898224836 0.982442941629677 0.979835841878427 0.791483464609943 0.742698956436445 0.81010652319393 0.787482660403085 0.983918728723595 0.979748971653825 0.976303895190895 0.978552917578378 0.97799976934089 NA 0.987420548550315 0 0.976232811266755 0.986075552790062 0.985893934052007 0.985832763872043 0.965606970497298 0.985940637026767 0.985843830722857 0.984117282333703 0.982218803039851 0.985961857157398 0.985574386315304 0.985652880815811 0.983941695862078 0.986094465114428 0.986007094712123 0.985814117440111 0.984958757213422
0.993976434334708 0.994106723381684 0.989307198049866 0.989624802817502 0.793933681413725 0.854302581268792 0.814989769699234 0.837608107031136 0.990727071099895 0.992512642368467 0.990762914271588 0.986762106421523 0.986476236336999 NA 1 0 0.979869551023904 0.994108468886035 0.994071861135869 0.991405499047795 0.976397219549938 0.99414947097937 0.993883193140347 0.978569832268569 0.981125116500936 0.994270672549359 0.994068407043398 0.993972589318572 0.989262435795383 0.994015829564044 0.993550866004882 0.993949429130485 0.993202416253868
0.992564833517956 0.992570717433212 0.987058507540354 0.985396632430923 0.811976938457998 0.808028337955409 0.818852414359825 0.822611016777939 0.989269028374792 0.990340877019101 0.985644526060609 0.982252149518597 0.980980086839415 NA 0.997641400249248 0 0.981101908594217 0.992381409128275 0.989081292942958 0.992694752353964 0.972009262311725 0.992517464809144 0.992241677466058 0.989931784379981 0.986143919057539 0.992657839150999 0.992422854590563 0.991823315004224 0.990023451340354 0.992509358126415 0.991987018188019 0.992352447585132 0.979636554909087
0.993867084830441 0.993846056196691 0.986895419982617 0.987075736476499 0.823349712362708 0.774354950801438 0.816565680076698 0.814919490016127 0.991459986499592 0.992676103740154 0.987198354207122 0.986256298933595 0.984506874966517 NA 1 0 0.982958139920858 0.993926510119475 0.99221551564578 0.994044599581959 0.977415627879927 0.993853763609385 0.993981145084372 0.993784844296589 0.974863568665963 0.99417895885089 0.993748118391838 0.993902679343802 0.981318412872664 0.993980987343292 0.993699836623807 0.98959713452841 0.992263638708396
0.989913950599431 0.990271741565644 0.985720354617077 0.983480216914671 0.776667761577613 0.772168804307214 0.774655142943029 0.837808076498195 0.98762817141211 0.989307332856419 0.981472749979081 0.981731330431172 0.980436735504274 NA 0.992442577230274 0 0.982657801613319 0.98992594544261 0.98925253386385 0.990157278088516 0.970093152789561 0.990061687705151 0.989746999394725 0.989826630779986 0.982392659637064 0.990084272976072 0.990240627582822 0.989263534550371 0.982071649589603 0.990082183607814 0.989939347971296 0.989389486477225 0.986754900977307
0.992974122590543 0.993073092849997 0.985873383886379 0.986563884890483 0.814037132247996 0.778174113261324 0.822528714687495 0.828068013843087 0.985073232110805 0.988155242323468 0.983777079025534 0.981182992808306 0.982861126933171 NA 0.995066632625062 0 0.984920348476152 0.992951542659214 0.993046617556901 0.993109050958134 0.968036170512743 0.99293760979326 0.992967574693953 0.98977662459879 0.970226096514628 0.992983147407587 0.99261430653846 0.991496869057933 0.979687270616137 0.992775276945489 0.992392939664952 0.992582290724457 0.982655473563382
0.985905255989077 0.986104025857528 0.982694409172007 0.979004112127925 0.790973242990464 0.803378637412728 0.790816774203178 0.832246594063225 0.982106581825391 0.977755467469682 0.977225609959012 0.977448844254451 0.977162737431205 NA 0.987275908120314 0 0.97415548047486 0.985740362978519 0.985947084499981 0.985939992374651 0.953915116083758 0.985928247668309 0.985909522889861 0.985469258403615 0.960529405378797 0.98603636646301 0.985999344071255 0.985770811937001 0.97746072125197 0.985680734922403 0.985903189972711 0.98573863075349 0.97092822119232
0.98610563290044 0.985821081036982 0.981085860770162 0.976493494413297 0.802050587681004 0.781640001087477 0.824670860086382 0.813407656710747 0.980933067244097 0.981199071300519 0.975467345444405 0.972862732954037 0.973352699910365 NA 0.988161138255919 0 0.977094633360101 0.986004210175452 0.982390722873502 0.985962976430319 0.96201555860549 0.986219883465268 0.983441217818391 0.984509135894129 0.957867388231364 0.985975096384127 0.986133748105769 0.984722595465262 0.98344393178092 0.986118414417293 0.985931154653371 0.986035089728201 0.972014412873324
0.989207854964914 0.989348185712559 0.986113436048807 0.979473472367294 0.796763391148852 0.816735367481111 0.81222178180612 0.832513198062409 0.986533853989997 0.98662378949415 0.984665102945526 0.978380430330644 0.976263784712527 NA 0.994960845248859 0 0.982155714585953 0.989146828965608 0.985261328340278 0.989323035175835 0.968927168076658 0.989153318250266 0.989321262550262 0.989476051866606 0.980667808889433 0.989480761550089 0.989311357517375 0.985159522604919 0.98850335184018 0.989325073054346 0.989409535847997 0.989378285427632 0.984188617074765
0.993911668839669 0.993749820451248 0.989971399167242 0.989947981296124 0.84699386719292 0.846756191435813 0.851176897842762 0.86717957881081 0.991934190276274 0.991992725773067 0.991034197586927 0.987176152984664 0.989061787519556 NA 0.997432370023543 0 0.985460898176199 0.993840387806753 0.993853321335351 0.989064743420458 0.980948728262291 0.993911000582844 0.99339985091978 0.992168808943279 0.985982147664159 0.993777359347483 0.993998966782712 0.993885541263547 0.989910832049388 0.993691791138883 0.993775305786158 0.993830375868874 0.992095394178286
0.986394987517592 0.986529970057538 0.981816513481023 0.980691917913348 0.850785012389252 0.74686593633058 0.842413293889544 0.823977231117137 0.983893689501642 0.983816036519321 0.979482059192829 0.978770457474144 0.977710350777121 NA 0.985126306281869 0 0.977655738732714 0.986484553692767 0.984233086836988 0.986456124775371 0.968371184251341 0.98645282515449 0.986255681775424 0.986046160440219 0.965896219856754 0.986413769671255 0.986297524350025 0.986353009134326 0.978975019300647 0.98631257317037 0.986450046608358 0.984833108652351 0.974576267475134
0.989551244548931 0.989431884100225 0.983348470063894 0.982770521344462 0.802519973772423 0.82251964053353 0.793983280519133 0.833207946574289 0.986238958979931 0.986764328215344 0.984671816588795 0.979233768517258 0.982306656467553 NA 0.992486858621396 0 0.979121326759483 0.989049201736525 0.98959284882714 0.989739775916428 0.974435332876305 0.989638447724895 0.989421842710821 0.989265989859016 0.979181484208152 0.989533205458063 0.989637107603651 0.989504416395718 0.988012915576307 0.989657786603465 0.989144459732691 0.989482270138402 0.97825993051297
0.994212866136782 0.994291725040285 0.992105321347222 0.988970532188316 0.790091388543535 0.81112676640723 0.813533296859757 0.806344160854794 0.99118810834331 0.986989182151352 0.988098751443979 0.987981981704927 0.987504909759137 NA 0.995042641561056 0 0.984039958041788 0.994029004192452 0.994206016045576 0.994151463275708 0.969474096768803 0.994193983092578 0.994281516432821 0.987721988813329 0.990210439002563 0.994231150096142 0.994184535230744 0.993871580432948 0.992120800947768 0.994385827193597 0.994381861187856 0.990128756744124 0.993661971559307
0.988563556946195 0.988545726894338 0.985054818694888 0.980234677364392 0.698792723682491 0.766622539670555 0.806864083826736 0.827849608916701 0.98567214910587 0.985561833282827 0.983329574867207 0.981528165091271 0.980712410340108 NA 0.992506761447285 0 0.97593221859872 0.98853579304091 0.98854122283635 0.979744183639297 0.965075214021076 0.98871472122923 0.987901512339892 0.988629055551865 0.965475601789712 0.988749374893934 0.988642008571875 0.988496136519441 0.984106646591343 0.988772049813583 0.988646009752001 0.987567440753835 0.974523901441858
0.992866547565123 0.993015681092645 0.989211692752842 0.987385335275748 0.791445934093459 0.769430409233018 0.759204777619875 0.837542534159478 0.990340751812549 0.991415489085468 0.986428141191746 0.984810141668086 0.985941690849546 NA 0.997567311504904 0 0.979869668481193 0.993026075233863 0.992993969560817 0.983846381497525 0.97332798322596 0.993119527192265 0.992909359632829 0.993081508339181 0.986148674810259 0.993189930697193 0.992916262502638 0.992600316805029 0.991176012843375 0.993137798897747 0.992543923302952 0.990691245664305 0.987029543046448
0.991931055196817 0.991936401202411 0.985687480686277 0.984471790889001 0.746086397834091 0.76435310017332 0.76602753959598 0.820682026256622 0.989343417044414 0.989057738528048 0.986357166745013 0.981292784248082 0.981186764589504 NA 0.997399208238763 0 0.982341723328951 0.992053636397252 0.991856009510309 0.991954927141422 0.964268249936988 0.99198563223925 0.990062052648546 0.979971514975598 0.966513629296664 0.991728679301925 0.992022214165021 0.991408293817136 0.988552506430426 0.991998724032448 0.991766985204182 0.981818363590177 0.989404296509843
0.990672327551348 0.99056892714676 0.990611049293617 0.983680864596698 0.801497734655531 0.790818145008947 0.800824887693943 0.812754622438007 0.986902287883239 0.989076276278277 0.983993425337216 0.983405907773641 0.984214704578475 NA 0.99741330035556 0 0.979398431578164 0.990644377508315 0.990780204146744 0.990561231663328 0.972477095512798 0.99053185474339 0.990555452831561 0.990528934896497 0.982788728305435 0.990754080175273 0.990688737887877 0.987127303215474 0.983892445354946 0.990672016800652 0.990155907574126 0.9907658355378 0.984037732948236
0.996054107637615 0.996006073907737 0.992552228014584 0.990823855475936 0.824243995381507 0.808327528970217 0.816396744389283 0.834513789584228 0.994326441045007 0.994520596809403 0.991080809774312 0.990343980191296 0.990236775003376 NA 0.99756622499199 0 0.984447687868265 0.996074539336025 0.993901851891311 0.993387208335166 0.981028171113104 0.995954408300256 0.996124350209096 0.992905567570548 0.979745867994131 0.995976242859529 0.996098588976758 0.995691327233524 0.994101449752182 0.996016196751912 0.996051949345035 0.995872791509142 0.99115476616978
0.991418556794564 0.991296085995675 0.989375858891884 0.984819046731182 0.788904993477398 0.872466704685924 0.810445570136017 0.832245227162206 0.98778160869056 0.988668729327558 0.988643227357343 0.982584746858924 0.984558461001353 NA 0.99249705399867 0 0.983949098758157 0.99157728770366 0.991488257238054 0.99152129657016 0.966810882668665 0.991380074885512 0.991484415004591 0.991454800327228 0.983833239449085 0.991478438167215 0.991455749690341 0.99121502109002 0.989830815809361 0.991678787146461 0.991502644344409 0.991412858081202 0.990376377713102
0.987279192977756 0.98701148933642 0.979907823033407 0.980687553421897 0.846524460891511 0.816793826775612 0.775593014313783 0.814025021564756 0.985188441545618 0.984774891611387 0.977481117605176 0.977742098580821 0.977852242254216 NA 0.992521366345039 0 0.974380186623052 0.987006902618497 0.984401051743639 0.987099039898681 0.961180758268458 0.987083828710207 0.985982387803203 0.987189571432397 0.973091217172714 0.987041908224467 0.986865373523842 0.984863499331929 0.986455780909247 0.986926706563574 0.987155659222725 0.987158643116786 0.979474509295562
0.994239373453754 0.994256598023813 0.990086962511321 0.987458671181392 0.801220360843654 0.764971649375504 0.830245227551418 0.841383377429609 0.990643034955235 0.992107170889445 0.988616808777585 0.985329466500857 0.98716292126435 NA 0.997403156473757 0 0.980359534855454 0.994106074718993 0.994158487231416 0.993195903832413 0.982042656407666 0.994274790654427 0.993134143471651 0.990210466827087 0.985689279318161 0.994174656365593 0.994010184436873 0.989926014421133 0.993605240302822 0.994125240567341 0.993987100397366 0.992560608393999 0.992417588955202
0.986898475282402 0.987154977740276 0.981428551236335 0.977941196739078 0.812636408232535 0.781184849835555 0.781354129860246 0.795350972291204 0.981851807111637 0.982474445757953 0.979164922637133 0.976688784783612 0.975912718774239 NA 0.992495873485656 0 0.976774022119688 0.987256037460623 0.987268999313056 0.979480948491051 0.968607961622001 0.987229904854212 0.987205747802125 0.9796789554269 0.959807557179006 0.987044189622225 0.986955281511279 0.986954732351094 0.98397395203664 0.987006781000025 0.986942436134278 0.986443271981847 0.986452538189089
0.989236027952742 0.98920952995364 0.986479143742397 0.982664773292274 0.781888009101993 0.775240462343083 0.854122733502689 0.796831126857333 0.986558859480976 0.985972513745022 0.98420851083495 0.981899863906235 0.979890987984948 NA 0.992181033043124 0 0.977624351690873 0.989073874604532 0.98818189208179 0.989311322361188 0.976830660263002 0.989358699009638 0.989086805209069 0.989412112193488 0.981699678593016 0.989370427471654 0.989431319632976 0.989104833176698 0.986077668103204 0.989294436051907 0.989245693022858 0.984661790224884 0.987913484295931
0.986994963656735 0.98708872079028 0.983076512428483 0.979505126635352 0.813005608684406 0.777029033962534 0.781931464021719 0.78848341355933 0.985025182544592 0.985142637952025 0.978275239620629 0.980969899082214 0.978014782435005 NA 0.989794708478227 0 0.973699555447185 0.987178236827613 0.986857711277321 0.987094534107501 0.965142989048597 0.986914231759063 0.987233196227973 0.987150269433098 0.986077196217155 0.986869704317706 0.986721171747672 0.985156210011112 0.983888423830823 0.987002875552701 0.986929105924276 0.985463056862657 0.96720060121307
0.993991163012745 0.994118667355255 0.992794518077046 0.990917960428345 0.830143325330525 0.830869127186618 0.846105006704391 0.853046514245498 0.992887744022691 0.992905742414105 0.988256833833625 0.989266243253718 0.989555015527509 NA 0.99508265179984 0 0.987197204472247 0.99416406996142 0.992818502905002 0.989701791748828 0.982829978078964 0.994089084289923 0.993909011866978 0.993139467533551 0.986919865098966 0.994050315148077 0.993976649619773 0.993910822863342 0.992539909669885 0.994102096388272 0.994011460772487 0.993868174427351 0.993727565993711
0.985495133234476 0.985047033020054 0.981961000841746 0.978741156743453 0.742386120887811 0.795163766432942 0.799038174710864 0.818209723562897 0.982615202935376 0.982935013561046 0.978177918196297 0.974585022380473 0.974742646575731 NA 0.992769707844953 0 0.977519146686896 0.985430472718339 0.983058707046574 0.985713100372488 0.956814862859083 0.98553096707309 0.985196267174457 0.98338176914586 0.95646475148911 0.985614840223861 0.985420943962392 0.985335924179127 0.974248864508987 0.985346961861811 0.985292093761458 0.985386355759725 0.98006139125028
0.989711174919195 0.989663879406966 0.984237513589887 0.983516290310384 0.767407869392788 0.796087441152947 0.777022347573926 0.801515802217205 0.987058420982835 0.985252327731771 0.978521019069705 0.97824507823957 0.980969501213349 NA 0.99505960082473 0 0.974932834667888 0.989386602202553 0.989759427863 0.989762635416758 0.966648561851444 0.989534771749289 0.989700590447935 0.984398671084792 0.970471852828281 0.989835571336127 0.989292249027177 0.988429801625019 0.989145494401743 0.98985135455585 0.989240791304296 0.989538941960194 0.983014246004377
0.989468842730453 0.989315588117904 0.988957468736679 0.982458889404498 0.741613936328516 0.847491646135203 0.828309954685007 0.845324133464733 0.986083573846412 0.987276539995082 0.983599986346068 0.981159750578888 0.982138249538775 NA 0.992561911914322 0 0.980621476380143 0.989628785274039 0.987720006346191 0.989451400710669 0.968612431067957 0.989561550828119 0.989564324446259 0.988906797758521 0.983634215784686 0.989546142274726 0.989525954408956 0.988982611376934 0.986821641890191 0.989607930459055 0.989508181550245 0.989467565466953 0.976311116673981
0.986618786338747 0.986753217459719 0.982295931377744 0.97699032150656 0.785930818685608 0.768933567383701 0.798458341677791 0.829955113390713 0.982518766075226 0.983989195964798 0.985092405995242 0.976484354257487 0.97311341934759 NA 0.99009642923362 0 0.978448484578829 0.986868691539775 0.98301475857764 0.986628759194067 0.961997019957921 0.98657480062887 0.986367842396196 0.982453433151393 0.971212057072037 0.986670248882722 0.986469665361151 0.986037639469165 0.984665241743481 0.986479951626323 0.986398820716435 0.985267822083834 0.979435820227412
0.991562279402435 0.991634136066856 0.986523171528491 0.983214378126005 0.77201643506438 0.843791743508773 0.836420244409785 0.826632798882108 0.988271172459231 0.98764356546376 0.98325225281815 0.981958809263519 0.983935298238012 NA 0.997497507069993 0 0.98169281337053 0.991755426462168 0.989102275969921 0.99173171653563 0.978727176544157 0.991756560141019 0.991827241019016 0.989960949240404 0.984879721004845 0.991651884041444 0.991692703832583 0.99144964617966 0.988804740337826 0.991735645297145 0.991588857290668 0.991221680343419 0.987297763901501
0.992114392192521 0.992182190653036 0.987364015660001 0.984075411090509 0.820400124526258 0.803748341925336 0.818469782923204 0.822632655789595 0.988927179368775 0.989539224054049 0.982515243343139 0.979681726683939 0.980940014287619 NA 0.997695581586471 0 0.983264204206526 0.992074836132158 0.99204689460108 0.991995598492051 0.961467084927751 0.991909679401929 0.991777136820959 0.992217525223164 0.959431112082905 0.992223854079536 0.9919274037652 0.991045649289023 0.984040992194938 0.99180196097697 0.99210780091038 0.991067810702444 0.989809776146424
0.995641436493116 0.995796051652401 0.992884948597482 0.990910709961293 0.851722061626513 0.856250447893878 0.862930900351483 0.856741612464016 0.993742017963198 0.992865598560645 0.987135501623415 0.988282964943465 0.989736667285639 NA 0.997421086195169 0 0.986836295670952 0.995761521915545 0.995525830482344 0.989086520596459 0.979919201495623 0.995694848389708 0.995612826711505 0.99386183200159 0.990165068353829 0.995546624136927 0.995472760026625 0.995595753182359 0.989719552798762 0.995580446460442 0.99555258803283 0.995304582951033 0.994614896252717
0.990980567104281 0.990869072499228 0.986746232795815 0.984798140391639 0.779938606087515 0.788005866255238 0.801129262989053 0.819833440410469 0.988316006171464 0.987968459535405 0.986171076197924 0.978805671306678 0.981152431640229 NA 0.99467046984602 0 0.982152349762541 0.991159244601739 0.991008003610875 0.990873902916125 0.96977118382355 0.99081740739818 0.990687107491077 0.985022464892204 0.973736656666929 0.990796749038533 0.990974578060114 0.987904826421039 0.989418590893591 0.99090118401952 0.990993986232385 0.986975721688016 0.984487077297829
0.988704893525312 0.988939769297877 0.985024715298133 0.974941827503339 0.769248130532066 0.793814493624796 0.795268481224664 0.828984194038097 0.984245322691638 0.985686968097906 0.977017202950829 0.973304962108925 0.974086927671498 NA 0.992656634243898 0 0.977952074318223 0.988941585673796 0.988324346539226 0.988976852998872 0.950506050231612 0.988940389586456 0.987290063561656 0.988891097462947 0.969084383801166 0.988918863207936 0.988900441651829 0.988938503062911 0.975114572415102 0.988573069819661 0.989107240608003 0.987780846602165 0.984225827121618
0.98660780908339 0.986536790738071 0.980347523991393 0.975143145191369 0.807002813638864 0.842751963925739 0.776732956235159 0.803928730033272 0.98352246662573 0.982491453477889 0.978862306350066 0.974443149157743 0.976862509345875 NA 0.984932153232084 0 0.97570266813042 0.986762440087361 0.986727884602082 0.986670645536944 0.956396694307046 0.986509821222624 0.986022160426957 0.980427062045334 0.974636489913802 0.986415439872039 0.986555216909109 0.986315758913142 0.986564978528492 0.986541972020297 0.986645528117838 0.985937946260143 0.982619188088684
0.99207312598318 0.991923904692532 0.988989165750074 0.982354453713276 0.820402183552998 0.808154816532269 0.851435788106721 0.824306027055563 0.987848585050756 0.989581815309042 0.986448235933481 0.983325443378451 0.983710745774895 NA 0.992879311166678 0 0.981766651673288 0.991986441147613 0.988975329390413 0.985966249393693 0.96612262824625 0.991934188150373 0.991847110595205 0.987601962465042 0.971865499511162 0.991903170017114 0.991801944753541 0.989022933572828 0.983570328121211 0.992049307870742 0.991995649406106 0.987909756811298 0.987943743653847
0.992728655828184 0.992782724915684 0.990255452788567 0.986018648197579 0.789256064367441 0.812857189973966 0.802661111460429 0.816611591339934 0.988988034117617 0.990393503094455 0.985820416455771 0.985824258522146 0.983860283884741 NA 0.997513623711821 0 0.982645907802967 0.992869978552322 0.992924966072673 0.992816841838075 0.964585889422868 0.9929411731161 0.992820523648335 0.99271064388436 0.987889731724431 0.99267169572192 0.992827994075647 0.991159917078404 0.987524317412848 0.992763029756575 0.992736486557724 0.992887984245113 0.984531135906227
0.989577603242637 0.989584118647556 0.982804781098732 0.975430702596311 0.815153139693997 0.79490359016579 0.823854438814746 0.848663659214598 0.982038845802861 0.985098193951308 0.974349189812842 0.97315527405969 0.973868491741015 NA 0.997510832136998 0 0.981471724561634 0.989515014713408 0.989380224009023 0.966053388103003 0.962971904893674 0.989524005736004 0.989623091935471 0.968682590410328 0.970113715640987 0.989722396741898 0.989746631053709 0.989017067174084 0.975485527921998 0.989565408697361 0.989252857150303 0.987497596509487 0.986564633399341
0.994657085974997 0.994656742313903 0.985232164340698 0.982055492746167 0.8278037087755 0.850540676134622 0.839326680611974 0.832381555393759 0.989384830386043 0.990244917325964 0.983077776342716 0.980048315071011 0.981611809363893 NA 0.994925511085523 0 0.986272002427341 0.994236871604966 0.994654342315755 0.980397177720861 0.966272455043497 0.99460043838248 0.994656923553321 0.983034820812459 0.977905689003052 0.994587731623032 0.994166880936062 0.993232856319755 0.984765051732314 0.99478673367244 0.994055306001425 0.994418964899574 0.977401497782101
0.989247538534217 0.989263058506208 0.984459141755658 0.980307515393527 0.802077018811848 0.79802914238549 0.832685176102529 0.840485100877585 0.985352450371767 0.984984450897653 0.98008186959361 0.98017380814573 0.981559690558434 NA 0.995069010171923 0 0.979249764743586 0.988975501417352 0.989294962503749 0.989089801481853 0.961682609593265 0.989155933321863 0.986601092632752 0.988471176919608 0.977845514227802 0.98893012413326 0.989169056800161 0.982600449991117 0.985135206666396 0.989151836752047 0.98908269247807 0.989101578445536 0.988072227974187
0.98671796583313 0.986729550379914 0.978920486987439 0.977998025490859 0.784422327627198 0.792555760631601 0.78776985916289 0.795964763022808 0.982057158860567 0.983663958941073 0.981125407460704 0.975691277647825 0.975860436229809 NA 0.989884192631077 0 0.97073845300309 0.986571473862454 0.986778906371322 0.986764704505127 0.951068108468892 0.9864729770739 0.98694502787366 0.986708400205738 0.955238617722808 0.986562368319983 0.986760961671712 0.985682251989797 0.982946446901272 0.986569136171033 0.986446904414356 0.986385454649039 0.98256044624769
0.994738473538964 0.994849923517685 0.990512825474397 0.9885269057302 0.836871383434714 0.801379096763395 0.801638448402827 0.823272048604088 0.992503660408655 0.992883982657505 0.987733127081492 0.986059722683547 0.988005470491415 NA 1 0 0.981703406389845 0.994803958836287 0.994903531306207 0.994923838749363 0.975364449335082 0.994805575925701 0.994780627340465 0.992744736017531 0.988284347153261 0.994802099681973 0.994981838498948 0.994547628293302 0.992418483543646 0.994899814411031 0.994559728190686 0.994854460912439 0.990203246422026
0.991871117922411 0.991812529266344 0.982485643351326 0.982342886873755 0.803927429936483 0.82853935067687 0.829768095048903 0.837965226784753 0.986457430136731 0.980306818596868 0.986424702876489 0.980559201220433 0.982515550133004 NA 0.997447940470029 0 0.982236613700495 0.991781648850049 0.99188271033387 0.991894093172626 0.964171058796125 0.991573797936102 0.991401494433629 0.990257233380579 0.967165973571866 0.991722558414676 0.991485181733737 0.989741153273612 0.990719305736809 0.991792041637016 0.990518175524778 0.991130250294677 0.987023627831089
0.991054340347329 0.99134366042434 0.985666900860413 0.980955235932136 0.738049897717492 0.725422110009082 0.772047930828418 0.800761745808371 0.985374918563507 0.987879029938595 0.976875607720187 0.980484684439347 0.981265780869189 NA 0.997555910053673 0 0.978119471748673 0.991198698828824 0.991253287356282 0.99155295784731 0.968860495674237 0.991054473312416 0.99090390879427 0.991320968662418 0.960901706309691 0.99102228902749 0.991278075474987 0.989299816498264 0.985686284391888 0.991277841976215 0.99129696982677 0.991045868963133 0.985715878410839
0.994138058758129 0.994155718679408 0.991330041595137 0.98981827854959 0.841834674282751 0.930558797596765 0.789989467261039 0.867578014703854 0.992387006658009 0.992632389432315 0.989838432633496 0.98826296994518 0.989246020082828 NA 0.992483062857547 0 0.985092274886122 0.994174035734143 0.992569267803205 0.994165506475316 0.988376120646817 0.994186159898627 0.994176579719093 0.994266664712371 0.988042112474601 0.994072066023738 0.99399382993091 0.994221189023565 0.989110370048732 0.994295218715492 0.9942421092686 0.993691539575905 0.989471537806236
0.994933534626402 0.994709213197255 0.991733185766505 0.990206918456306 0.796141746787088 0.812057999447442 0.833669360026337 0.821248963408029 0.993116045115576 0.992013364690302 0.991229123403566 0.988625192551538 0.989838456639714 NA 0.9975197280395 0 0.985117004115967 0.994886712261992 0.9948009399681 0.988017645591075 0.979550410543315 0.994802917926356 0.993813804341401 0.994693422900895 0.99046171030488 0.99478934356603 0.994870867536411 0.99338791008104 0.992304307622213 0.994684864432701 0.994550632374934 0.994309122859939 0.992522663434862
0.991906820995937 0.992110745074706 0.985157069055567 0.98395862046957 0.804892802642312 0.784974420518736 0.841013648695592 0.837784062411434 0.989492366514286 0.990256524359836 0.981902659585559 0.982951832941976 0.982922533216768 NA 0.997486870080437 0 0.98189970661898 0.99178234100031 0.992118199723905 0.991936578080285 0.962533732185196 0.99203279597494 0.992144840823701 0.992143388270726 0.967727211274265 0.992143682372895 0.992145311135862 0.991877314917377 0.985384881891996 0.992078548922824 0.991956772413838 0.99104948950366 0.990114532386848
0.9893573062336 0.989458754347593 0.984807208222899 0.983029327773503 0.796943840823925 0.836023821555289 0.831104279259533 0.856051203009991 0.985706406229995 0.986610556127698 0.978162498451787 0.982134443822052 0.980761031174089 NA 0.992449243156708 0 0.979335401136375 0.989365512904398 0.989376718391442 0.989502306146847 0.968760253558848 0.989231822514502 0.989443866568057 0.987035057012033 0.97312738884194 0.989291901657732 0.989197314451948 0.989168522565916 0.979674916425594 0.989487263143504 0.989033236428117 0.987624310144994 0.988361353943384
0.988846857514708 0.988989557901607 0.98281719711955 0.976788011903501 0.79074898366697 0.78701570547524 0.826149154350043 0.833609440048191 0.983871728634254 0.982715427117035 0.981341847149532 0.978111856179194 0.976558893282143 NA 0.995060345453801 0 0.979766327043718 0.989084660973192 0.985467049663778 0.988969794843852 0.954768293922735 0.988891855553279 0.989008607875787 0.978804191311638 0.979298532081401 0.988811319504068 0.988973835786314 0.98723078313655 0.972679782310342 0.988969331487499 0.989055724571856 0.988369367783281 0.986019955007962
0.992023838070497 0.991754927018519 0.986766689777389 0.987009767615954 0.846534592048111 0.807492064200162 0.834382098007627 0.857131079490386 0.989821994594902 0.98909946581436 0.983415535670932 0.985142513239593 0.985917463591855 NA 0.995011745888225 0 0.981768842413013 0.992157122046684 0.991999378735314 0.987346603680934 0.981449129037555 0.992032778407041 0.991094862114455 0.98818114634135 0.97823251012723 0.992108975805691 0.992020974669329 0.987180819642594 0.988935567456734 0.992120786157031 0.991960442310738 0.991700692819615 0.988414442856116
0.986459317385312 0.98650934527402 0.983538146164334 0.980004914162185 0.790003292480123 0.792983356498328 0.780209705165018 0.84574532817808 0.983213569566429 0.982801317798805 0.978355522255243 0.977085519067335 0.978056230607993 NA 0.990423792104637 0 0.98005868747963 0.986594366039693 0.986573921653297 0.986437374451934 0.970663596548727 0.986485730595455 0.985058548423033 0.983416502606109 0.968184505304416 0.986406779001732 0.98663196003282 0.984529144877665 0.983483090047299 0.986479108725795 0.986314224634211 0.98604056889688 0.984057493253742
0.992461919941252 0.992063136021666 0.987206485294745 0.984118923219379 0.787492371117359 0.77810200001403 0.779335265311889 0.812272901822524 0.990078268843398 0.98994685384695 0.987633793350329 0.986009017162241 0.980764273030441 NA 0.997407495471883 0 0.980596291964275 0.99225972241929 0.992393183318591 0.992242807830947 0.966596536579208 0.992343038855371 0.992456267451888 0.992417943272648 0.965324885442308 0.992391200598111 0.992453373061518 0.992100175467828 0.980622123414481 0.992397078061744 0.992436611726159 0.985597798778755 0.987522585441833
0.984814667763681 0.984981905852056 0.982187429846979 0.978897533384187 0.778702655512209 0.750816319545486 0.799357829468934 0.815193490946763 0.981177099337901 0.982619152805844 0.978806193684993 0.973968955096183 0.976091286417359 NA 0.987173154780243 0 0.974614132864613 0.985003087220044 0.984888300176083 0.984963750592813 0.965042712804579 0.98477129382629 0.983713748476914 0.980246501159561 0.98030639571879 0.985106932228073 0.984723753621186 0.98214941440223 0.982431950351076 0.98458002311653 0.984938487247468 0.982825652709849 0.984294525250882
0.990960422233344 0.991324700875294 0.990111896178972 0.985773907536407 0.870570972381842 0.798777932573003 0.82010562594222 0.854685849195202 0.989515821406406 0.989600503831219 0.98478472535691 0.984420705871461 0.982821026450932 NA 0.989822102697323 0 0.9808482785841 0.991054855814277 0.990962542093358 0.986330162091396 0.975226391227147 0.990888759055781 0.990044852152946 0.989458247167443 0.982585162423725 0.99085228737556 0.990937419599746 0.98534880606829 0.990096918745237 0.991098828593104 0.990927019298053 0.990793511551013 0.99014632418634
0.990759321691028 0.990639017510135 0.985119931938342 0.98241642412274 0.850869336155501 0.83588633977373 0.828418333043106 0.847395698819058 0.988557099111467 0.988120829633124 0.981493544072652 0.979920801306256 0.981983213233774 NA 0.992621777106707 0 0.982538582445993 0.990625226813079 0.99062860711506 0.983786483342614 0.973619170611265 0.990757442985112 0.988996159833534 0.988923970189942 0.971631868990313 0.990906005140334 0.990736784437091 0.990188039511038 0.980998380714313 0.990680203206517 0.990625449156918 0.990457622281667 0.9823114325844
0.987598331939297 0.987634583841624 0.981621159783023 0.977004917816195 0.803561161424832 0.803232473567478 0.822393493189177 0.831194236288481 0.98245722853001 0.982571700094988 0.976505169268592 0.973366625973887 0.973201064801328 NA 0.992212860781092 0 0.976673695755567 0.987821775356844 0.983966801594624 0.98757408112374 0.948763559181779 0.987497341677789 0.987605946122433 0.987745669089102 0.972577254854424 0.987425347787366 0.987577175146311 0.987525946026634 0.984912304784414 0.987684463735445 0.987748447917557 0.986881110178802 0.96677050117228
0.9915061657212 0.99175684234135 0.983288745924387 0.982831334069784 0.802927583287027 0.757585135820611 0.775969354389966 0.762256803850319 0.987750544175616 0.987918791439526 0.978054312616483 0.980518707393672 0.979605886853469 NA 1 0 0.977190808885526 0.991960354141945 0.991642196523449 0.97780475612016 0.954650705658222 0.991875546020321 0.989960647519886 0.983905522197543 0.974821872976015 0.991932337705849 0.99122698150803 0.991198617313332 0.987831640766064 0.991691840863098 0.991519925164136 0.989985356067201 0.982087943328577
0.990370958788487 0.990405146225239 0.986229043921831 0.984833553988205 0.79711159796324 0.78611920532081 0.832191358357834 0.817408255483461 0.98817188083015 0.989179636277557 0.985664437845132 0.983686427572342 0.984755215892159 NA 0.995089784218038 0 0.980160605405015 0.99047037331014 0.990172027542503 0.990166401946517 0.977272475384789 0.990440591968937 0.98976592336491 0.990136388419155 0.98574406332833 0.990255153277648 0.990035177703419 0.989983090289493 0.987383532712019 0.990293225110386 0.99019210357135 0.990413710518914 0.989822809503233
0.988636215681639 0.988830727999655 0.987087097277279 0.981408377250185 0.736196222582013 0.745556657455953 0.816126674909918 0.805903265542625 0.985745783480546 0.985923346014648 0.977255708665875 0.976437894234025 0.977886328888003 NA 0.997354030668591 0 0.976649585055939 0.98893151974544 0.988626343972337 0.988156085895965 0.959595002639533 0.988649733508926 0.988976782486776 0.988729376712995 0.974972392393639 0.988543821988097 0.988212944761785 0.986837745493813 0.981045076313798 0.988951628834583 0.98873663555323 0.98801421498851 0.974202440876293
0.987288310224146 0.987314686014993 0.983089018171462 0.979557205366204 0.773112466338992 0.796722604346568 0.811511012576947 0.844012725060961 0.984568120699798 0.984390589043736 0.980714375818537 0.978071614958938 0.977601600520194 NA 0.987919023418392 0 0.979247726217939 0.987392423057458 0.987479204104036 0.987361054110912 0.968138338803477 0.987378207168883 0.986643535041416 0.969194734850679 0.968685762769391 0.98730084307426 0.987485642512692 0.986965717917394 0.976770170792085 0.987508610874605 0.98709795146938 0.986516538693538 0.986790306828155
0.996609813905824 0.996626755352675 0.992231267352391 0.990887180292947 0.858685450652015 0.880083917391973 0.851589473251285 0.855430363672324 0.994489834136223 0.994893877291374 0.994728409710613 0.991636691618889 0.991274791592244 NA 0.997705942408097 0 0.991187619160155 0.996861776753481 0.996733651581359 0.992605708844966 0.99065496288335 0.996829660978635 0.996000527074371 0.990217268929304 0.990180760605971 0.996801271255997 0.99676078904827 0.996435594705027 0.994910331366773 0.996777575832162 0.996698557302375 0.995879789246507 0.994867913575562
0.992744798895572 0.992702458430369 0.990181101168535 0.987410811603209 0.799151313009512 0.790066999713345 0.840507762888899 0.845121609442775 0.990134745812979 0.990340571930553 0.985898954321105 0.984462219345955 0.986483560131434 NA 0.997549227815708 0 0.981422681088099 0.992579599209314 0.992797835121624 0.98900638988681 0.980969062962293 0.992523389813697 0.992716574191343 0.989809601548778 0.987841988063105 0.992686554551385 0.992487046725289 0.991823586295969 0.988351918725429 0.992728356188035 0.992596732513665 0.989551726396428 0.987328040557641
0.992057028252883 0.992112937454693 0.99208872387437 0.988448707645131 0.818703610002365 0.770299506455896 0.831170690756187 0.8283587920934 0.989308927439317 0.990107923131603 0.988392282643779 0.9851778299958 0.985760076808348 NA 0.992373709510622 0 0.984383800586685 0.992048592713693 0.991901989858073 0.983290360275981 0.97791546893815 0.992055963977076 0.992096055239578 0.983992295303627 0.987119434438158 0.992071486394157 0.991956055309911 0.990840780569222 0.9897777809876 0.992014879304459 0.992069004026007 0.992022283580619 0.991829512693134
0.991481128292589 0.991421034309751 0.988469435380276 0.985807397396497 0.811935341088972 0.808575164318994 0.861028526623421 0.851646479958582 0.989830655035336 0.989273348258252 0.987763165493387 0.984270990751325 0.984476283409762 NA 0.9950093971857 0 0.981773649746441 0.991565385836495 0.991615905081133 0.991454352745164 0.982855011950576 0.991385392695542 0.991339022431589 0.990968271567127 0.986092353742499 0.99160813848305 0.991263413085045 0.991398184002834 0.988488183785032 0.991530920885817 0.991410042681981 0.991329903397709 0.991337023194462
0.997972215263838 0.99335802277288 0.992882395697688 0.994373527836072 0.806021846945598 0.871797695431311 0.835540070336517 0.891649618431101 0.996414174431001 0.996166958546286 0.994540509461883 0.994199971159716 0.992837698157584 NA 1 0 0.990451255712749 0.998013325720327 0.997174676211759 0.987870338590836 0.988146200874028 0.998085064289491 0.996993326907942 0.996808419682385 0.995607343885773 0.997859053784392 0.997898673918169 0.99569906557462 0.997783414182038 0.998036763776365 0.997914140120114 0.997967823012686 0.997330110228272
0.983571067861184 0.983696600033695 0.974843375259082 0.975920290759743 0.800541022046608 0.804606610620408 0.805936254361597 0.825399614856981 0.979096008504888 0.980812686514618 0.97613627863676 0.971036019561976 0.971787500607298 NA 0.987633361290234 0 0.975851026052956 0.983683501929213 0.981716568255996 0.983939366849463 0.957349116564065 0.983773154618308 0.98214045939691 0.983531821666986 0.966022864119172 0.98369924990436 0.983340183013617 0.98363541208193 0.97629342577259 0.983596166292374 0.983505151678893 0.981814130121959 0.97967080690881
