"U_1_Gam_alpha2F" "U_2_Gam_alpha2F" "U_5_Gam_alpha2F" "U_10_Gam_alpha2F" "U_1_Gam_alpha1F" "U_2_Gam_alpha1F" "U_5_Gam_alpha1F" "U_10_Gam_alpha1F" "U_1_Gam" "U_2_Gam" "U_5_Gam" "U_10_Gam" "Sylvia_Sparse" "FM_RevJump" "MBC" "DPM" "FM_Raffaele" "U_1_PC_alpha2F_01" "U_2_PC_alpha2F_01" "U_5_PC_alpha2F_01" "U_10_PC_alpha2F_01" "U_1_Gam_ProbKp_01" "U_2_Gam_ProbKp_01" "U_5_Gam_ProbKp_01" "U_10_Gam_ProbKp_01" "U_1_PC_alpha2F_09" "U_2_PC_alpha2F_09" "U_5_PC_alpha2F_09" "U_10_PC_alpha2F_09" "U_1_Gam_ProbKp_09" "U_2_Gam_ProbKp_09" "U_5_Gam_ProbKp_09" "U_10_Gam_ProbKp_09"
0.539547507582407 0.550593940760451 0.529902201058788 0.532950386526872 0.302851581972679 0.298838167109848 0.306378898422528 0.316357843286374 0.536943039772133 0.530015021381491 0.528232626324926 0.524478281754196 0.527768223054511 NA 0.582576620165212 0 0.431481328274764 0.550744586361588 0.551156517559597 0.502487847881786 0.39399519929819 0.547580093132165 0.548516522074824 0.515585821473601 0.508891724356777 0.544042860435733 0.540772027178114 0.546481166297703 0.542513533781911 0.541896161284263 0.546090553894996 0.545311945006512 0.497253745856946
0.768431217744714 0.769941140278852 0.770627317282145 0.771325750242557 0.756969896107787 0.751769440797053 0.749917207130126 0.74497683151326 0.766457523220404 0.770242517931496 0.77125980279886 0.772619829951025 0.774064946035842 NA 0.80827824392543 0 0.48913181982496 0.772644078792587 0.770929958221673 0.770267023437908 0.771288406670457 0.772046822799078 0.769714712284641 0.771159475727391 0.771582636187393 0.77295862572322 0.771319085024056 0.771773219186234 0.771864887803292 0.772076388659779 0.771771189951692 0.771403522720224 0.770877172905727
0.786438833256358 0.78639898726998 0.77783450869283 0.777064117965839 0.605329070179627 0.601043433925415 0.537767800733232 0.585199062719309 0.780549422127833 0.783432743198933 0.780632083541276 0.7764996514579 0.775341759932264 NA 0.859054851202338 0 0.339840442034131 0.785491869902098 0.785421742435046 0.771690849990737 0.760222292483571 0.786254140300272 0.786919049408824 0.783828070474482 0.772103887022625 0.786689182958485 0.786969849912903 0.786571899860662 0.774546352760258 0.787139888528357 0.785535838386381 0.786455167783817 0.780729573362252
0.511309540733417 0.512140752980425 0.510901802357465 0.511522243526164 0.495776937375761 0.495186680795013 0.491687665188068 0.491815371995845 0.509959017238395 0.511610261966841 0.509959569232969 0.511299576658662 0.508593237393268 NA 0.687283330192134 0 0.347656709557119 0.511017686682108 0.512117596217675 0.510750316591746 0.510775263707484 0.511149956068185 0.510588065077862 0.511048851278564 0.509947740090742 0.512090775942051 0.511741595320244 0.511129497618474 0.509750399951523 0.510820813519575 0.5105924571152 0.510788700487411 0.512013474679484
0.617351969983682 0.617381772128324 0.591316861719218 0.594750461724662 0.471037639002043 0.498421582128791 0.500454532526798 0.5090172843589 0.602525083436773 0.597268148351573 0.59383213050044 0.597332482868619 0.599590801232455 NA 0.678314586619679 0 0.61270070820104 0.617946444193585 0.599418202073363 0.598134348283426 0.58640858764336 0.617740584898718 0.616968641333947 0.589241350089272 0.606869414979554 0.617825480580209 0.595761561037423 0.603066633052756 0.602333258054785 0.617511144464624 0.617947273706795 0.597305580777978 0.611693348172874
0.899537903393903 0.899705818816199 0.898513586809932 0.898853736165561 0.871956795728474 0.877241169789408 0.8755919444333 0.879855338675566 0.899076891930335 0.899014448785738 0.898438796661413 0.898652377544482 0.898513383174158 NA 0.90641265455044 0 0.892690344274357 0.89942095743519 0.898649592604498 0.897976460055053 0.898025141769515 0.899622378586208 0.899518133836509 0.898491556613022 0.898552474068995 0.899499377986498 0.899379422910356 0.898757118171028 0.89928626915558 0.899383093427034 0.899271329743361 0.899546704544827 0.898421694040017
0.662195980174007 0.670942124526285 0.669763677946635 0.669302036584471 0.627404926901126 0.633378466667989 0.623790580142478 0.631797125925483 0.665753004875742 0.667554305620757 0.668442899312191 0.668812851105567 0.670122522873625 NA 0.717805914146168 0 0.645781948312991 0.661719569354752 0.666794066510395 0.666560797225651 0.668520461716652 0.66176088815988 0.668650157254409 0.669663017053479 0.671614430143212 0.665902858511906 0.66680192536995 0.663472968224443 0.662620982447311 0.662662798841502 0.662623761585604 0.663341795432197 0.667488125880872
0.585470826120038 0.586238396209074 0.57420681441055 0.576064569149484 0.333788496387586 0.385479518099577 0.356166035936073 0.368083509657354 0.579743030367487 0.58376112109064 0.57478933107064 0.568052868599026 0.573233408284807 NA 0.6558645015031 0 0.368801338011389 0.585117111173981 0.585191113141595 0.560482521696346 0.557265267327165 0.585484027447617 0.585816879189255 0.559344038500455 0.554169520939741 0.585205324027738 0.585517437681876 0.583636176117542 0.580736569755242 0.585133920955639 0.585410602675019 0.585700248230073 0.580645641250812
0.631801548917404 0.631968992961841 0.614014556690303 0.613317963982555 0.382793120772215 0.409376655370251 0.392690216536482 0.40617524078075 0.627482947172975 0.63012784108541 0.615146186314084 0.615129697394083 0.612283892908569 NA 0.645960052075879 0 0.625495132856623 0.631954681961727 0.631964367238746 0.589376218382648 0.58651225470177 0.631888446075406 0.631886015028869 0.572479947365611 0.597141016837946 0.632018715070501 0.631644833564526 0.595772427535352 0.619634479435986 0.631978071372524 0.632226971685614 0.592625473021248 0.621944856227061
0.841662944189691 0.840164873509416 0.83656292716139 0.833285665707714 0.723637148748659 0.721669705711169 0.719375521948662 0.733091574181022 0.839898821767626 0.835141977212931 0.83244130611045 0.830324076147015 0.830061402441101 NA 0.945023396345376 0 0.523664735093987 0.841645213559601 0.839925256118256 0.818116956928922 0.824734497854745 0.842091364561298 0.596469290592858 0.832420544455275 0.833059729495667 0.841567383452625 0.841628826047211 0.840381840451636 0.840207460788422 0.840692479708777 0.595112219178586 0.833472466164602 0.834734039511998
0.436501376340592 0.436156842148423 0.431691388724692 0.430522378528693 0.347400611618142 0.337934972216897 0.347650292666312 0.356222830627588 0.434352550261773 0.434907645600512 0.431046247025974 0.431019243022607 0.433256713649523 NA 0.468885846957473 0 0.431606175702067 0.435060149641627 0.436170968013019 0.429076073189993 0.431472926504552 0.436175123050664 0.437307333955327 0.435502113036367 0.434354298465834 0.43583592063663 0.435689603438025 0.43588742020955 0.433063076297176 0.435929507333499 0.436675119573434 0.436307394587739 0.434200107837825
0.86437742718929 0.8626394871652 0.862919414343791 0.863821325010914 0.845083564889159 0.846819280881426 0.846176616097372 0.848603679477121 0.863845417224882 0.862740821572551 0.863224161522669 0.863962832382085 0.863515748979784 NA 0.89660962627841 0 0.609572469513585 0.864073955425454 0.863882128653979 0.863029976824226 0.862717332066931 0.864130927661751 0.86483554370041 0.863720842695253 0.863265030706524 0.863893948240685 0.863995891425779 0.863818013258185 0.863968170371246 0.864307610656205 0.863551627092075 0.863729903013768 0.864182820294269
0.681337541874837 0.681286817712529 0.679943689879624 0.673320599952376 0.547042936272766 0.557421450130984 0.54958720276987 0.556465795446309 0.681565281449517 0.679681278641847 0.674309201303639 0.676128955602254 0.675943214128315 NA 0.779752892193489 0 0.653921283208325 0.681326431168294 0.680931530346611 0.672904591366295 0.671231268281963 0.68189755188898 0.68168913755368 0.670683187504001 0.676891915127936 0.682282420964646 0.682026499707688 0.680205760391625 0.675559282696148 0.681708219671739 0.682291213115447 0.676524493578275 0.681960763677107
0.264055534393235 0.271578044108619 0.278444816485186 0.277220856990317 0.254769077339838 0.254307924406513 0.255307161909896 0.257378801106996 0.269519402017152 0.271362781246436 0.288491107344179 0.283096001485812 0.281027558790045 NA 0.397536894314978 0 0.273267113513404 0.26553025823405 0.277683301994496 0.279979243169757 0.284590262198403 0.265235339952333 0.264843191731804 0.267563251406603 0.270991431095048 0.265419112945061 0.265117074965243 0.264053210800334 0.269532084054601 0.265295966518602 0.264072423035136 0.272104643841058 0.269955451317254
0.67073540828579 0.670744817810961 0.663103092345619 0.65745357560152 0.384893259535521 0.456979243625686 0.435708474193906 0.439483656519203 0.66335835350895 0.666248039845254 0.655771719107659 0.652158406592769 0.65940391884994 NA 0.671617384407163 0 0.666760287620784 0.669874631157677 0.670298295129655 0.626824242358584 0.649995006876374 0.670640377748663 0.670661493441866 0.635180314940129 0.647361211805565 0.670358742091959 0.667014597051435 0.667703685452288 0.659394883170126 0.667110200846671 0.670660358748352 0.662820557051835 0.665952223918919
0.783593766181479 0.783134628439478 0.774102441512668 0.763403516366265 0.499266552411025 0.520032830447524 0.490829731016445 0.508721371048747 0.763146700896028 0.771254405333708 0.762311111675603 0.751873228305307 0.731189388012797 NA 0.795996062488899 0 0.771996273123528 0.783314722468077 0.783181519846188 0.736218062068649 0.653109508376381 0.78354240354937 0.7828885256751 0.738249255540137 0.716930751054928 0.783230588664703 0.783706255529123 0.77152343275235 0.738759734746587 0.781796322795874 0.783024437381961 0.719048404770116 0.692327171279144
0.804854769885302 0.793785033013545 0.792953643392243 0.787011500876239 0.714085216350474 0.716043264264511 0.717593658840014 0.721242842337103 0.798381505858003 0.787577831372705 0.787192440802075 0.78250926127151 0.784608345130849 NA 0.91598727872224 0 0.791744276133356 0.80536553958751 0.792488170864451 0.785751996736995 0.783463804971302 0.805154207211341 0.799420490671382 0.788062088230275 0.787561074724274 0.805223067847372 0.805328081033467 0.790367670724764 0.803336468801315 0.805108205870029 0.803399638637147 0.791961959934341 0.794872123862167
0.538503501220623 0.538359792269236 0.530618928950704 0.527874931189389 0.345353609528732 0.351159346388443 0.379637995813186 0.355339232926775 0.536923094733844 0.536806714023217 0.532972677938658 0.530725971459437 0.513531235596146 NA 0.578330252928521 0 0.411609869752053 0.467260615661585 0.537696337293703 0.51533600190801 0.518744140253528 0.479380106653643 0.527894545958736 0.489194298898551 0.528485862996921 0.53970253239503 0.46754545595954 0.538850895712193 0.520527693121766 0.467197579037065 0.466636176369577 0.538210407206117 0.5365140621276
0.813373926693404 0.800709587500544 0.782804885857486 0.798030501147704 0.542476432815429 0.534419977617791 0.525441017395969 0.541014399505486 0.790846012035716 0.785956154125391 0.791431805020747 0.801656287163146 0.78120901629119 NA 0.84883534984218 0 0.789728435632649 0.812808506534031 0.81256808712029 0.791795698507102 0.778870104445387 0.813446598328649 0.812458056937552 0.720699385536539 0.790334833927507 0.813917637043035 0.812865216991694 0.813941961327167 0.809713680152331 0.811475565838272 0.81417173643343 0.804967187187644 0.79668986110621
0.594631384038077 0.593785095796801 0.61401460636534 0.614527338417143 0.549204842432236 0.554559074380821 0.554837576914453 0.551524910408136 0.614591607076034 0.605819329739454 0.614345776982966 0.614056913004806 0.614847968327703 NA 0.723479733888883 0 0.541733143931028 0.594161623291909 0.596014380978116 0.613532841552071 0.610793726563518 0.59436852068526 0.5944926739907 0.607741441022552 0.612079567332218 0.595260601628746 0.594261836067944 0.604125618245599 0.596320320820581 0.595303716805089 0.594355262528418 0.596157233803687 0.605309433824336
0.33744797343287 0.337286978170296 0.29102981715832 0.288948733329605 0.146195065640026 0.156452151545757 0.168133823678898 0.178143825115384 0.330857561372287 0.319545055992801 0.299769827582976 0.304334343566921 0.308628398505274 NA 0.364556790921185 0 0.332673071350661 0.337069224282477 0.337643242401364 0.250627459223165 0.280309715305949 0.337610924659775 0.337289172271515 0.249775137306184 0.278501484487964 0.337305707512972 0.327021610954976 0.321748684508286 0.336679063095936 0.3365274513582 0.337202080876375 0.251449330567846 0.303514552780022
0.395990398167899 0.396810066949315 0.39581516739175 0.392565255803286 0.387728496965478 0.382744381465956 0.383154251944345 0.386909227071837 0.396071878231854 0.395212719107982 0.393896931687066 0.39348798630438 0.392101064971424 NA 0.519185059051665 0 0.276805266942356 0.394188991391578 0.395081446117683 0.394553742560183 0.393032061275107 0.394512810853709 0.395625886023702 0.392789580958282 0.394981140071016 0.395722435961216 0.392742065140758 0.393592329264963 0.394432035363159 0.393990468739036 0.394337709258639 0.395523506163025 0.392641231093161
0.559683927899954 0.558530779584986 0.55824006192231 0.558357579783159 0.469704017269693 0.485195541051578 0.491533132863276 0.495105268101739 0.558914215445309 0.559424053485438 0.558171252735535 0.557794465153473 0.558469312326367 NA 0.575180289582748 0 0.452174439717506 0.559763100005734 0.560301134907369 0.557906308487294 0.5572653824031 0.559949458547405 0.558856650411184 0.559682454481008 0.558917046073817 0.558982737775211 0.560591385110242 0.559723221397438 0.558487806274077 0.559787035528378 0.560136166963442 0.560008802657761 0.558923059504937
0.434941303580509 0.434684169968199 0.43049145554375 0.428320443449431 0.383550606623695 0.37086953623603 0.373593829168358 0.382061459771156 0.432517220610334 0.433540403956014 0.427609119178188 0.427863983441569 0.426681643990346 NA 0.424046016282192 0 0.410389468225915 0.435002816331633 0.434899132446086 0.428343439313208 0.424816349766919 0.434907042012067 0.434738758928104 0.429469874015162 0.428117818926721 0.434946601008723 0.434869731057284 0.433433571266854 0.43364026126816 0.435033072884775 0.435030929995091 0.432547422216792 0.433761082222437
0.535135359406221 0.534843037594201 0.536007946892442 0.537438272924762 0.563285519180122 0.575407847479452 0.569004506961214 0.570186594507285 0.535125745906194 0.53518429829391 0.537889526697003 0.535837835494598 0.536098736532393 NA 0.558211767598783 0 0.414075524963529 0.534449567297306 0.53541374210457 0.535814185761523 0.53802673992666 0.534634129372288 0.53450778601137 0.536122155436978 0.535729449696498 0.534491620920987 0.535475562748812 0.534956229518918 0.535301003524864 0.533333404638567 0.535343955425879 0.535953890029281 0.534778066612494
0.878821004794526 0.876327216207477 0.876980635257579 0.876478923599365 0.836726610186787 0.826846731045258 0.831862947761224 0.826547586556444 0.877985670440379 0.874474054906356 0.875202617442519 0.875821060990222 0.876859343265921 NA 0.881064254901322 0 0.874559524318918 0.878828637217462 0.877460402156794 0.877362905645366 0.876253835433122 0.878505994426567 0.878189936282449 0.877789889755267 0.877303346059389 0.87871588779978 0.878660989274892 0.878623971116765 0.878528530844212 0.878761498499224 0.878650965967411 0.878109665477707 0.878237748314882
0.714942166454662 0.715014334569495 0.714143084881285 0.713941214087363 0.672922774612222 0.644919670884303 0.672754398430318 0.660783692502211 0.71478909447846 0.714380288679063 0.711007537038628 0.71157228134609 0.710894659469685 NA 0.548916930209911 0 0.709279260414502 0.715002999871225 0.714521489074206 0.711836284277923 0.712281028225687 0.715162207772749 0.715005635604331 0.713088460255857 0.714400800954126 0.715083021515526 0.714989839818473 0.714760070372487 0.714401963587564 0.715019210275001 0.714996238295485 0.715151434992802 0.714835282890161
0.455811429574872 0.443999154120154 0.432133795397941 0.412852000099115 0.212270819776824 0.216203694566604 0.22244971740858 0.223679473825264 0.415478795607538 0.452660310691606 0.418868710305284 0.408826399927494 0.425187205475314 NA 0.563525534723228 0 0.347665283474023 0.45730333021232 0.467142258153366 0.392635498202229 0.300778470445398 0.461353343060575 0.445769174685977 0.420679852938921 0.387087475372419 0.467852271019868 0.462589492662218 0.452852583177855 0.409846121913859 0.468297906298047 0.42749041475853 0.408545947083527 0.411872497291617
0.893651285330209 0.893116226816113 0.893130500234085 0.89354828542702 0.879443971507722 0.878898821117675 0.880447053947659 0.879807881996802 0.893793879804067 0.892421409242861 0.892522362419745 0.89312311077004 0.893176681426149 NA 0.899133423372182 0 0.873051698493233 0.893776484175932 0.89364782867143 0.893482083885331 0.892714764624832 0.893748124817248 0.893772326425524 0.893362754708127 0.892795753720896 0.893798746701144 0.893460304906679 0.893604369089094 0.893619691624727 0.893636043361012 0.8937867353881 0.89364491634611 0.89328952204425
0.48086774484826 0.512091392664024 0.521737232485698 0.517704561475887 0.449366656372812 0.453824144910302 0.448576077043516 0.454437633148708 0.513685473146928 0.517887693730212 0.518421291192429 0.519856077341474 0.518999243602791 NA 0.67028193176945 0 0.504771933404678 0.483031763286646 0.513993369789525 0.517152074107788 0.520974247835883 0.482433722544946 0.507964587623413 0.515009609355211 0.514162159462146 0.482710531596792 0.482553777463365 0.507378259914225 0.514866522098405 0.482506201348012 0.482582006962389 0.510262362566861 0.519856858682886
0.528041613024619 0.527574914076603 0.513374787566189 0.510844409506545 0.392923700034797 0.386161121546139 0.388261770751235 0.39016344736814 0.520497712247747 0.508707494150597 0.514997431976558 0.514191859025206 0.515556532712547 NA 0.555331044150223 0 0.567784691510056 0.527508735960503 0.52780176051616 0.495447662786183 0.509376343842278 0.527976185494249 0.524149321016331 0.497328043948889 0.515437112795871 0.527087897200129 0.527811560855615 0.526128809808573 0.522898235117832 0.527877703367315 0.528510724335599 0.513579230410495 0.516330289521866
0.713361566535701 0.71337446150864 0.712896233969516 0.71277029463007 0.681422392099155 0.687371783771788 0.6853200916466 0.690961913725406 0.712628311353428 0.71384583587516 0.713047267135546 0.713051932651518 0.712883543635855 NA 0.737404383708603 0 0.727236282413125 0.714092236182993 0.714207422493424 0.713119519006032 0.712405496821055 0.713913662786381 0.714157675254957 0.714308274764063 0.713248984089567 0.714018490889867 0.714019600182091 0.713910658491376 0.71357658892025 0.714206328827215 0.714173345302411 0.714161559460099 0.71359543713552
0.191166889328224 0.191171343097801 0.199823301219703 0.194252256329589 0.127359499712381 0.105950661333482 0.124004230868719 0.130480188248007 0.192248263850166 0.190079708777763 0.191912838053544 0.195590175251654 0.197312724708087 NA 0.194845161364806 0 0.190508466208716 0.191163332866169 0.199801205108639 0.199787728919271 0.194093542236872 0.191166041619053 0.191170056831605 0.19656632777332 0.191422634571176 0.191974838825464 0.193511937119167 0.19525980818356 0.190955447936742 0.191134846571246 0.191170699964703 0.198809185421977 0.192535596228821
0.875358142655029 0.875791096881612 0.873117298337453 0.871033510026017 0.784530572112096 0.79405752269638 0.791897142066122 0.794907317096174 0.873244654992363 0.871568349555 0.870792181376609 0.870481866734639 0.872145865351889 NA 0.951596517609518 0 0.738321800449101 0.875955811911112 0.874544090885406 0.866784673705128 0.864871159713708 0.875542790731413 0.875802441552316 0.872962380534931 0.868345834984283 0.874910635656071 0.875333127699288 0.871161152817004 0.873622982921255 0.875695496194426 0.875235074334048 0.871450300468092 0.874906720323001
0.523124342803613 0.528980342675218 0.526646660140482 0.526083778868403 0.497442666494317 0.500865918648671 0.497889417586374 0.500288110937173 0.523074363740254 0.525447393238907 0.532368645516027 0.527273427460622 0.529348258832271 NA 0.603657849918493 0 0.522567513429896 0.523559998066567 0.522590089384773 0.527732695610524 0.529254272178553 0.524379163154384 0.527005161146318 0.524030970756353 0.531398280355358 0.523465582742738 0.523385485974727 0.525201706108772 0.526860420994572 0.523447064453978 0.524263585348446 0.529472480912624 0.52897464498683
0.657195399068218 0.657639261005573 0.656361109712327 0.639359138354098 0.38977361196993 0.427399982489578 0.423189851724342 0.431735463904714 0.654673843623333 0.649251793794873 0.645769944421196 0.636953195259058 0.63806013644249 NA 0.642523441139002 0 0.609243419886857 0.658007125475112 0.658320238606485 0.658038431521533 0.548622581874146 0.65684942598738 0.657497449238869 0.648305388709878 0.551340421977252 0.656823449416186 0.657579748853119 0.654040405939011 0.623893368708008 0.655846324058482 0.657312928686671 0.657990989750867 0.607563745892018
0.195123768592338 0.19689150382076 0.197005530834962 0.197554474697098 0.183838978779732 0.173075655982626 0.18105850095883 0.182221629823925 0.197747479041757 0.197385375166051 0.199857119044413 0.198788210828541 0.196319343434734 NA 0.439833418948611 0 0.225996957187272 0.198925295357909 0.19802061876068 0.198610523639145 0.197748426937689 0.198195723524189 0.194979195108426 0.197587248150491 0.199303753472153 0.204300435470299 0.212129023972688 0.199136727524091 0.197113196252185 0.198287756590544 0.20072468344286 0.198521644062627 0.198260891789785
0.586936852561819 0.585949276178479 0.576734291088037 0.558899089861686 0.406126244279223 0.406239383110666 0.414148271424881 0.41712442644274 0.574139858389743 0.579662036752519 0.568279759218153 0.572626928572746 0.566014501131783 NA 0.635304265163231 0 0.553531705144045 0.585869628427249 0.586925428877442 0.540976922631122 0.466580663337903 0.586263256679747 0.586493269430922 0.542507533349787 0.469702340032895 0.586199523172346 0.586367119671608 0.581215754729334 0.576895675611114 0.587777130303157 0.586436114523518 0.584778038713546 0.574802326981544
0.43220055473341 0.432403302661756 0.431686223191328 0.431056960343541 0.372343247685443 0.379932701076332 0.382898811460835 0.392133151811356 0.43178831270067 0.429703482829023 0.430689398939334 0.430383873122725 0.430939033653389 NA 0.415090501541928 0 0.422995757067094 0.43231345737187 0.431468790655849 0.430844667749548 0.430235548254674 0.432493661231556 0.431853542308146 0.43154042062409 0.431032716921892 0.432407038672308 0.432691327958314 0.432347713557753 0.431918312199855 0.432429366574731 0.432640392880771 0.431997413833525 0.431804041691767
0.445860931521409 0.44337435271568 0.435024375603419 0.435470902170368 0.342207667837648 0.334446111975644 0.333528268911726 0.354682633592395 0.439899514680324 0.438848053948418 0.435951786873764 0.433221413258696 0.437491284458621 NA 0.526713577016124 0 0.413026121827721 0.442290937207904 0.442727784873763 0.427987084371879 0.424544478342348 0.440751905934634 0.444197546256955 0.437880337305907 0.431659871773825 0.442554238080098 0.442033927445122 0.443713702864216 0.441512282310557 0.442659020878516 0.444465344786668 0.442368120260194 0.438628359005026
0.669624530061752 0.66676321115454 0.666261589527975 0.664350478451051 0.624235390974661 0.611499867882229 0.618027371997531 0.62022441054482 0.666817051008393 0.666685057702607 0.663433538817376 0.664789119702213 0.666621144900882 NA 0.744540240892066 0 0.592483284371121 0.670083033789416 0.668484014697468 0.656523312291266 0.656441051278788 0.669690732996059 0.669110726331778 0.66229872441759 0.666525056769794 0.669561059923374 0.66910073825875 0.666510139863274 0.663560509320878 0.668972263952543 0.669825385104441 0.668623354343193 0.667620580490866
0.686483704157083 0.685853587393534 0.67872387343257 0.676556124595002 0.569028228106809 0.576079189394809 0.570259445889305 0.57348000268189 0.685928533557489 0.682050406543291 0.672520788871034 0.67315826822915 0.675399784440555 NA 0.875247520058697 0 0.626467895918268 0.685903063725312 0.678445830109883 0.68037738162138 0.673383272319234 0.685723152193312 0.686154997427448 0.678208400107321 0.668649427583006 0.685655967230494 0.685348764497172 0.685610796819064 0.679706057577285 0.686075811795385 0.686125085353989 0.685650154909014 0.685681173955657
0.719815967141521 0.720709946271366 0.70433330312192 0.703075499388217 0.507931333072987 0.499419964287955 0.493367011117545 0.5211704851623 0.710420941607248 0.709241865483832 0.697031307811196 0.697531890667926 0.70382230607887 NA 0.871698420247966 0 0.615964637064491 0.720514660730624 0.72015399892521 0.68548312612054 0.675581048842116 0.721572103540214 0.720679398678866 0.706091328475676 0.70518649955084 0.72058780053076 0.720901204938938 0.704405576535806 0.690730502767903 0.719809164474323 0.720751444835051 0.68798483661617 0.663694806374543
0.276292475561845 0.27316023704763 0.271119381614523 0.272819863090879 0.251250427981081 0.253261172819665 0.252974587405727 0.253439376236807 0.274513247527937 0.271662973903492 0.272168856914205 0.272917206998393 0.273735990864006 NA 0.333117720666133 0 0.251513881398952 0.27612733602497 0.275861629101726 0.273167841158052 0.270387398132061 0.275005672286239 0.276217011194126 0.276030990012844 0.274767752973861 0.275477913090906 0.275754232674071 0.275297944742 0.275708335229739 0.275217633618442 0.276226715284695 0.272542171984016 0.274377028326733
0.381030508004633 0.441457296479405 0.438790884187309 0.444301666365058 0.385744303319684 0.388273644134859 0.382833205161103 0.388216475739195 0.429804442935957 0.448352083049939 0.433116595477883 0.445042251313924 0.426277227332447 NA 0.564978816281318 0 0.313113709688374 0.381624212272966 0.381778589761719 0.432085785706255 0.445555942170717 0.381376566169058 0.443432385197772 0.399285096442836 0.419239571695182 0.381507426036966 0.381026625463074 0.381590372206332 0.398244807128769 0.380909610716577 0.385764073515883 0.382181109737946 0.430888335725064
0.690964587774578 0.664573211531971 0.673493940081798 0.666980567008665 0.56483337491899 0.571628613214904 0.56491054044229 0.572014536712233 0.676726353428224 0.648610396269788 0.658107344495303 0.659978569734187 0.662094529416489 NA 0.693808500386734 0 0.685693570045765 0.690926520173127 0.666301381592548 0.651706650425432 0.664169511783959 0.690949278104609 0.690989674347248 0.676722474999406 0.658083089827939 0.690963870665217 0.690914028517758 0.690914089160301 0.675419071731337 0.690948831796375 0.690883512280538 0.667756069848823 0.664943279785363
0.844395253093184 0.84409394142849 0.843796352211843 0.842467686687904 0.748683407873677 0.764944191781346 0.766669305775651 0.777015453430857 0.843438157472133 0.842237317237095 0.84320808948755 0.842273769237622 0.84231175188414 NA 0.903985634608256 0 0.779439511466111 0.844857760717608 0.844266856495205 0.843383011280151 0.84189307574377 0.845588249192345 0.844684501230916 0.840922021386439 0.843329631391188 0.843641059618489 0.84557014584788 0.845143781862561 0.844210654939386 0.84474340827606 0.845059806487869 0.843280709004419 0.842715061128415
0.583576984784581 0.583112176952951 0.58733267924916 0.586731066448983 0.557369583813446 0.559446121529106 0.560702870463428 0.562392604622058 0.584359433275997 0.586569730829211 0.588772252662935 0.586389306402707 0.584080734895149 NA 0.706559398086578 0 0.512632020011672 0.584250468389133 0.583973429069762 0.588581400349297 0.58630121294196 0.584180420097803 0.583857388755916 0.582970392096409 0.586482697482532 0.584200790830237 0.583677251781451 0.584228424384004 0.585121768651423 0.584200388759682 0.584265935579965 0.581939327639718 0.587233033283707
0.838521145167529 0.8375835290309 0.83733003304366 0.837664374378629 0.811855745684603 0.818587168352447 0.806962908651521 0.808127007920327 0.838421259241911 0.836968983061374 0.837460997447453 0.837948181135799 0.837284638741436 NA 0.855065374095626 0 0.479965643147429 0.837913533188202 0.837874950267704 0.838104158970423 0.837570552478297 0.838349717936324 0.83827716955446 0.837785902527279 0.838005167991098 0.838562881875894 0.838489506415161 0.838312562605901 0.838308827589974 0.838892913630315 0.837647596342853 0.838694532048995 0.838065975251163
0.328975518412725 0.330027313368144 0.322459540891876 0.324577627825602 0.223193527851652 0.216698556054782 0.211544416370827 0.216994976456325 0.328048339385038 0.329534353312284 0.317515912620798 0.320963004338045 0.323120811913257 NA 0.491878743559366 0 0.265850339804297 0.329361728967422 0.329866727414053 0.314478345714366 0.31623343538995 0.330039366854344 0.329762764527024 0.32447609633391 0.324605766791562 0.329222026617691 0.330031249879738 0.329155119063576 0.328515461588312 0.329708640234391 0.329771386624741 0.330333555924812 0.328116379924562
0.648951261390505 0.64048908951445 0.64139690404057 0.642725166979606 0.547375297251645 0.55684083576847 0.55212981034516 0.561228497049893 0.644941513528805 0.642753164309898 0.639698816706173 0.637684358519991 0.6395490230329 NA 0.781420119709399 0 0.602839254666555 0.648554224592503 0.649115884437654 0.637518719489984 0.635693906685677 0.650255247183178 0.646400553127783 0.646313859550726 0.628542645709927 0.650233882006632 0.649322060610048 0.649816571345238 0.64258295733204 0.649982534515612 0.649526058229403 0.645583185832303 0.639328516155219
0.370699692339394 0.382036636856673 0.378840978641087 0.379851094736642 0.215755788865612 0.184949477794859 0.189271798526831 0.194208425826531 0.383660104156543 0.381771834323373 0.383553612397257 0.385125910006585 0.370139134418947 NA 0.411823877202371 0 0.388179151098038 0.378552471238129 0.38644267711968 0.325025210568344 0.362699368500802 0.384695847252521 0.377052850832028 0.385756468817432 0.365274443013203 0.383019144976654 0.382929759363535 0.380904664428774 0.378552253811123 0.375968033563179 0.392344015511736 0.377568826748089 0.372235355883552
0.913555284569009 0.90387227433869 0.900537996299836 0.906886336755906 0.687955231828365 0.697426749679876 0.731808398052557 0.754230371521469 0.909198616036734 0.900859085350603 0.905736236535255 0.892433870843582 0.896669090042591 NA 0.414189460794895 0 0.834716390279863 0.913710152365072 0.91350204480242 0.901818634523211 0.898895488770352 0.835697231398679 0.913007740701537 0.909845442924484 0.904671114917335 0.835569253880203 0.913586129760006 0.910493702312068 0.911307086421435 0.913622096255786 0.913657743006304 0.913150066955051 0.909373690586921
0.714787876006354 0.715208490101292 0.713050669044292 0.700810527727688 0.450389609431546 0.441662082267115 0.432891624297969 0.450587887173706 0.703176125815241 0.71472539550203 0.687005467711337 0.677600485946562 0.708498883188478 NA 0.764716553798949 0 0.70796212070076 0.716554619922776 0.714392418308416 0.642149458266413 0.662133145654305 0.716536486739604 0.716619155216829 0.673594629793753 0.682225319956401 0.717788944127945 0.716524369581098 0.718600200400755 0.702917888824951 0.71650014222857 0.714551397000689 0.712162587993407 0.711034071629058
0.380491414840556 0.381870866128353 0.367124991921225 0.372484191468404 0.216248318141569 0.223598546469852 0.221922195476593 0.249497969468114 0.379811971131506 0.381526163286696 0.371137432796863 0.380025874385273 0.369524470007123 NA 0.49651705882057 0 0.372859031103231 0.381790849016307 0.382404825181906 0.356988093230295 0.306688694065832 0.380129905238723 0.382038196089552 0.363558197500162 0.349859723638654 0.380582511446375 0.381927085053914 0.365287750833361 0.370566701309193 0.38201883762193 0.38190650199579 0.371302985815463 0.368970369926368
0.872693576646265 0.872119511408522 0.867940507740449 0.868107246892976 0.779421659821007 0.773734273195626 0.783106465253555 0.791450990751555 0.871900068795072 0.868043477875927 0.869039342302819 0.866798113958967 0.867026338687434 NA 0.939491290336067 0 0.745840782859223 0.872706426690606 0.872877763214384 0.864375473301275 0.86189636831604 0.872697359702964 0.872752620609346 0.861046876122668 0.860250091296329 0.873052172383208 0.872918397985894 0.869553607281106 0.868996473816632 0.872208717865313 0.872377782528567 0.872353767627802 0.868303246246846
0.493542442291562 0.493783605352403 0.491362668537875 0.491209083468062 0.352582420910749 0.355144983376154 0.358498477305252 0.368213979261436 0.489220554855065 0.486431261838713 0.490227047628833 0.487159512237261 0.489803879136192 NA 0.524896423717325 0 0.354655345927828 0.496864613423802 0.494689387917185 0.490694998138857 0.462600838053271 0.496986634596267 0.489885541021304 0.49097188997662 0.481436636212307 0.49267286786008 0.498023313631377 0.490341605189367 0.49216680705848 0.49364375268136 0.490290854506851 0.490463486470281 0.491862979004847
0.759567167051887 0.758790180836867 0.75910698684174 0.757996556069902 0.708248129936106 0.725501587966216 0.7183498902579 0.705631306376726 0.452422361024995 0.758023807175628 0.758710301071102 0.451654224546947 0.759342667695865 NA 0.807234318956967 0 0.449047357679814 0.759294084872511 0.760334954832089 0.75860905894797 0.451368025662703 0.760225855298203 0.759917616095503 0.759470588197718 0.757945687436094 0.759538575887231 0.759524110469591 0.759874276426711 0.759867743642503 0.760008619057077 0.759638023847312 0.452328087888318 0.760011463322733
0.448336248465302 0.472212225268869 0.475987944818353 0.476176511236347 0.40391816841184 0.41729105603167 0.41086941042638 0.41314330845046 0.460328661675244 0.472759527194867 0.477340626117242 0.476380141779416 0.466266311843589 NA 0.524758009801808 0 0.416354342795005 0.448173244901513 0.474973616484313 0.475424681975779 0.47484292252025 0.448090376528907 0.462699149309994 0.464945742525147 0.475000144935093 0.448107545276995 0.448265979450365 0.452434493785715 0.449255419142818 0.448225347669588 0.469861203372018 0.461515715372133 0.47433176622668
0.159837017084154 0.159362849173678 0.157107039887103 0.15550836384061 0.104042704986248 0.118330342568764 0.11812336895791 0.116296397565241 0.156998058315182 0.157828061651822 0.155850257776461 0.154564976357065 0.153358005010667 NA 0.216176152047086 0 0.155165809835451 0.157399668923309 0.158496531578671 0.155259953949819 0.152603509399713 0.155927346055677 0.159135635885172 0.156019569840555 0.155093157123658 0.158199685722781 0.158520158672469 0.158195114934635 0.156380474641458 0.152331660940093 0.157813063968443 0.155456942868911 0.156467706059231
0.294822022469336 0.293605928470811 0.297562007277272 0.293728591222871 0.282792280419278 0.281912507478165 0.283777046863733 0.285386713674425 0.293841636239598 0.291422145327853 0.294695832524769 0.29358598129951 0.294669204847079 NA 0.48336409762153 0 0.216098743796603 0.293855622275164 0.294446016071199 0.293640488495745 0.292929648216787 0.295259579948155 0.293527180209311 0.292833476123508 0.294056042593632 0.29420640647431 0.295302238619591 0.292380228584471 0.294270484286168 0.295168566058471 0.290865744838099 0.293958485916826 0.292973903382734
0.387382697076103 0.555033051800443 0.542853857710694 0.542239168536118 0.323570356031163 0.336257322973574 0.334331943387189 0.343624334955223 0.55325179926935 0.5516988164234 0.544242790685577 0.536341731310293 0.541717100143109 NA 0.450383794898076 0 0.461494314192664 0.400450501395826 0.55582316379449 0.558050038884791 0.441637215526475 0.554918529832882 0.558351975604654 0.560093040608368 0.514779420292113 0.395981776614892 0.55174622962281 0.527649287094151 0.537528967898579 0.557378316396423 0.553869625522778 0.542860247035624 0.522598329701978
0.792246035426233 0.785647505073232 0.786885266980884 0.788105613291377 0.706445877418562 0.704608385942201 0.711037340035352 0.704652026744244 0.790503484527862 0.791420391018581 0.773946582598497 0.783171790098466 0.782096877517942 NA 0.799245222946397 0 0.790058055874984 0.792196767852754 0.79222967066847 0.785626091747777 0.785315376931943 0.79221204272539 0.792202221084589 0.790927380541019 0.789206621479318 0.792221165702208 0.792109636161372 0.792048215905615 0.788877215096556 0.792153406377578 0.792214269032717 0.791331720788524 0.788191075359249
0.541175666260033 0.523583474943467 0.51850424822185 0.530819493946207 0.456970914560649 0.446195151039163 0.445735358121253 0.461233537774446 0.527470668449622 0.524167424328258 0.527154398187583 0.527642895894493 0.539422765863305 NA 0.657029086712392 0 0.541191190884371 0.541170162585679 0.541175666260033 0.520929617120415 0.52763733091385 0.541175666260033 0.518226484295145 0.536772801719503 0.539755675448524 0.541175833259952 0.54118177987476 0.541178702867827 0.539967489155458 0.541176538064797 0.541076963044998 0.541160744563747 0.540130847012642
0.551060238901106 0.55555170898815 0.553398389979189 0.554128145962889 0.404159980424619 0.4133029262547 0.430548230312652 0.440223703095092 0.562181233901103 0.561918226746535 0.55474925299619 0.551606956609507 0.555452109703049 NA 0.625053488489034 0 0.580001904223126 0.561678974982418 0.556742370106456 0.545421398313264 0.544210693726796 0.564946464547173 0.551285890135743 0.543012267865411 0.546805875588465 0.562055032941231 0.559661975555788 0.552872115627528 0.557718444790179 0.560845273370228 0.561675835449516 0.558308620257282 0.558787599953259
0.342449895346746 0.341947205823472 0.336187204681625 0.334607996878003 0.22209919389181 0.209874576945732 0.214513318415094 0.222950467520347 0.341029430316604 0.340822968698227 0.33035028187722 0.331132759623643 0.328977580241971 NA 0.373599251365145 0 0.335693365547993 0.341310137007463 0.342522212667206 0.310091873991065 0.32890459221747 0.342096775666563 0.342073662237053 0.320080135927759 0.336308868987052 0.342128483637066 0.342329804285128 0.342344300819131 0.334891667237256 0.341750455410324 0.341662645010643 0.339692087064202 0.339772900820776
0.852263663517723 0.851803795906634 0.843883428823713 0.828701183867864 0.481250765038227 0.497691817231521 0.487798572337138 0.519058989641633 0.846188247164364 0.828165326479053 0.840579960949037 0.828699827152817 0.812267397462455 NA 0.925322126862945 0 0.624455003626757 0.851815627933461 0.851455680391796 0.80681967910856 0.798599191179183 0.852189010534147 0.851601374738763 0.799151983774347 0.64504043227323 0.85282659079502 0.852770930365335 0.813859748432813 0.734572061108929 0.851855366033087 0.849287075726041 0.808311343096021 0.741489023657921
0.733692287412727 0.713891046913633 0.719372025173745 0.718475450160149 0.526719529327755 0.537880080517365 0.505370981186206 0.515471674914259 0.724226146984194 0.721303649056019 0.701827350078745 0.714516590280866 0.721358341486863 NA 0.821201560929618 0 0.496251108918062 0.734119010852248 0.723726954547864 0.708633836323687 0.71527774202636 0.732967165778373 0.734556073369704 0.726437409010587 0.723427883221401 0.733049662236909 0.732908065594847 0.732447344228132 0.728181927180428 0.733299702012901 0.591349989845954 0.733487165606956 0.728918069280822
0.690902378443773 0.689626178660039 0.679140489680893 0.681699805250293 0.568122478315044 0.511525589066852 0.49189132678428 0.512311593787889 0.687337981389056 0.679408284899807 0.679307270602404 0.674305527139097 0.680193052207603 NA 0.757062292957902 0 0.684079462263018 0.690788858064139 0.689993740907082 0.666805482248936 0.665881894517996 0.689633287915311 0.689192832599655 0.684435967961909 0.681413737621147 0.690521146011958 0.691186897230596 0.686786641889511 0.689494653548258 0.690587283964338 0.689104168140738 0.683815762899667 0.683712548402134
0.743856705229626 0.744658846138352 0.742806930126849 0.743651348760549 0.711376731555311 0.70063508849892 0.713995392188416 0.719111896308675 0.743715891732188 0.742545339338185 0.742368939936399 0.741203327343778 0.742798821129905 NA 0.682938809510425 0 0.426211972528573 0.743923777411381 0.744274292780971 0.743103609502231 0.741653942164738 0.744923993105449 0.743457630129857 0.744256566893661 0.743462725438168 0.744578646015606 0.743025631352625 0.744373273758308 0.744122194901074 0.744251382952211 0.743637555036381 0.7438278578888 0.743628813373983
0.559082381460062 0.560744847457405 0.558049779778462 0.557492904533268 0.494523342202911 0.489694003119485 0.49741919313731 0.49567904948728 0.561734544080182 0.560210289654426 0.556046961864537 0.556394088259546 0.557973307590497 NA 0.673390383836252 0 0.503265599626415 0.560616036115672 0.561087285196657 0.559415431411571 0.552987673666223 0.561516307180502 0.561329717475223 0.555781126829138 0.555999024032207 0.54414806425286 0.561559723857918 0.559801490587006 0.560102884648127 0.56086697206474 0.559618785813654 0.554821182536069 0.559990023165243
0.558054537440728 0.557180401934041 0.549742405821015 0.539018084950293 0.288802370053058 0.289973521042911 0.302205124358441 0.324529759530086 0.553144883522758 0.544647917308932 0.544596751632998 0.546452202873081 0.541280528198107 NA 0.586902518720123 0 0.548392582777183 0.557802649319452 0.557851076215527 0.490425207811087 0.479253936650789 0.557245194038043 0.556941791644567 0.47909522254031 0.484027134106644 0.557741059439091 0.55836068947378 0.529739133640364 0.555219159103216 0.558068591324621 0.557738448038564 0.556713659631108 0.546513539033269
0.65760403273218 0.655944463708566 0.650599448101075 0.652896415259563 0.562689420097229 0.550712440464005 0.54944920913731 0.562766635336107 0.65526462410341 0.652006946129711 0.649573297505117 0.650818197073448 0.652212178077132 NA 0.694862296350892 0 0.429030849372687 0.658350401916482 0.653712257775387 0.644737628942659 0.64320178051522 0.657590336868301 0.657726230666124 0.654651403770291 0.65249720056453 0.657362818822627 0.657559209048764 0.658085302753696 0.656483258340249 0.657686331102428 0.657775024692821 0.657845621103506 0.656470602506644
0.554248255502007 0.553688862677244 0.55347034152326 0.554036174544821 0.542377169973961 0.540576257722789 0.538893420812139 0.537383567650961 0.553996408725241 0.553179536656407 0.553783015762201 0.554099618963979 0.553973264122003 NA 0.665419708406134 0 0.532670959649323 0.554111950243087 0.553380649009396 0.55392270138658 0.554038497031369 0.554447023932422 0.55475886528849 0.553962031204089 0.554049400556504 0.554344934846317 0.55440974351596 0.554117741900088 0.553630166564777 0.554533873476697 0.554187261823681 0.554916507691264 0.553755128491517
0.659386094069282 0.759894173996991 0.755747574650554 0.651735093541613 0.631728249354822 0.606378150776708 0.653430702762873 0.651024623892712 0.653863684532309 0.755992304834251 0.754480033839067 0.752522994796852 0.756631899495001 NA 0.838190814045201 0 0.610076824494814 0.657171023275297 0.660150132830451 0.752813754891105 0.651369424330126 0.657943567891522 0.755729018987888 0.756403194547635 0.652844129530396 0.759174762564122 0.657685280730448 0.659165690194117 0.755681472383228 0.656962149372711 0.656179285506915 0.757801639524129 0.655357854074006
0.590612299742451 0.589626841066612 0.586255167871743 0.586333168229775 0.498198018980777 0.482369758222838 0.480799230719938 0.49953832245036 0.588711201932791 0.586083489327944 0.584715642969022 0.58321496539042 0.585699763607402 NA 0.701194742177593 0 0.605318910052427 0.591712446648286 0.590908410946096 0.584140586087031 0.576288579077503 0.590376088903422 0.587783847126402 0.581524264418257 0.581030581402646 0.591240315980637 0.590903428394384 0.58626068710534 0.588425398000966 0.591152180873028 0.591415566472158 0.582294243653977 0.589764445486155
0.1770281055853 0.177866035784023 0.173188002989629 0.172500209965676 0.063381340505207 0.0739381418425799 0.0726830525136468 0.0784711063113489 0.17663132208266 0.17724713029982 0.174006738251998 0.170687941038811 0.170613504036974 NA 0.19274622354817 0 0.176455024206678 0.177111210583277 0.17725202016774 0.155632469574785 0.165890085816177 0.177047362694891 0.177417278194797 0.175152143235719 0.175780144750232 0.177115753194959 0.176632326003965 0.177255701170141 0.176679749600159 0.177244357547474 0.177385838163013 0.177527274309035 0.176962280522422
0.839233252743598 0.836460695849307 0.832993049255376 0.822815750923607 0.606056388356437 0.62722912373929 0.596614990722475 0.642656483996054 0.835099149840917 0.828139480363995 0.828619525273595 0.827403050795655 0.827124031535973 NA 0.862323187402266 0 0.836012223336515 0.836236298560832 0.836236802044725 0.793647004548908 0.812229281607904 0.838046496018298 0.837427257334074 0.779830834535019 0.835639154145929 0.836073157334944 0.836874623232575 0.837009188444695 0.837058530388616 0.838426450309715 0.837035510692917 0.834997145605275 0.82902131963309
0.125157859875126 0.136777069309793 0.136708420910904 0.136086084540975 0.121453197804966 0.124126484547896 0.122642929421056 0.124856185010643 0.125630123722956 0.138630517703787 0.13469395899654 0.133269372901339 0.130933158073168 NA 0.167225912177283 0 0.127159127272676 0.124740539085323 0.139343704562295 0.13597000503074 0.133154363743236 0.125393530204393 0.124092882804767 0.125025200094198 0.130591008537928 0.124378710668657 0.124862246293799 0.125811993007026 0.126492735344222 0.125374608319406 0.124682527059704 0.126315750278606 0.128977251146364
0.573867572152888 0.573979942459791 0.55980877440401 0.564648081782079 0.443888955710387 0.4247036828161 0.42602144325009 0.424191924374544 0.570620915932313 0.571091971339263 0.55773656914082 0.560815693472095 0.556318777838453 NA 0.705109393013504 0 0.422078892605673 0.573844124829828 0.573861870332464 0.556723944773971 0.546788483415531 0.573072478799005 0.573375452983019 0.556391147825695 0.559162841878196 0.574472511143366 0.573773993349013 0.552404922326176 0.571900868913585 0.573826699715067 0.573177441549841 0.572570991337636 0.562361977463275
0.991437261822277 0.991320599395898 0.982681933375464 0.975306659085646 0.709244302997779 0.714892023703763 0.738654037767337 0.726262943083085 0.982517522302237 0.985559041450106 0.974538297099299 0.981926687633056 0.972901258222706 NA 0.995634346010395 0 0.96516207798491 0.991466114987336 0.988668232079019 0.953220431291198 0.965444175507483 0.991540707795747 0.990214063727544 0.984338030588328 0.974750717130928 0.991401687727418 0.991390090986409 0.991121708871004 0.990717029957208 0.991452208610411 0.99143606399329 0.989465955524777 0.964988654695945
0.522743973892937 0.513047659261667 0.507166694369607 0.498694225622098 0.256812994650969 0.267907309471264 0.273308743998955 0.277671289243127 0.511985620175157 0.503335745121357 0.504080563133956 0.499452970397396 0.494202287125845 NA 0.650244118431117 0 0.418823586282154 0.522363688467896 0.522837360982815 0.480429436087569 0.338499806555816 0.523472660384625 0.523779197008346 0.518243775644658 0.472450132329929 0.522866458061574 0.523409060226202 0.487757354580552 0.499816366564757 0.522560137795111 0.522513571960007 0.507409539374568 0.506491004359943
0.800491674389638 0.778899077354791 0.791324671339919 0.795557858738801 0.63030647589184 0.632842161364809 0.647233731984396 0.637130443237585 0.800132638171561 0.791850999465518 0.783695272550797 0.78530843035002 0.796626629028247 NA 0.829400403448335 0 0.612537467534029 0.800569147473593 0.796130299664695 0.787456190740578 0.791070635366187 0.800526533853833 0.801024047990426 0.795560988239652 0.799669578287851 0.800699266560223 0.800954429164131 0.801473326609066 0.799655998872275 0.801151933804626 0.800660444587233 0.800663513157786 0.796352325014369
0.2167483509903 0.218523759983464 0.216759309818899 0.217322324311882 0.225974236592066 0.228211454335021 0.227175926994486 0.226548301882051 0.216732195451649 0.216925698648367 0.216942572775016 0.216746637691641 0.21680359965921 NA 0.216769798177503 0 0.216638203481797 0.216721512402989 0.21671492754678 0.216797667407757 0.216782702000101 0.216724437950133 0.216805892075356 0.216728345775054 0.216760978442159 0.216725505769173 0.216738825127072 0.216748615449032 0.216774222022275 0.216720092026576 0.216748328280585 0.216731816707294 0.216719327417424
0.489737739434187 0.488385994946931 0.475685714729543 0.477802913297328 0.26625343600361 0.271249335490748 0.266265563079359 0.298821659135107 0.488205442030284 0.48403135156718 0.450001225905045 0.471118474615424 0.4596450740461 NA 0.438112772573822 0 0.483717212214765 0.490552937387496 0.488818516596064 0.451886593500521 0.482787327602313 0.492005775333111 0.487129031904673 0.430373223503842 0.481733443287947 0.491031538733921 0.489802249812827 0.470305225741532 0.479038296085721 0.492733842337829 0.488235614158545 0.48816822324759 0.479272939487261
0.468438870859523 0.518828450186744 0.467344377511261 0.466238769670551 0.343788529818454 0.324470272499307 0.323886919364429 0.34692222232467 0.47174959351262 0.472727591106784 0.468016603481841 0.467707275932499 0.467709753992504 NA 0.502075800324189 0 0.523874576020697 0.490365268455473 0.474965249982353 0.467091603685626 0.446558085133576 0.518330515370065 0.473396209317102 0.463761394434294 0.468188715525616 0.487686236190584 0.475133434798514 0.45706306301465 0.473742176363399 0.472408061148648 0.471676142706613 0.475543641172153 0.471846173062114
0.787124460800164 0.786638230629625 0.778708535454061 0.774967104841274 0.661430535954458 0.664057852975502 0.669505866634215 0.668902443865719 0.78212758035293 0.7825561667841 0.772432753503123 0.776806438826348 0.778013384516088 NA 0.811576961791138 0 0.716158540815714 0.787139668833122 0.787135802815268 0.769218651284597 0.76592831732413 0.78654315688454 0.78616854089038 0.778512445374807 0.773375271888416 0.787447005680341 0.786759575341375 0.776524723982367 0.783582232370903 0.786918751934684 0.785939279444741 0.786308803982519 0.784976605822131
0.377042341611283 0.387129067075944 0.382054271260003 0.378857681076546 0.158901581970364 0.175007209715122 0.177865958039979 0.198146657947108 0.365877893066759 0.393422869280269 0.380017808693226 0.367505742179092 0.380745815917784 NA 0.475406000623654 0 0.359452306292088 0.385309055503433 0.396899769371507 0.333522525300989 0.292097508174791 0.392652832512449 0.394717366650423 0.327794423170901 0.287649639537004 0.390915718153758 0.329557452244888 0.387629566182573 0.384561199450015 0.385975013456984 0.39087431987582 0.38353156427791 0.369860778429632
0.596757479561306 0.597336547344325 0.554498242894262 0.547722815156901 0.45496594179855 0.406992633792695 0.417378266390724 0.437139737433765 0.558452183945159 0.558984698145275 0.550454450182766 0.554548573224555 0.551948096373075 NA 0.659639497868623 0 0.610402193301681 0.597347794240711 0.597549538475729 0.537804129996901 0.538781954690593 0.597675675713525 0.597285961040788 0.538100545084757 0.547928168341972 0.597341445804891 0.596879679963239 0.547818685695456 0.563011610174046 0.597616146410519 0.597714552466536 0.580009039825573 0.555320289977175
0.734952193383557 0.735784652669491 0.722243921115239 0.710695687073156 0.467008449478882 0.448754381321671 0.492812260428693 0.503145999083886 0.733165195079271 0.727877627321331 0.700016588001434 0.716716953008065 0.721298636944489 NA 0.807241814687894 0 0.701916049656793 0.735884671120961 0.735125603833711 0.702780050422841 0.718982525977075 0.735591107517853 0.735549921858381 0.715081185605054 0.685554584933987 0.735608980705828 0.73500381260522 0.735339605389643 0.73418675305193 0.735020227121604 0.736274955490375 0.735457239561557 0.722466377223161
0.706684382493429 0.707020889422092 0.703632327496479 0.701797673559357 0.670601430248804 0.665126743173844 0.670643205653089 0.674572211045673 0.703507639378762 0.703548858116647 0.702614542055877 0.701693492133311 0.701451208644692 NA 0.788687221806838 0 0.681449908536045 0.706891847740403 0.70681838298554 0.70141788431666 0.701640343335424 0.706776912574117 0.706998996548171 0.701438819376825 0.701872214850273 0.706639352898308 0.706846043360509 0.70441329360526 0.703446408909316 0.706571660734523 0.706659186163594 0.702754599242386 0.701840086073172
0.65293840659128 0.652512407760905 0.644521414379312 0.64136974995684 0.488929829532983 0.468797585087432 0.49627150433532 0.505503036451227 0.648786138877974 0.649122399432351 0.647120181887347 0.642377678639081 0.641355879785339 NA 0.697485628450666 0 0.615750442350281 0.65221017258427 0.653037935560962 0.641715949284344 0.617342579744228 0.652939431576661 0.65290685004254 0.644403644104796 0.641237419706871 0.652880999104489 0.65292069809242 0.64448665109703 0.652170298628264 0.652489470604413 0.652944486519516 0.652056402890196 0.649543307442379
0.885702619727702 0.885744673913284 0.881396945531412 0.876700392407983 0.674191006045005 0.67130207560288 0.685397955498234 0.698769088859883 0.882816601415473 0.884121203749937 0.874645998959383 0.872520526031225 0.878895588308651 NA 0.93658466075386 0 0.830889575196383 0.88626502367997 0.885677858053136 0.863762633690306 0.843024459395663 0.886585664832131 0.885732413961593 0.882889158287272 0.876854547316874 0.886287123760742 0.885803333956459 0.868657780151917 0.880946764812456 0.885120768900037 0.885864286177992 0.880003237437546 0.879429545057997
0.110736355788356 0.11338048095422 0.105980374178784 0.10991339332666 0.0519337985506666 0.0483175850888818 0.0514231391321714 0.0522692067734546 0.112838444144523 0.108834581450405 0.104737855113756 0.106306781022018 0.106610148904271 NA 0.250029751661687 0 0.0675776779375991 0.11229945113176 0.111576302535354 0.100513186458641 0.101911569024579 0.111683546724547 0.111418657989957 0.0978877825393112 0.107122531104494 0.108811524635793 0.109208194111225 0.105722109335183 0.110537527635042 0.107350739446993 0.110557751810462 0.106881065320743 0.106699370910067
0.95315818987877 0.947154926753281 0.946618978396576 0.947866645566258 0.870717806365837 0.844365734117556 0.820227586184839 0.839590619648176 0.951838283742988 0.946000468662274 0.948608994479075 0.945188358933132 0.946887101755419 NA 0.850414593573097 0 0.933759145570905 0.953067911898592 0.95050450940074 0.949254701782906 0.942298479611184 0.952935085740246 0.952609021675924 0.94360531192397 0.94981018010053 0.952848058306721 0.953132817289792 0.950922087989446 0.952907525558307 0.953320203173151 0.952451493250905 0.952920185796611 0.951797706864275
0.332459949640529 0.323130112796887 0.390765404395527 0.367550242730176 0.224728929972974 0.205305074249594 0.201173867135162 0.227212764928459 0.367729264917493 0.372534941341934 0.383726423719069 0.374079565002344 0.372219768102623 NA 0.357308643473324 0 0.337641602361512 0.327198281307298 0.328498520635897 0.347519333901534 0.335567307451133 0.32929120379357 0.374478457103968 0.336999433978577 0.376868768035683 0.324251830151162 0.377039474746606 0.365685434961705 0.366063727700613 0.325131968253654 0.358140522429727 0.35008031336865 0.368040581514574
0.624853998799468 0.624867237314979 0.623615642984133 0.623652720595393 0.565128856773659 0.576803644711678 0.580936450364871 0.574571284459838 0.624965540732194 0.621036578908533 0.62370144482256 0.62341756534488 0.6236922128454 NA 0.745068051550526 0 0.522990874087223 0.625110945786503 0.624017354236698 0.623659275391333 0.622482087344617 0.624957668331956 0.624841963092524 0.625072517115808 0.622408039427932 0.625055188936079 0.624852168878124 0.625327115271482 0.624686893594103 0.624824931829707 0.624756882348873 0.624945577925659 0.624175864238888
0.620929852070026 0.62076417609118 0.553558320577261 0.514446427941195 0.294371994691064 0.293801384734237 0.297672143865929 0.295486183144587 0.560480098069663 0.556367602572731 0.579970878753062 0.508487817792778 0.526349031320701 NA 0.594503329415188 0 0.585614818620539 0.621715505699225 0.621644799169276 0.499689300858635 0.388610235161738 0.621627677322382 0.621357453986161 0.493641411171102 0.360942548677875 0.621330043763308 0.60295239245926 0.495246261515579 0.444201740961161 0.62172059204696 0.621972300245785 0.498392595618934 0.458681678281087
0.353109225191387 0.352902328686456 0.369691155509524 0.36326252908291 0.327204211195547 0.34161341238649 0.338809868182265 0.345935237899592 0.360846046404532 0.362982069528586 0.378706185439187 0.370940766522385 0.366445853262809 NA 0.399219337004409 0 0.35702883538799 0.35403408196573 0.353401659393179 0.387740505535048 0.380548593163368 0.353102813431358 0.352526962224374 0.373366986711704 0.359496243434494 0.353664214094279 0.354195175998608 0.35397737783945 0.364178407039597 0.353806047945042 0.353133562883193 0.357593201372879 0.353739105789587
0.423818654770136 0.434240931788977 0.43612325108328 0.438984892964591 0.354361260908157 0.349488907438779 0.351488515144978 0.351843901805408 0.443160112827636 0.433398728081222 0.440158664186528 0.438393003676589 0.434036742103031 NA 0.571905094063461 0 0.384739904801468 0.423566766819625 0.422974198223126 0.435584644143928 0.428799080018042 0.424051253237648 0.433538848813271 0.43091013054318 0.430748926067663 0.422908100120701 0.430325651895884 0.432175421850064 0.436947065219895 0.423936582319341 0.427790016974887 0.437760402318281 0.437224415479437
