"U_1_Gam_alpha2F" "U_2_Gam_alpha2F" "U_5_Gam_alpha2F" "U_10_Gam_alpha2F" "U_1_Gam_alpha1F" "U_2_Gam_alpha1F" "U_5_Gam_alpha1F" "U_10_Gam_alpha1F" "U_1_Gam" "U_2_Gam" "U_5_Gam" "U_10_Gam" "Sylvia_Sparse" "FM_RevJump" "MBC" "DPM" "FM_Raffaele" "U_1_PC_alpha2F_01" "U_2_PC_alpha2F_01" "U_5_PC_alpha2F_01" "U_10_PC_alpha2F_01" "U_1_Gam_ProbKp_01" "U_2_Gam_ProbKp_01" "U_5_Gam_ProbKp_01" "U_10_Gam_ProbKp_01" "U_1_PC_alpha2F_09" "U_2_PC_alpha2F_09" "U_5_PC_alpha2F_09" "U_10_PC_alpha2F_09" "U_1_Gam_ProbKp_09" "U_2_Gam_ProbKp_09" "U_5_Gam_ProbKp_09" "U_10_Gam_ProbKp_09"
0.852919897690561 0.989452805380236 0.989595282682417 0.98811303607439 0.878431450227764 0.887934542708493 0.887139117694374 0.904349004839164 0.985414940180931 0.984745263901002 0.983032469768229 0.983240104414315 0.981372858538738 NA 0.988935829554905 0 0.514984907817729 0.627819599714913 0.326216572262754 0.989257468761668 0.989548113799771 0.445273271108089 0.852692145704844 0.989367360785506 0.989633823942292 0.44571411322025 0.843143173544889 0.989517862179055 0.98962290680076 0.61340972138263 0.629222074522852 0.989437289402933 0.989546336979782
0.486320596177224 0.621013394272769 0.987863346789767 0.988045799519902 0.883483783959664 0.876120019493097 0.890323140383238 0.88675132778075 0.984029046008428 0.983224888019089 0.982099306561258 0.980061104709692 0.977373543273755 NA 0.990945618096617 0 0.500318904881365 0.621693930465569 0.839489286350123 0.987628399820489 0.987741067445812 0.839491775151583 0.682639519791113 0.987789672425229 0.98769856858344 0.867266894059911 0.987852991315653 0.816454083774087 0.987703196195697 0.485528992144846 0.839129524614316 0.987824046007735 0.987694677407362
0.994077707908474 0.861238078865812 0.994025751519805 0.994110227881279 0.904412741385429 0.882100820657355 0.895347426761563 0.91118903221591 0.989271644546645 0.986587280680605 0.991767052962856 0.98634532700469 0.986617449079042 NA 0.997584949542388 0 0.489260656543116 0.994119663776174 0.860251007765928 0.994025191506524 0.994039039239388 0.99397892598703 0.994181933181066 0.994041240123593 0.993966529811619 0.86465298236998 0.867759624601176 0.994176812995374 0.994072543889663 0.863415848668867 0.861155459750508 0.993977456210411 0.994157207183238
0.714389356127614 0.857308902690317 0.990037095690675 0.986595212284866 0.87171925151523 0.882369604824628 0.885116072055962 0.889955712500707 0.985108851093858 0.985747870269146 0.984510152905746 0.982918584444603 0.979696819909015 NA 1 0 0.521830024001396 0.544903298156878 0.714713627260967 0.865932249925172 0.98980625766844 0.865390963985247 0.857000222176851 0.989890145668589 0.98988588609955 0.684348315395414 0.989900693984215 0.989923980125889 0.990095413083979 0.989897778822691 0.893523916786226 0.989936453250254 0.989937707350646
0.651561984121359 0.623814878479548 0.988349437582892 0.985606453941441 0.887964962079587 0.876974960810053 0.900724282783351 0.906107476154907 0.985240820452178 0.984330599920582 0.9796604443256 0.982393111228615 0.979294079298228 NA 0.995586480474752 0 0.501853898382354 0.98829685276105 0.864193239772777 0.988192878003101 0.987985112007735 0.780012323343708 0.629509726991356 0.832412715709467 0.987866556052985 0.651749217161719 0.480312363706517 0.98783772535147 0.988102347539615 0.650943664409059 0.577975923252621 0.831909374536911 0.988060356927074
0.991618541655852 0.860507298372091 0.99158200794055 0.990104271032528 0.879173444070223 0.894132008288466 0.893938681562775 0.908445161857005 0.987761483539453 0.987169124291131 0.988049437076551 0.98596230753023 0.984311776308749 NA 0.997868058720701 0 0.463980724043211 0.991660929032983 0.991468964196018 0.99162380135197 0.991665971590627 0.976192573042807 0.834493599572686 0.991702439475566 0.991692005506553 0.99153938748994 0.991586897096821 0.991519614191596 0.991479521098065 0.85997470698978 0.860477762662884 0.991708766831311 0.991531863148754
0.987507705016015 0.670411925309424 0.987494679046877 0.987758966252791 0.878454187663476 0.880193450745376 0.890483269581124 0.904365883542732 0.983428627946079 0.984312426988104 0.984739811040826 0.981703264479931 0.97999573698832 NA 0.988796822582822 0 0.509306646723493 0.849731882412053 0.671331838780712 0.987521928006179 0.987600741123626 0.645080005333658 0.857398230196107 0.987475213173662 0.987518012616847 0.888215695287419 0.987517613698143 0.987604916886643 0.987630702225683 0.856438581772367 0.695993280580028 0.987531274320469 0.987765659136838
0.868802110252807 0.985526429709996 0.985442838423586 0.983837067268405 0.862335038291275 0.877925895884631 0.89302721959338 0.894199652729399 0.981040391760619 0.980002206948948 0.981900226042547 0.977495180379328 0.976182173060698 NA 0.993557906929855 0 0.494350194778295 0.74329311359304 0.889672601503218 0.985671770512178 0.985582781993583 0.870086933641003 0.88935508277483 0.985607807013884 0.985642768856605 0.869769340603079 0.985630878136043 0.889087526971046 0.985514789536119 0.489949747630196 0.869996921442122 0.985773840923024 0.98537167548108
0.87434538081747 0.6988961938767 0.869448170446502 0.990170960287535 0.869950787544362 0.880677343678816 0.885488809343289 0.913162828707073 0.986377566716654 0.987911218523355 0.986591664492781 0.985712903188842 0.982291160165991 NA 1 0 0.521090132119766 0.873617729564115 0.992252882969155 0.992241722886837 0.992093271879679 0.868547775858713 0.71787678658471 0.992130897176356 0.992120124988098 0.717689602238479 0.892651406525641 0.992130280197219 0.992373556472302 0.71784438241738 0.873711185102027 0.992101771878353 0.992400327846915
0.599311277304507 0.854342136462776 0.99152769239663 0.988947706660612 0.885637230922913 0.895877033385369 0.90229789880094 0.913690551345596 0.987533102139974 0.986624814499577 0.98714325196432 0.98375942458658 0.984160415226014 NA 0.993492158478534 0 0.50520106820983 0.854993300251811 0.85465430380253 0.991587908888631 0.991630922342655 0.638063274010176 0.639810828204226 0.991332503679611 0.991500885860028 0.67903398903788 0.991539355894029 0.991748383490839 0.991529558300403 0.854950888405862 0.835978015088511 0.991592776286368 0.991706491243571
0.819969659633367 0.987511329482601 0.874350883661505 0.984542526986815 0.891834738125005 0.883782433767237 0.885189997324678 0.89590657968608 0.982227190859534 0.982681332002398 0.981808728540924 0.97900637994271 0.977498318372945 NA 0.993189852968189 0 0.469665725632665 0.819845451234435 0.874289990941507 0.874537992484211 0.987718550738833 0.617573102957843 0.874546665015228 0.831318110860207 0.987617049222594 0.873615864872699 0.511503580499098 0.987578888841813 0.987652596069602 0.435500998186431 0.987576216211952 0.688413474985671 0.987753036182677
0.827869413751624 0.990756466705808 0.99052065606308 0.988583481495483 0.892504233276483 0.894109929127229 0.901716046797633 0.902680864888219 0.987295026516483 0.986365912584704 0.986941311797528 0.983735712012971 0.981769776112373 NA 0.995575346596978 0 0.510447653442482 0.872380786081046 0.990490335985488 0.990821089653441 0.990488144949822 0.483384688046135 0.823880150616739 0.872640334843035 0.990477469865481 0.990574337237855 0.827755971581814 0.990515171609154 0.990470016713661 0.618415101509227 0.872783746182381 0.854878225670592 0.990544487783489
0.848567600871096 0.988245923236532 0.988598973237483 0.985879030060615 0.875131292996603 0.876674918763119 0.87526314063552 0.902984356831538 0.984122582035595 0.984005188755059 0.984909918259855 0.976439432886573 0.978257821892261 NA 0.995536926381596 0 0.463334986698063 0.847006494860725 0.988750011541253 0.988622659580257 0.988508818362523 0.923762485506444 0.840530969398957 0.988739541738838 0.98850094540689 0.533169049188972 0.988604625746039 0.988501633110616 0.988647132777336 0.864708788788768 0.988455631020698 0.988817091423402 0.988586188840459
0.881788583341016 0.852012484399533 0.979980756207197 0.988444172486452 0.869908503678188 0.886780761196477 0.89771989279776 0.894969714723073 0.982435754877097 0.982853301468381 0.980773177181308 0.982197059889969 0.979139707880561 NA 0.99529156627236 0 0.535872956370038 0.851194909438374 0.721334122399894 0.988523818297736 0.988524150456387 0.539357493467019 0.662597368224714 0.988503755378425 0.988397693295176 0.661793001324875 0.710610315502499 0.988507051934979 0.988514360542408 0.869806796110237 0.988466775560991 0.9883179927649 0.988814753215365
0.669280801292243 0.832147350331626 0.987947615117931 0.984910134412354 0.873225319951729 0.898938216133415 0.896548206283556 0.899664538207429 0.983458727914161 0.984252673841443 0.981296360680293 0.981969151445745 0.97892475237359 NA 0.991565759032706 0 0.524170730489395 0.870879214522033 0.988281657115671 0.988088828490955 0.987919448321944 0.860336595151087 0.988163628362467 0.988122199209799 0.987978258628706 0.866130490461409 0.54396147876294 0.98817097567873 0.988050751702207 0.543623003334129 0.988176567173307 0.860991208135626 0.987948035656389
0.683472177512464 0.824971767020779 0.985925579620844 0.984626867346987 0.866841084367277 0.895542643437953 0.89441229615353 0.909420972179135 0.982843962107262 0.982340974676028 0.980406328207169 0.977704968680404 0.977831489814846 NA 0.98878699303314 0 0.473634193948634 0.684949513619603 0.684593784178348 0.986047194713309 0.986038407431252 0.478145441164315 0.848653547915145 0.985659176191111 0.985943149344141 0.865660694656811 0.667674241885673 0.985977620134261 0.985969184644826 0.683715645580913 0.985805453054863 0.986354513067198 0.986082982833031
0.654261169614936 0.864133028582146 0.991416045136595 0.989278762764448 0.89879413093423 0.895647968570966 0.907619583206336 0.908126188861529 0.985348452062364 0.988195534402079 0.987858754762667 0.985504900812222 0.98309565415335 NA 0.995642074764177 0 0.523460488896067 0.818984545201763 0.992666771423012 0.992626003627379 0.992634961416038 0.992827537875711 0.835000591776291 0.992657339491194 0.992719713330273 0.992792289171519 0.649765968354441 0.992836525892549 0.992704941202575 0.649798725124765 0.684322990295257 0.992664998275035 0.99285793802147
0.838505741763739 0.584033713879673 0.986173610612536 0.981654798073176 0.871772712187397 0.883246081362515 0.873276579263646 0.8942636689517 0.979159941380728 0.978445065877484 0.977651070815417 0.976271734935575 0.974101286945004 NA 0.989191617622138 0 0.505143131024792 0.617612542188936 0.818799540383497 0.986053216781342 0.986362684552954 0.985965640135512 0.666537046972112 0.985944319912952 0.986085059659259 0.985968082682676 0.986121300171953 0.98615384112312 0.986222900101905 0.664857230067741 0.986083443136394 0.986167402529517 0.986341065301375
0.690723913692955 0.538948855222801 0.690436286508026 0.987697514420971 0.875293324071991 0.882853150548241 0.895899950401371 0.90845173580215 0.984869020599316 0.985037335753469 0.982779053829943 0.978289017552607 0.980178975005155 NA 0.993132359659378 0 0.473444332625076 0.989425108951704 0.714404344099037 0.989295691515028 0.989490993794361 0.866103044028003 0.989472106913152 0.989701242924566 0.989422492375011 0.592591875037894 0.700139277585328 0.93735650107641 0.989587702913159 0.893565436410506 0.836649929453011 0.989550283914352 0.988557007082774
0.840713497824992 0.840653059282631 0.988713400493052 0.983693696141706 0.88268720312585 0.896820256071675 0.891468603770834 0.911429827349567 0.982959349823297 0.98390279036142 0.984089122271295 0.98116543514206 0.978830365852821 NA 0.993492740839528 0 0.479178234410151 0.709227905107023 0.652053108427834 0.988526338307448 0.988424773309335 0.534704537644801 0.894800869754875 0.988307702911545 0.988294665829023 0.988306880247476 0.486899272499992 0.988460848177439 0.988481907942954 0.98844091961838 0.839866624080216 0.842000089857392 0.988336568570716
0.837756802260999 0.663582071363699 0.876987369591553 0.988903277390233 0.884361756096136 0.883429307537112 0.89530348042853 0.912724772128509 0.985984159563739 0.985479944028389 0.987719509452359 0.983935330195059 0.982403488035653 NA 0.993456981153255 0 0.49291639145834 0.512100131147354 0.989933746293313 0.989987812805382 0.99002800472314 0.665422816517706 0.706145655623274 0.989927104948974 0.989686319335457 0.98990798465278 0.75314953046483 0.876166479440992 0.989793643552419 0.876269186933465 0.66542274902313 0.989797860586309 0.989580902306506
0.726020443749535 0.864369195752269 0.984130085918654 0.982794258680979 0.883870304070951 0.877001841028091 0.896972641225945 0.905406196028372 0.977443236711299 0.979321261441661 0.979296400148613 0.979712175732436 0.97418676379879 NA 0.991034881836645 0 0.455294629526344 0.492333138690263 0.81695969863576 0.98413018996816 0.984424117208626 0.984357682739731 0.53576289007842 0.98415727325623 0.984268627977349 0.450126880928638 0.622844354860692 0.864228291130992 0.984107314749565 0.709104846308116 0.817722349612389 0.984169213682678 0.983956230784727
0.759311608387247 0.876557827476868 0.987062283893461 0.985224794328214 0.877730107531173 0.884582044677105 0.885250488503669 0.903996618718923 0.98255389848705 0.98251072494481 0.983047056081628 0.978811222486239 0.977752897415715 NA 0.993479444274246 0 0.505272542361264 0.508074093869499 0.952115506520848 0.987206059994899 0.987272763942553 0.633825183143313 0.987202571585247 0.987249980307456 0.987159227610304 0.833696764984967 0.876898695840616 0.834327333067634 0.987316517159737 0.653980947095711 0.987271628989787 0.987092585186789 0.987157032175979
0.497897914524255 0.987402645072661 0.987158377862418 0.98759147297286 0.874459023370747 0.88689812829762 0.89551745559686 0.904148272402302 0.982034052031918 0.983070274599285 0.981500729592168 0.980417126586999 0.979752960328625 NA 0.991167822217011 0 0.469098673655801 0.472228679178212 0.987262037135323 0.853127962790035 0.987357089088983 0.664477792179964 0.647012097774907 0.987278770009865 0.987166995530622 0.842502665017623 0.987175471558502 0.987200066697626 0.987307882868556 0.352290895425392 0.957546937456447 0.9871598895188 0.987293423221581
0.880947058968415 0.821854732426216 0.993931621380632 0.993958371996394 0.905986294155545 0.906576712246817 0.898071938480616 0.912604381478266 0.989258452297015 0.990032725112181 0.991633140211843 0.989677062648402 0.98576631574406 NA 0.997717305476062 0 0.464471282083984 0.807537732559601 0.994145019238987 0.994170719430867 0.993966693071899 0.822988096769363 0.994067617584363 0.994010247772415 0.993971938876643 0.77453115373231 0.880900409487306 0.993881452115947 0.993971470980632 0.82276949895623 0.994225486766751 0.994003852646413 0.993888763238217
0.991427072341627 0.862338976286228 0.99125133377233 0.988378485557937 0.889701295418306 0.884054325809486 0.907801726544536 0.903314287128151 0.985732633682334 0.985612257429136 0.986344904863471 0.988920994069905 0.98375153801271 NA 0.997721897143787 0 0.46638998126095 0.849106970958011 0.645160922754263 0.991130061293448 0.991176621339789 0.676302639380611 0.849760709164591 0.991371527661268 0.991409129369373 0.64366654054138 0.848602605917315 0.991390509001702 0.991187859417996 0.849519216713897 0.83594936165225 0.991162516672191 0.991582705907402
0.6185606187759 0.863506098890503 0.845059029178283 0.99254374529184 0.890724674459355 0.890159581583013 0.891670503791992 0.918258648570668 0.99029424254869 0.989977333587678 0.989523928674988 0.989181973569782 0.987032235567018 NA 0.997810334853306 0 0.454865151715491 0.863536213562431 0.864068930613448 0.99478382855122 0.994725173427099 0.994777663296619 0.994640806531394 0.994732286536498 0.994793054158299 0.862696519589905 0.540025919915029 0.994817214753847 0.994910993765572 0.793033376043924 0.618171311621088 0.994820796282229 0.994721654075381
0.825544039863664 0.985728772700225 0.985985097426451 0.984085915623297 0.866766321940385 0.865282292781802 0.87018933878859 0.885302995084083 0.982478054609621 0.98157102071292 0.979281412683666 0.976125943409676 0.976352573018013 NA 0.99109275539826 0 0.466152715318739 0.624563412707598 0.825300380766659 0.985960097126471 0.986069017255457 0.672798944312989 0.671922875826501 0.986102449233011 0.985869537614362 0.672222649746341 0.71943854418855 0.986139965352991 0.98616474595963 0.985998825070649 0.985910777932958 0.985789791105491 0.986212205204925
0.499095093434088 0.990373550748281 0.990648031536794 0.986276845728655 0.859083058657239 0.874708501862443 0.87962916853715 0.896589598381083 0.984868383456927 0.985284877268348 0.987511405068342 0.980866815536347 0.98188400939354 NA 0.997769398244892 0 0.513900657867871 0.990234443431459 0.817847772604051 0.990296833643504 0.990569513392322 0.848290430381534 0.652406260766367 0.990571852486471 0.99022375996373 0.847954899591485 0.835925904563376 0.99047839560143 0.990335137769202 0.84877384282537 0.990367264201182 0.990365896986326 0.990643003884233
0.85829926710136 0.898335164303538 0.989958847518083 0.987890617618171 0.887641704694524 0.884888973429778 0.88266537885662 0.904890857459703 0.986322145223825 0.985645752445421 0.987370229193209 0.980721069041842 0.981125101974896 NA 0.993773861395994 0 0.471597367806047 0.682021775041544 0.858151169857384 0.990182246276019 0.990088270386772 0.849844834336861 0.849169811660403 0.990130180241789 0.990057827236211 0.490615498706758 0.858390698656003 0.988178958691211 0.990255750925341 0.546157230088816 0.990019203523053 0.990232097186416 0.990082277258521
0.514432899521249 0.857182733798066 0.989988911212288 0.988534289260144 0.898486824189239 0.885319365953584 0.917627549972526 0.912957994296883 0.986857591399792 0.98642458541106 0.986434729277103 0.985631452171033 0.982521016507592 NA 0.993364565495665 0 0.474718398147963 0.989991055223737 0.848163520298711 0.990047248699026 0.990018164957233 0.672592070799846 0.990101542075592 0.989987218158284 0.990000919972376 0.989883568070139 0.990092502038129 0.990077090425226 0.990205554481524 0.989983490923988 0.854572558978586 0.990080396667094 0.989942459797068
0.47371656840996 0.618483240927463 0.866345156607991 0.986036901263639 0.88251714453899 0.885887378312017 0.8876659351855 0.904874397663142 0.984011685085503 0.983172978421651 0.984645433795237 0.984779850970268 0.979714604111007 NA 0.997528117798133 0 0.454390075001065 0.845135556848407 0.988653525520733 0.846023031897589 0.988722607355028 0.988941491396362 0.813340416989755 0.988696199465148 0.988864858765278 0.988670137584647 0.56538360626598 0.844463015284418 0.988795600177862 0.813686241159127 0.828227141133148 0.988759035239603 0.988743669955135
0.986834130155953 0.488271296655986 0.986977260569736 0.985024189650475 0.862713599418884 0.845232753363137 0.872050989355076 0.885557515536853 0.980602542905802 0.980526629673793 0.980937378425706 0.980576803082506 0.976117355485249 NA 0.993129588910629 0 0.481422023104056 0.986881778079492 0.605828494911748 0.986738626034927 0.986785264141578 0.834094941799333 0.611618302513027 0.986662033106298 0.98695082595512 0.98679526707433 0.605368946760926 0.987212814155728 0.986678648553901 0.987057780804892 0.577744282037503 0.98682446287476 0.986798536480325
0.404725337519742 0.850019555378834 0.867081411810405 0.985832538508954 0.883844008097078 0.876760757723799 0.903125046834713 0.896709002998522 0.985280591651627 0.984531314380292 0.986283303127478 0.982595947156388 0.97928039855032 NA 0.997668084110646 0 0.506474222382444 0.866917627383572 0.619494850863255 0.989181071335672 0.989269381812863 0.515946309663218 0.867504434232238 0.98939558306009 0.98917852818763 0.82125598220303 0.989109224223322 0.98923387433044 0.989503255208852 0.866792970156393 0.867379064005793 0.989382349694236 0.989281913988197
0.761368302990863 0.990778193519825 0.990812075060952 0.988087151272402 0.886028134252417 0.862140519655761 0.902588785534425 0.905729647451242 0.987423155034184 0.986569177192893 0.987764513902154 0.984681527456141 0.981455004437403 NA 0.995509592424121 0 0.470152557133936 0.727623186394339 0.754504236248165 0.655082850541545 0.990940918861585 0.850629992906843 0.680327806101004 0.990898312792521 0.990912271587791 0.654061409187987 0.983843777585168 0.850628961781544 0.990925420669301 0.850367230618767 0.837666323092972 0.990734716490427 0.991025004171051
0.326705508064576 0.815544769253959 0.985700543822918 0.980300224985194 0.864429522954081 0.85690828940331 0.874679668526302 0.878598176962589 0.979886602232632 0.98057125487886 0.978342432412152 0.97910221089416 0.972099714928034 NA 0.991460296926356 0 0.446779340852968 0.815758143498478 0.810974632759561 0.985675779784367 0.985376220924329 0.432843169096979 0.985676944139567 0.985764857477661 0.985635126721143 0.809530002725559 0.815345052944098 0.985473277914841 0.985413357189678 0.431514669371359 0.73634529511461 0.985747143018913 0.985718766415328
0.41640314671539 0.987549758584007 0.987506835254344 0.986430107377352 0.843687719218162 0.867697684679101 0.884632490707057 0.880970302945501 0.980569251665546 0.980581296062276 0.979336295699428 0.976360874896035 0.974404092973783 NA 0.995559119679161 0 0.47394152500735 0.441823720383552 0.686563442213196 0.987839384199766 0.98768970229906 0.825113060038077 0.824499328825374 0.98774974392214 0.987442423756963 0.686055762616818 0.987709428922676 0.987521856230224 0.987795465944137 0.417303246688126 0.441955127679192 0.825788789880722 0.987517363657492
0.689083680047217 0.865690157305657 0.983710141071122 0.981494869474525 0.856846060619678 0.876117280871814 0.873116150949448 0.885893819945486 0.977765277799628 0.977508062894896 0.975932269984903 0.975139768074024 0.973492397756249 NA 0.9865473421489 0 0.440447175403461 0.822517387462667 0.865976107679093 0.983620815280856 0.983615080934959 0.431323167365372 0.865384045288686 0.983380874235792 0.983479545696706 0.507630540374983 0.37187773281079 0.983524724624565 0.983513066930254 0.452018849217798 0.983632086669193 0.98372273215978 0.983430485998465
0.848934897099225 0.621844126127129 0.981793939575524 0.979912547671927 0.872517378430446 0.87651493797593 0.865189186207069 0.887707854549321 0.975727532076412 0.976472469178312 0.977335397036337 0.974027908487266 0.971997416105916 NA 0.987037194413984 0 0.503507466605927 0.849175312306902 0.622254716855612 0.982052075393019 0.9822604652282 0.823784212493426 0.981919677676974 0.98228076895306 0.981925819518632 0.830786389996505 0.848775408924914 0.982032116786828 0.981878982095002 0.661021786605673 0.831200464109784 0.981914963603235 0.982268902278401
0.76381698207383 0.563060647380168 0.987570017622698 0.985380189182313 0.880711415237092 0.869766871381365 0.8681831003449 0.879289162746428 0.980963871161007 0.98136720420263 0.983431433614532 0.97798439500564 0.978759656841845 NA 0.99325196800042 0 0.49331376071232 0.563220621867642 0.898709524056093 0.987298039155428 0.987737481845685 0.896726131181998 0.899218773913487 0.987521738882238 0.987447272081031 0.703860845826651 0.726273463697138 0.987307342225051 0.987610362218142 0.871437258397956 0.987587937578826 0.987502116235392 0.987507793824956
0.455778802888445 0.860683572940598 0.992391490334355 0.990979258421052 0.8794716355199 0.889031443219714 0.897272221431346 0.910112654028384 0.988635784319687 0.988122833061208 0.989769110218506 0.988261615038743 0.98530326209489 NA 0.995701215925391 0 0.488698931592003 0.860035129661935 0.992383774466728 0.992572701480847 0.992445575496369 0.992414899770589 0.664137681198781 0.992442097203565 0.992459575877362 0.663566969074289 0.625585391767648 0.930071814394113 0.992197819776655 0.883445737150408 0.992370973446589 0.992316719634486 0.992641980915724
0.669877188853022 0.668625185670498 0.988854733835201 0.986790192175642 0.873424944158547 0.87904059506091 0.900453602461447 0.902542166155097 0.982249434214624 0.984320900288924 0.983158728558678 0.980856892830362 0.977971209371573 NA 0.995408029355903 0 0.499412769559994 0.853402119397555 0.988850277895714 0.988784549835566 0.988546510487742 0.668464196016853 0.853862416701924 0.988960635283886 0.988814430182179 0.988781846863148 0.645823257306694 0.988837356806748 0.98894831538043 0.854075857585299 0.632685379028979 0.988768101740998 0.989040450395648
0.66841738495656 0.987879224384364 0.987867253242026 0.987338790142064 0.871991929185685 0.875154001434174 0.892246028437447 0.907613931963524 0.982152487228293 0.981788665582209 0.978370660321358 0.98202502976997 0.977638473046918 NA 0.995500716607614 0 0.500326333360391 0.666241696602005 0.668679745411301 0.987961878699649 0.987801352990511 0.667290946252296 0.987816589537404 0.894317707510916 0.988063954473446 0.825915670888931 0.833186086001726 0.832759929892026 0.987783347341985 0.987886149619798 0.833017653475578 0.894503728392437 0.988052116192665
0.651404410183202 0.849989856002251 0.820951900761266 0.989720426001229 0.885835725005415 0.888860609752963 0.893368885949787 0.912309466652763 0.98570034413454 0.986669542730335 0.984475942887878 0.982826307894302 0.983093840783003 NA 0.993134461782586 0 0.474616331394794 0.639014478285097 0.652115413905363 0.991461685786512 0.991303673846401 0.683438611828422 0.991233029575406 0.991325824033429 0.991424536725699 0.991564474308383 0.840653536104422 0.653972359744096 0.991283044744638 0.894316284634705 0.991305487613819 0.991361733030995 0.991555507698142
0.853345579448927 0.593852855994112 0.98932710744163 0.987901182778563 0.856100595572129 0.866871644829779 0.887791323987985 0.883169574684406 0.984691187644963 0.984153754605385 0.985211007332515 0.984893631185066 0.978756114285564 NA 0.995567069302894 0 0.467497552898749 0.988963181408146 0.853771840544804 0.989309092311956 0.98915196540852 0.694965109669685 0.694941355688368 0.854131736261953 0.989057826856363 0.420332556052524 0.853739156853994 0.989142703462844 0.989263796676737 0.621311596904339 0.989394561519139 0.989169565162925 0.98932220254451
0.790554227670494 0.989613931959041 0.989557530707325 0.987483773090875 0.86578603243189 0.874843766234483 0.891143568205261 0.894339386193211 0.985974640763001 0.984979368344869 0.985968331911684 0.98610430769797 0.980183838104287 NA 0.995568654569705 0 0.51875929687625 0.828112797660565 0.98949923103375 0.990084478838489 0.9897481869299 0.989698360966157 0.754520238020371 0.371511893988689 0.989667537556218 0.989880440618214 0.98965512746881 0.989628013554657 0.989551415722127 0.989398206967523 0.716366358625121 0.989624792991797 0.989382804799523
0.718775933801132 0.677034201223705 0.842913992445226 0.978387626807035 0.859301060854736 0.862472369509289 0.865494004475859 0.88341968644542 0.975016751851445 0.973251661067282 0.975123053612554 0.974491735900429 0.969198743015866 NA 0.985328622214642 0 0.42416592375819 0.676828383731224 0.838777597102658 0.981647900599367 0.981522538198016 0.676063629162409 0.677558636803316 0.981696506336868 0.981530123725176 0.718001212170981 0.838681369408247 0.981488011903668 0.981838494140605 0.676725993435379 0.981543375244559 0.981605521977072 0.981822104636837
0.986229694430312 0.854085781441653 0.986269530913447 0.984384270709605 0.882405878875427 0.868974023051514 0.885589944928864 0.894231160729197 0.982676896430044 0.98211581356233 0.978171688326521 0.981961862169103 0.977244374246471 NA 0.990680686228078 0 0.518404530131311 0.461262358675324 0.854318283599172 0.986271289259952 0.986226209927093 0.693408740223823 0.845500037362709 0.986227079488756 0.986374237721896 0.396172067288676 0.693177757255254 0.986438769318757 0.986150142024827 0.713424526309174 0.4617504207154 0.986253569229822 0.986078042575515
0.871079597689723 0.987173962034964 0.98704993314744 0.985546117329735 0.880149393762455 0.869003004394967 0.886710661089277 0.897381469712252 0.980856979362972 0.98220850425788 0.97949863723639 0.979851720337397 0.977760558365742 NA 0.993540273622247 0 0.466218647798911 0.694940848853979 0.987027858479328 0.870567191419402 0.987027313894805 0.638143384988152 0.693375379684255 0.98693522066376 0.987085969370009 0.833841767082096 0.514128000702619 0.694779271100645 0.98702326807749 0.5140876363882 0.986841525615304 0.987149751105291 0.986849306546564
0.87590293733264 0.991534875276404 0.991672062306145 0.989298201397359 0.894354188255955 0.897888985473427 0.887492519544625 0.909434060032619 0.986002673877686 0.987843400720667 0.988184067765161 0.986787453464152 0.982485131852465 NA 0.99778802964563 0 0.47937826522563 0.692520495247652 0.83949069534934 0.876551157945338 0.991500892053421 0.692803803423921 0.831174098061814 0.991567687596079 0.991930653967458 0.839078726819568 0.452344978660582 0.991870373372398 0.991769538199973 0.839146499790196 0.921199523704891 0.991531156884289 0.991609863430877
0.99491158924884 0.994906683531695 0.994813437128125 0.993456783036004 0.903967599023951 0.892640211983041 0.900137289633986 0.91880057725399 0.989170601091696 0.990283818382619 0.992649459139162 0.987156984914986 0.987647968587408 NA 0.997888176902369 0 0.480754268128624 0.632128774592036 0.994739587056289 0.994770105320105 0.994866394665613 0.858273283407341 0.844112803900228 0.994715984957264 0.994787862435756 0.994690821970009 0.843088316638442 0.993274639148497 0.994777640866997 0.627506212064349 0.687071011803068 0.843910160047215 0.994727190068143
0.767012510833518 0.855422510841972 0.995405127626807 0.994173325890319 0.898640775260795 0.902564937119141 0.903569242037044 0.92109330028485 0.991970913337358 0.991918898573678 0.991308175001549 0.990868214505907 0.988364784377095 NA 1 0 0.511520092250054 0.870177304873747 0.6494192226306 0.995511301918731 0.995426171939059 0.859899197342215 0.855776393341042 0.995608457459676 0.995578240219835 0.995489464573347 0.723254746813999 0.995536254594698 0.995660224175534 0.820395439124087 0.569855040176478 0.99557588977714 0.995614200818448
0.989944921632087 0.729676625665945 0.987905871830272 0.989104279900825 0.893066242465442 0.874661124941604 0.888079497235358 0.900793156249619 0.984630482515809 0.985145637749113 0.983964511389725 0.983060363710273 0.979916909984913 NA 0.99525627168347 0 0.493370776020151 0.889920473643453 0.989776814967219 0.859485087324674 0.989838611168222 0.989912504032055 0.9900682208804 0.989821455795083 0.989785066875184 0.513252634049887 0.858147885143564 0.989793089802482 0.989888619106128 0.726298476744061 0.840651815034053 0.990015641404593 0.990018918586644
0.595110005759345 0.979461507888449 0.980080263819708 0.978377520177447 0.843240881016916 0.870139239804272 0.862337370948218 0.874796175995519 0.974220085912015 0.974334255114094 0.973279430654244 0.975480617632174 0.9690938516542 NA 0.986889294929656 0 0.500821865088007 0.855230025917979 0.780453834507041 0.979936498251532 0.979935237472209 0.979791999760295 0.612546644026934 0.979875382434225 0.979635510784119 0.874476083597348 0.601488165636469 0.979711461166405 0.979685740408608 0.979858519223258 0.808842820472775 0.979942165363694 0.980070433709635
0.680414522955491 0.987275042413734 0.987179084099927 0.985431459183565 0.859512184101026 0.874332932163111 0.867064898929413 0.890658831095671 0.98164538707727 0.983158890262432 0.979732021882632 0.982060766193083 0.978041353143773 NA 0.993575807259866 0 0.480826050397173 0.901614576204462 0.98764989218198 0.987351285582324 0.987367488881936 0.6813016232876 0.514301948625349 0.987351847287442 0.987243229845045 0.680428273037321 0.65245857800739 0.987495366130431 0.98719936517575 0.838388791759688 0.987293654732665 0.987127446441971 0.987640866966821
0.987355610524229 0.987483980018928 0.987493507713507 0.985804810019497 0.869507149899627 0.880736098519675 0.88293788094902 0.894889212117911 0.981217986827722 0.981158119445129 0.981955978444289 0.979259716248169 0.976497866308394 NA 0.995600134697569 0 0.491064783618418 0.517934651321002 0.987480119833638 0.987501205431811 0.987558255274322 0.987512813267662 0.987435413843572 0.987499605719033 0.987348133599545 0.688488500678014 0.688639236299926 0.830038257576574 0.987203807096954 0.987449879127603 0.8317399441267 0.987197633980781 0.987712467931575
0.736231776388033 0.877041902439114 0.992126975510407 0.989425106583483 0.883845273028212 0.888813850057519 0.916067331398606 0.911878940523325 0.988180449134481 0.989247145742011 0.989596074652404 0.986591972572931 0.985010808286185 NA 0.997713612785009 0 0.484384829770721 0.67109726341704 0.734970969821365 0.992299767537054 0.992146035626836 0.877577120393692 0.877310863788656 0.992141671315269 0.992247518716204 0.877360955831813 0.734102173067022 0.992104844364421 0.992089469298798 0.847668539429823 0.894232559465353 0.991846787799622 0.992255549852416
0.733280681042036 0.613065414123155 0.990879854959859 0.988195358277644 0.866367252787899 0.885139856754483 0.870972595606616 0.898588070387285 0.98739016522762 0.986337370147412 0.987039532708568 0.989483364193939 0.983154897990081 NA 0.995436497034235 0 0.488867757319223 0.506659374810966 0.631351723973938 0.99110227885316 0.991019272107289 0.686039168003668 0.734933945294195 0.991123114426538 0.990958591005487 0.686703184673254 0.990879458510588 0.991082768623289 0.991075390638833 0.990991906982157 0.991009387158685 0.991006590716545 0.9908258470652
0.697572115615864 0.692161500189059 0.988998475350684 0.987660191811648 0.872998921696791 0.888233039953591 0.903269478263955 0.904990043694318 0.986462723605757 0.984954349749382 0.98651738462503 0.984703233188821 0.980538562219035 NA 0.995548889657734 0 0.519070863508223 0.69763187341899 0.698041206712582 0.988947805499275 0.989147076503496 0.532236123487723 0.874085720420237 0.989090618944494 0.988988644075853 0.877358805577378 0.691590574701688 0.989060074942684 0.989114706276831 0.691326000961067 0.988956736817889 0.989169700084322 0.988826357876249
0.466815917907762 0.870779655213294 0.850450960011639 0.990518363079131 0.883075980916911 0.870499830476637 0.882085392900002 0.91094263864996 0.988946631025987 0.988778405125682 0.990606551940836 0.985905615779204 0.984825605518586 NA 1 0 0.496224371706065 0.871024990276932 0.724960134125523 0.99325664409615 0.99308597637153 0.993265981693245 0.892147868123124 0.993292447188056 0.993194194018691 0.621797610359196 0.993001669790503 0.993399636400153 0.993259613573395 0.871044072991063 0.532233652317726 0.993373447695996 0.993119712308384
0.992188486951842 0.846974548078211 0.992150921712699 0.990933614519899 0.884331905020919 0.869313574130999 0.881601806811073 0.902581048045956 0.987870869362063 0.988049148325966 0.987518435276752 0.988806999719024 0.984323000784449 NA 1 0 0.466668007884129 0.812396751568805 0.666992170554022 0.992175835328038 0.992257109160765 0.992245305522545 0.85286423105261 0.847209261910223 0.992076819757315 0.654979156496554 0.992172052177801 0.84737403543619 0.992088728936005 0.880255154896111 0.880981393609852 0.992304401405453 0.992063899298969
0.817740436494268 0.717143508515266 0.98889553150834 0.983427049116043 0.867739317719487 0.879046501302201 0.887451500835997 0.893976926188973 0.983672818309351 0.982321814869384 0.983341105737296 0.983663299668923 0.976318301018145 NA 0.998150825099954 0 0.49548506137624 0.715890856981143 0.73063183144992 0.89652470754477 0.988669155423838 0.730890807585156 0.818066719505385 0.988917981633754 0.988913871218151 0.896359345138233 0.852322883444108 0.988908173096767 0.989021708359817 0.854195283611518 0.988846474426181 0.982039679337021 0.989151949355662
0.872968924212256 0.872672940584606 0.992522187027227 0.990978679288978 0.854465822494267 0.900748115610386 0.887913101548156 0.896620534474329 0.987500089302555 0.986690675304282 0.988146208131533 0.98818160900855 0.982862329463532 NA 0.997788662599051 0 0.506339644317189 0.847564613914432 0.703858050850046 0.99248384193475 0.992701849289517 0.873449966143694 0.872882390809252 0.992794348073196 0.99283273928032 0.992836656143461 0.992860816487047 0.992603599264612 0.992486505658076 0.702965512355023 0.703663145817364 0.992765609788154 0.992445969279051
0.628555751113045 0.860580122373197 0.984134098871014 0.980895081576696 0.888555685874505 0.878635505660723 0.895181775314992 0.904552561934818 0.979560452022556 0.979403885154724 0.979040844463176 0.977129401565751 0.975539665516669 NA 0.986256094856697 0 0.433116355700118 0.851186677305807 0.700515222691118 0.98410549725678 0.984263105065256 0.700678847060784 0.984172672602751 0.984197420325332 0.984257524158922 0.850366224362242 0.83585309752039 0.861171398069862 0.984031395467441 0.69999750810474 0.851165713977907 0.984008665712631 0.984182631685942
0.841129053154993 0.981464864592995 0.981384550593365 0.977416357686344 0.850126993819803 0.861806707359291 0.878682183536966 0.879536126807858 0.972806574554952 0.972932230746319 0.973435256397182 0.968255994902236 0.968265066752051 NA 0.989727505643038 0 0.480999611885169 0.5343244232249 0.981500593071491 0.981544537932057 0.981503473131579 0.644941845850566 0.894864175484877 0.981517238751118 0.981370650777656 0.535192020602291 0.841313268773984 0.981501257777828 0.981450747203 0.714361870384809 0.534475899363664 0.825041210982155 0.981446438588398
0.482645276941392 0.910714588696148 0.845071833806295 0.985812709982287 0.86528645668052 0.882702880742725 0.886696911430512 0.903828918842592 0.984214975295588 0.981827144157246 0.985671627654992 0.984530302974653 0.980578354546456 NA 0.993600675095451 0 0.493032972033925 0.98951567284606 0.846375677800244 0.989149541755166 0.989254820293671 0.608015336529182 0.989339561942441 0.989020315482415 0.98910146842064 0.727700626372219 0.98888172024956 0.989532798053733 0.989439028501304 0.910384588675438 0.989157613639185 0.98915648906534 0.989374003653769
0.867919851114187 0.845567954420864 0.86924061415945 0.990809578271006 0.878489106142712 0.902511962101209 0.896056831209576 0.908719866122593 0.990378007303783 0.990088045746766 0.988596813961903 0.98786661222399 0.986700674217948 NA 0.99560276566918 0 0.483925518022422 0.710091664647788 0.846809322319379 0.993377289766292 0.993425842219082 0.993416637737179 0.848724851903117 0.993408046415429 0.993489093889518 0.513360976530618 0.993466433874878 0.993402961180385 0.993640783023861 0.709832878594951 0.51395477098462 0.993364628092887 0.993380505413105
0.514197192046769 0.660859635415838 0.988282700451833 0.984639478340301 0.878750802231176 0.893238245164417 0.889726202003261 0.89685838442272 0.982590224546013 0.983310734055775 0.981445500481808 0.981900950578773 0.979784431944816 NA 0.993206974175017 0 0.49297754986211 0.696227549268017 0.861623792794653 0.988551329795333 0.988475542053816 0.818520939719566 0.492604314709549 0.988416219603933 0.988393765824098 0.514718231251162 0.695958916437203 0.988433909044001 0.988408053980487 0.431308259852051 0.881686646748765 0.988461892639467 0.988398720785243
0.633099818962608 0.870860635659023 0.984610773088922 0.981236043403272 0.877447356456514 0.873962546775568 0.890583254222751 0.901212043891281 0.979939459272641 0.979339742529451 0.979873240223906 0.975663802693702 0.976514059297947 NA 0.988783746324539 0 0.501184166858358 0.984490983080557 0.853357937325975 0.984436437078465 0.984550727296674 0.708247968074206 0.727958749566658 0.984647502560591 0.984778186368028 0.984464487827096 0.896873976495354 0.984511118183336 0.984449580633374 0.845312898155432 0.870662595472364 0.982238224684952 0.984530624999481
0.615788053752899 0.989798827111471 0.989711043445849 0.984911938436692 0.876743718988775 0.875229574297098 0.880894172023376 0.898125824792709 0.985061676041894 0.984836763147812 0.984063077814853 0.986677491788085 0.980991780252343 NA 0.993684931332072 0 0.476381756062256 0.989738774975335 0.621716950962141 0.837086769686263 0.98949344497159 0.803195556168395 0.857912878242029 0.98952421155078 0.98961874229047 0.858345870233364 0.989307716030572 0.989410454677812 0.989542744094512 0.617349754939934 0.989363260173643 0.989622227760406 0.98967076866734
0.722501789227942 0.991098899983535 0.990788826673961 0.987555392809734 0.873531655598322 0.87805659256478 0.898852204819683 0.89766142691483 0.986456270033501 0.986260076842858 0.986734487976971 0.98288454231629 0.982329093930601 NA 0.995527923006934 0 0.486107832324851 0.843390535216186 0.834364051946702 0.990721275577332 0.990847459948361 0.676047151794293 0.829848508152175 0.990652918207448 0.990770661859859 0.840805207899031 0.99075351833759 0.990930010076047 0.990629682324122 0.527579916018725 0.840773780197165 0.990518837466925 0.990817862937759
0.323210928376401 0.995811099018803 0.995872885291158 0.992841201930788 0.9050985878567 0.891631686274906 0.892035144323399 0.916065038456495 0.992444643413416 0.990105125721278 0.991362044715052 0.990498607726657 0.987546463575041 NA 0.997502230080991 0 0.48147469159201 0.489661134324 0.690098089164373 0.995866661829676 0.995998166538326 0.488866651219406 0.820950677638743 0.995677295210715 0.995963434887854 0.851558769018934 0.800625494163781 0.995911999467331 0.995982358967168 0.99584719713335 0.851231295575921 0.995965733450767 0.995993446898912
0.843724353759308 0.659366510196227 0.896966193623973 0.991229044426398 0.890267777386437 0.897551137413454 0.892708805070262 0.915014384389734 0.989793278590705 0.987431156980135 0.990224406494603 0.987186201962528 0.985672341621819 NA 0.993385025440768 0 0.51561162075417 0.33509134949093 0.897146230033187 0.993008758358089 0.993180388535469 0.993095464707115 0.99304875632642 0.849922160267222 0.993096959678317 0.855651394523186 0.700390426762371 0.992886560179672 0.993099920015946 0.85671181356358 0.856369106900327 0.993035975012233 0.993006013219925
0.858574356067959 0.512570112263977 0.986767032810595 0.985597039738352 0.86213359237306 0.877606016594739 0.887500326601621 0.900476482469531 0.982118828866125 0.981221365386731 0.983871488161317 0.978791530792663 0.978215809411049 NA 0.993506279698766 0 0.466236200974775 0.512397484807493 0.696210281269693 0.986814992056863 0.986940538447184 0.696070496610313 0.986738256159466 0.986633779234028 0.986890666034733 0.476194837433476 0.986996136202345 0.98679375001735 0.987013903590411 0.596985257502261 0.857788546142969 0.986996635250045 0.987096862004205
0.446114396758403 0.658904845438758 0.986560968236989 0.986727485774184 0.873115689493497 0.874213653356053 0.898354818466862 0.902407222795898 0.982221051385085 0.983454815107493 0.977810611155769 0.980503912438462 0.976623432598818 NA 0.9900135008477 0 0.428121684935951 0.819893333871685 0.857892968870544 0.986722170390537 0.986825710333596 0.592499940070115 0.593458501348584 0.986827519715667 0.986896170083859 0.658826846242809 0.593631543469154 0.986662598712715 0.986994885458536 0.80756404309172 0.793822575961951 0.986736334513042 0.986775247021488
0.988826384038992 0.832661648243587 0.988456773747398 0.985974673821583 0.893189511249061 0.896716605473852 0.891701742923661 0.896322816141703 0.983920488240117 0.9845005625712 0.985385195621429 0.980444119461854 0.980858807238616 NA 0.993427236011131 0 0.484437373887144 0.46985523848111 0.988957086594716 0.988726329887501 0.988762760570721 0.647255430781919 0.701649591314332 0.988759221191634 0.988556241217826 0.854201589941025 0.701882266852805 0.855046814261093 0.988717819487706 0.700621474318248 0.855981574859986 0.988914954069095 0.988740339255492
0.869704540102287 0.869644851831693 0.870173610083514 0.989301918944107 0.912989899460002 0.905317631325051 0.897308019075312 0.918171746469224 0.986965598979964 0.98896443767436 0.987049419099357 0.988201460407074 0.984977357081787 NA 0.993446278017096 0 0.524150870106831 0.867181098446234 0.874616343829355 0.991909153269498 0.991697989899552 0.991669703644971 0.867289313565164 0.991820774140126 0.991893023590144 0.868000602564924 0.752443662484784 0.991969052664802 0.991757022910332 0.51935163248561 0.867303048288463 0.991820296831879 0.991705272765224
0.843997311108243 0.911953396055845 0.986776994845318 0.985254634313571 0.890914222964132 0.874480978108183 0.892096300436232 0.894330444150778 0.981521956298608 0.981895023080423 0.979806721612852 0.981743779427469 0.978671527154472 NA 0.993440355541944 0 0.455931801362196 0.843293930538327 0.504774468378797 0.986866636977239 0.98694116212151 0.628470660095322 0.9869700017262 0.986791697248787 0.986927751014275 0.667674583406363 0.815043452229588 0.843130960255559 0.987251929161812 0.505448891057123 0.986983362922864 0.986927105282441 0.986846781822939
0.692980420144271 0.853068454841913 0.852778593637899 0.986137151839678 0.851332083709988 0.888064019122288 0.866842895473174 0.885751540305521 0.983775010913024 0.981007886688524 0.984674525634324 0.982191352229433 0.979460099780368 NA 0.995446021799001 0 0.481773804048749 0.988616763062159 0.646886808808259 0.988738779539556 0.988754185202301 0.854694720618305 0.944641862008175 0.627090221536599 0.988658738101065 0.854706026517213 0.855019243704752 0.988809654810841 0.98864245816531 0.537325663382625 0.646771879977854 0.988653107813358 0.988622664370217
0.649304632657141 0.752014796846655 0.990040345941905 0.988274930817474 0.868083330334345 0.871380372042929 0.894331374575889 0.902392609666516 0.985625346014371 0.985332097291161 0.983493771802895 0.983912240796778 0.980889422985707 NA 0.99317752636756 0 0.471055616080261 0.990005458470167 0.840624229533015 0.990186200834977 0.990147635983015 0.837732966074922 0.837615476449218 0.989887388860664 0.990209558485399 0.69366804064654 0.83964819485287 0.989958459357132 0.990292264552009 0.840955831145179 0.990219251725023 0.990041238643396 0.989998404478351
0.691946838384929 0.991663559995564 0.991938975783145 0.98700911142727 0.868996860113708 0.895356202113798 0.886130493017731 0.90945913533212 0.987760656427595 0.987083700802467 0.984814141442553 0.986111856728906 0.983849669266361 NA 0.995538112141442 0 0.487705951019854 0.837693598796725 0.991697090587076 0.991929090987573 0.991633635107814 0.614567985009976 0.991662118425879 0.99195045656345 0.991773399582098 0.593560165666483 0.836867464188721 0.991786813875669 0.991757046107441 0.991866003769851 0.592750023046989 0.991688138797735 0.991957948865689
0.611716266335987 0.864344459691973 0.9812971061098 0.979352657088648 0.867022522494808 0.853106312817285 0.857357608425939 0.881929836032739 0.975456536621126 0.972266067217244 0.977955534691631 0.978268052604313 0.971032165893398 NA 0.983514330088322 0 0.444545144408658 0.407490801473362 0.823861636732211 0.98136654745097 0.981329790108325 0.9812984260511 0.863583180173395 0.981317240473399 0.981207088925372 0.509594635207645 0.612175924289705 0.981128074113191 0.980939157901886 0.438872672010384 0.863635221492347 0.981184125696353 0.981202347292443
0.748127503536493 0.814414996031169 0.982587890031476 0.980153543267369 0.867907278245185 0.86895175260616 0.883743840517789 0.890941067345262 0.976161704973616 0.977659870088442 0.974752728721843 0.977329064858868 0.973674231004053 NA 0.991287991897364 0 0.479574184870491 0.815025623427892 0.676956231691523 0.982403251348498 0.982475475525643 0.871546052508936 0.982280635719459 0.98237445926009 0.982221747942482 0.505798344705186 0.982239863230373 0.982291768108374 0.982303019256695 0.565816362516544 0.736035351702105 0.982301456534934 0.982538180030818
0.841959416433654 0.841429088224822 0.985369011639008 0.983456305640971 0.868762561229241 0.863947078237615 0.88369421785335 0.88769146970305 0.980449764438144 0.980230865140112 0.978913191353269 0.981117766931644 0.97463014953985 NA 0.993216668959815 0 0.474889542968947 0.673635473277896 0.985370810504519 0.985429080019831 0.985524714685201 0.841514843623416 0.985357088117228 0.985415335412138 0.985396179374749 0.985504144724136 0.867018601230713 0.842535490797695 0.985347296267882 0.985351165656872 0.841674933691503 0.609014457472606 0.985088946266249
0.866976350784255 0.991272290449919 0.991440901785841 0.98814344376792 0.897505189959443 0.884503271631294 0.888565963058734 0.909094818294733 0.985472732127774 0.987122654711826 0.984687399943567 0.986965876268216 0.984728524772957 NA 0.995773802157347 0 0.522407284642573 0.677783027057283 0.866998845900865 0.991325442640041 0.991378575923329 0.874807416091147 0.690246582226885 0.99134947300651 0.99132477282147 0.523087835667105 0.853238554497741 0.853842165710304 0.991540382022516 0.854216358623639 0.86646945458281 0.991169367670887 0.991420953596313
0.640566624278415 0.991496456795854 0.991745532193309 0.991562013228526 0.878417872050904 0.875270441949793 0.885738546290076 0.909831027315561 0.987176568959331 0.987218726090776 0.988118256683245 0.98474577391724 0.983357836519795 NA 0.995257566239319 0 0.481414209845908 0.482166760013599 0.84775690527727 0.9914049270467 0.991747225325643 0.302259927978864 0.84829534925956 0.991557430521478 0.991451445713578 0.680089866527428 0.848188660048672 0.990151492120703 0.991640888445929 0.848443850925592 0.991433732009252 0.991545857678656 0.991675120449721
0.852358660505829 0.746696136365403 0.987350487830643 0.985771784365772 0.879133525274718 0.867770943165837 0.883145117085805 0.883494876097327 0.980013433146764 0.9806617205632 0.982515824436243 0.978713734200877 0.976543720434223 NA 0.997851421354697 0 0.465778447235846 0.852907911323061 0.854354787305176 0.851479157861521 0.987742667144862 0.731699290239336 0.664972102268224 0.987468671821033 0.987712027169761 0.633339259936281 0.669523559149246 0.987598612783701 0.987528313870102 0.649325515854947 0.851261434931599 0.987839044867757 0.987858845455975
0.600658455683595 0.732496025341426 0.876302897692307 0.99117435107472 0.886372132112544 0.878241746706117 0.909480620898966 0.91855647285907 0.989421603239494 0.988934620509096 0.98842155742826 0.987779847747969 0.98624730756935 NA 0.995800601957914 0 0.508080646199434 0.883729052873395 0.993150240386331 0.993037617887291 0.993084876582237 0.883587876178833 0.99313513167749 0.993028775005347 0.993114687751006 0.993190609101136 0.725582491228015 0.993029777501323 0.992875173828053 0.876295328666042 0.876468514428575 0.993002778820607 0.993022182338579
0.510569216967159 0.709880050079255 0.981962568542492 0.981375066035065 0.851896834392688 0.857366624311116 0.877209750783046 0.884523203022676 0.974441539311245 0.977671081999772 0.977175374110633 0.972980343183175 0.971186475895045 NA 0.986320968209073 0 0.524845767137491 0.981935438228399 0.981812236326895 0.98186674866703 0.982059120594703 0.611764549782036 0.830129842284101 0.982053826621903 0.982041468908348 0.853836267411483 0.981978595781282 0.981731128224404 0.981967832103345 0.611834710149506 0.731242436864063 0.981870832079041 0.982192040804247
0.682768322224711 0.872525510867122 0.652956411416787 0.985304065932046 0.902072108073066 0.891351842699524 0.904469233320068 0.915675917629887 0.983596909186776 0.984019816935006 0.98509511358243 0.985300992225844 0.980536853094273 NA 0.997582791614805 0 0.478848907779878 0.696050334152107 0.987607715067226 0.987403149436395 0.98771332878568 0.696576068854482 0.872740905826186 0.987702121042276 0.987889477170891 0.987710591711473 0.652386200254137 0.987717904973835 0.987636455347861 0.696406508901502 0.852347190123995 0.987655480968325 0.98763591901102
0.855724478408791 0.855935824594181 0.995010852331826 0.993477206415361 0.887882441326681 0.882885534221978 0.904829664756273 0.912649379646038 0.990367051358782 0.991303569719593 0.991045308174314 0.988131570280653 0.985980619046495 NA 1 0 0.449287946543665 0.691086914749742 0.856529866401331 0.994928577108284 0.995064859069461 0.752639958843576 0.99519232056945 0.995083374410928 0.995048595317741 0.85588644954189 0.642153861813909 0.994986349875508 0.995154552348423 0.856192514292753 0.85656327658201 0.995101073437437 0.994954239116491
0.831401578228623 0.988027045601626 0.988471452806052 0.986504410937747 0.872742633417484 0.861599198015362 0.878501934104751 0.896034499483819 0.984359805974886 0.984860783995119 0.983866192984537 0.981868248887457 0.979561077284883 NA 0.992987548113704 0 0.483568571678344 0.708477970823185 0.881061936478531 0.988397109982797 0.988484679483656 0.851852889496962 0.988365104879186 0.988498930219878 0.988234502911904 0.988261869110934 0.70883386697129 0.988299387257375 0.988183530883417 0.492493915602778 0.708496165639776 0.988037337400897 0.988193544864398
0.83437545388603 0.844167927097073 0.986193713743493 0.984106514354367 0.898307455970526 0.869567177635495 0.884461111419673 0.894441610841836 0.980060391678072 0.982802826270438 0.977814318658909 0.975807929196656 0.975912200218823 NA 0.98938368981272 0 0.501727775104008 0.857029013950636 0.98602712451032 0.986439239358884 0.986211412973603 0.447910838269934 0.615008204237331 0.986154503783539 0.986171848466126 0.673522196227315 0.328087124569445 0.986118600877065 0.98604137253526 0.638956534592502 0.834365632368375 0.986287562056986 0.986104733762708
0.675342494205128 0.875016333099414 0.990165332420576 0.990396070904398 0.865868167947704 0.887004866477949 0.882442156651513 0.897665032750487 0.985569137045237 0.985662418609277 0.986388889922299 0.980281355724865 0.981778535030292 NA 1 0 0.469775678127282 0.611339111637547 0.990203488380312 0.990102168475102 0.990068812794485 0.67506675230727 0.989984791063125 0.990503938968578 0.99020372627585 0.837758064128821 0.990234565312606 0.990527917467834 0.989989400657792 0.838200491528426 0.990422913151985 0.990351692520093 0.989970810532552
0.867557297203636 0.664937686711795 0.987074424378663 0.986776175547664 0.871397430850885 0.872210637652574 0.879503459224414 0.896561536566882 0.982266651543282 0.983778856156742 0.982170848488228 0.980477728523256 0.977489331732476 NA 0.99096360025896 0 0.496165657058633 0.665799875020809 0.867650905063294 0.986944276203616 0.987063513645803 0.815546127657568 0.595431158489283 0.987263854341495 0.987179399037416 0.59574934005144 0.593996501167849 0.987211967976762 0.986989293716037 0.469514046993344 0.816412526697127 0.986934633840541 0.987113330522101
0.865644806481736 0.841022848864891 0.990691363826183 0.989099415064851 0.860377781505542 0.876088040835 0.894977761710891 0.902932068628244 0.986216166610498 0.9872282370804 0.986816050758876 0.989806750613769 0.981257200902437 NA 0.997803190738567 0 0.506257539906488 0.204711976358545 0.711503119681324 0.990737599580849 0.990445196435654 0.647867858728747 0.713100687309956 0.990440530119 0.990445088133861 0.467593526366185 0.990672212130566 0.990663236075698 0.990464897112127 0.842575294132652 0.841778012196763 0.990455651035825 0.990773106269819
0.660450696779108 0.990856397589111 0.990789735593642 0.989191361375329 0.878515089921304 0.900617247176247 0.886064751065222 0.91176280534593 0.985814552653775 0.984315168379375 0.98702005564939 0.98545643295011 0.982913581121247 NA 0.997562387105953 0 0.489124955322307 0.474548368864099 0.990688258228898 0.990702635672115 0.990777522968991 0.990714352124573 0.837770056233699 0.990827068403842 0.990848364582054 0.60572634697306 0.812349780624566 0.990639987326468 0.990729201680335 0.605124023892036 0.990565793170621 0.990721721663697 0.990906251797397
0.49282178887389 0.993159642709368 0.993135456658097 0.992069531868897 0.878017475188154 0.888512554730058 0.886119666934561 0.919239870248757 0.989895824841589 0.990149209511981 0.991070826702501 0.985919410832501 0.986456986310084 NA 0.99769730840036 0 0.499260292075687 0.661145797165077 0.871157170047342 0.993178708158046 0.993143479954627 0.662025441228705 0.99314993017796 0.993245170160119 0.993100412592457 0.870808185801526 0.849524756021968 0.993135865279523 0.993326937231479 0.993194494473491 0.871432838941188 0.993081048268934 0.992972454978991
0.69139292929936 0.660059412257637 0.989432983030494 0.98824879681647 0.878786755736154 0.885261893859652 0.881685061948037 0.908482913228585 0.985552240130374 0.985046942696662 0.986524546441192 0.982991720362197 0.982540353685254 NA 0.9934925091602 0 0.5553444082075 0.690607272686174 0.945453374697646 0.989339180487061 0.989183593862753 0.85222562300006 0.989084263138909 0.853939532868442 0.989216429777154 0.690581567570184 0.661175142856591 0.98915777498508 0.989173069786822 0.955023633395168 0.989313368227639 0.989330806148397 0.988945459866357
0.671751107783239 0.674676236144964 0.988208339662648 0.984440824855217 0.876407913017801 0.867308457048911 0.887713698420302 0.893738663813549 0.978667138962041 0.980951308822898 0.97994601322261 0.979773252609854 0.975758924553858 NA 0.997778984356903 0 0.484729950488436 0.684046084514879 0.882732702015653 0.988174015604548 0.988181232788304 0.838137245613271 0.882557077612646 0.856745821286392 0.988203726847661 0.838862101038986 0.88243890548305 0.988058295548546 0.988006917812884 0.838894343289338 0.988023107483705 0.988198396648939 0.988153292739224
