"U_1_Gam_alpha2F" "U_2_Gam_alpha2F" "U_5_Gam_alpha2F" "U_10_Gam_alpha2F" "U_1_Gam_alpha1F" "U_2_Gam_alpha1F" "U_5_Gam_alpha1F" "U_10_Gam_alpha1F" "U_1_Gam" "U_2_Gam" "U_5_Gam" "U_10_Gam" "Sylvia_Sparse" "FM_RevJump" "MBC" "DPM" "FM_Raffaele" "U_1_PC_alpha2F_01" "U_2_PC_alpha2F_01" "U_5_PC_alpha2F_01" "U_10_PC_alpha2F_01" "U_1_Gam_ProbKp_01" "U_2_Gam_ProbKp_01" "U_5_Gam_ProbKp_01" "U_10_Gam_ProbKp_01" "U_1_PC_alpha2F_09" "U_2_PC_alpha2F_09" "U_5_PC_alpha2F_09" "U_10_PC_alpha2F_09" "U_1_Gam_ProbKp_09" "U_2_Gam_ProbKp_09" "U_5_Gam_ProbKp_09" "U_10_Gam_ProbKp_09"
0.42488037723773 0.423457507802869 0.424120489022896 0.423758493549784 0.379564109609427 0.382342736143149 0.387523331617688 0.385378698273612 0.426001765974222 0.425818850546441 0.42493857677871 0.423892783191518 0.424341265236139 NA 0.533455525819974 0 0.35918935344123 0.426679829048098 0.423431778907814 0.421764994686963 0.424727513367414 0.426043098401046 0.427419411194546 0.423431527674168 0.424002736632404 0.426179339967632 0.424212606074957 0.425093496395083 0.426316480764681 0.424881373881271 0.424501494200994 0.426058266638879 0.423502831814956
0.468463419271274 0.468517275005931 0.467893220204049 0.46814435928461 0.406493771596552 0.408619192806649 0.412682790979391 0.415759713551198 0.467439069525511 0.468804874066934 0.468922276151947 0.469124981976795 0.467424829867975 NA 0.440372662198457 0 0.230594493128503 0.468655015329683 0.468345712382824 0.466853436111729 0.462203786745226 0.468965944709172 0.468102542518037 0.465181982863062 0.461422299116137 0.468644301503271 0.470209328582539 0.46880252260197 0.468112793942437 0.469306512141987 0.468695249975932 0.466293926291763 0.460688613579989
0.307846468385301 0.324761975954423 0.332027264720586 0.315225129486419 0.230530876492884 0.225489574802626 0.231532217536685 0.25212555624895 0.31681710168654 0.314014591007975 0.311811266888909 0.312540374741869 0.325779238914861 NA 0.261556641637121 0 0.310113681899876 0.30245781960159 0.317730892068623 0.330354600689671 0.276027429480917 0.302048733499323 0.280611249422118 0.330557460200376 0.28491456491119 0.30679654887347 0.30255178841319 0.326658231151624 0.309940544546658 0.285935970730867 0.290285321366371 0.326586125100144 0.297751043318755
0.247201962932522 0.247986967103032 0.25328470579161 0.252750917135768 0.257734791840154 0.256535785366276 0.25869953564417 0.260793972216692 0.251175432612776 0.250955434228261 0.254782263698585 0.255294366988999 0.25292191915418 NA 0.235243841345066 0 0.158507713811869 0.249690254446495 0.248989113539455 0.260524903756976 0.255174624868248 0.247373208252499 0.249097116083743 0.246739256363468 0.25625843707752 0.249397313534316 0.247211741420371 0.249382789246539 0.252456183522975 0.248528549630032 0.247387487572431 0.251351823501221 0.250053044782244
0.475940972450049 0.475915605249049 0.538694016391395 0.545227732974164 0.471815118570942 0.47413679584952 0.47566712055459 0.484492229462204 0.527742745868128 0.520934551585738 0.534071587680757 0.54614099545759 0.53682871136795 NA 0.668727691767774 0 0.284841425229484 0.475499062234073 0.521148601009352 0.523255502611482 0.52875956626523 0.476054679029559 0.475466778359754 0.524496730823473 0.531109202407002 0.475950124338467 0.491118035936828 0.537604256381534 0.528780380432531 0.475441513014727 0.476065930419664 0.523150060369382 0.521512298838369
0.286526027717554 0.281854268640974 0.282901432549303 0.277383958520276 0.253111438808376 0.254416754384453 0.250156764833826 0.252530478567682 0.273163885712649 0.280357375555211 0.276482339182268 0.274809023903259 0.273061014364886 NA 0.395126736986501 0 0.157667052816111 0.271981371922138 0.277806247182791 0.285955520151767 0.278057584689705 0.153351280366071 0.274047062983109 0.276996421330639 0.281545921985006 0.153556301194558 0.153460754500003 0.266221546201628 0.277355301517492 0.281617228963358 0.277339234071189 0.281034396051357 0.275896402398601
0.293875258768032 0.308112710853958 0.395921014384465 0.392434986791401 0.38466804541256 0.385105317695169 0.38396928876173 0.384654626339268 0.39728250365972 0.38882140322302 0.396022269868916 0.396402273688278 0.398214987191654 NA 0.337230500767859 0 0.304940647937833 0.302739049414501 0.310996893309092 0.39945932745028 0.395557064907927 0.307257042833219 0.311146515289813 0.399852587317483 0.397523300692391 0.303675124182793 0.303520981135204 0.375770242828575 0.398856667490969 0.303265920856018 0.35307118280245 0.40169134141445 0.397884441054834
0.319938754787838 0.286197050455032 0.356200400149345 0.353422635855494 0.28452763210565 0.289964919696994 0.288128907586665 0.303134498544774 0.348157372957765 0.352035539553877 0.347779037210066 0.35090513159837 0.349641732371807 NA 0.554478678218669 0 0.250735038479492 0.355159745186385 0.285740590434592 0.365477004498952 0.345236988458473 0.355232190103204 0.286763575017927 0.361837372677847 0.347588562580982 0.286700171166933 0.285767005516776 0.364539963374237 0.350050789997113 0.286962064051824 0.355287166446956 0.357061302190492 0.348860102814762
0.465037641091614 0.465067929185559 0.46505048930281 0.464332042927266 0.425486714830455 0.42391743472956 0.424549676324227 0.430409619097543 0.463199759251326 0.460756016813891 0.466865912036373 0.463677138512403 0.46076895826932 NA 0.525625830321966 0 0.328663877458176 0.465275914985087 0.461978401793989 0.468039323814704 0.459089452368742 0.462240227449543 0.464813603523618 0.464664324412746 0.45254565103249 0.464108065648487 0.468963338501445 0.468969700065806 0.450359972266395 0.465535724680256 0.458406865881302 0.469759473361273 0.450085741483871
0.403611830080601 0.40355688608186 0.406722482606549 0.407655853213596 0.514849737337251 0.509568782869538 0.5221388601598 0.511481503662798 0.404227247920945 0.404751768023006 0.409857715975573 0.408597922284079 0.407128748386842 NA 0.624452177326862 0 0.377821848702775 0.403299954284433 0.403712359298962 0.442752298663832 0.41948827768354 0.403853396619742 0.403930467412226 0.404312671288299 0.404126689718567 0.403519244580115 0.382267551020643 0.40359892659646 0.40617145149825 0.382410432595689 0.403738138315903 0.416663882473978 0.404127233545439
0.121700645479648 0.12001167660456 0.131068424215005 0.129467498746997 0.113529190490919 0.11689468836101 0.116754952053595 0.124054299431504 0.119444559957197 0.134851744395879 0.132990933592692 0.136024395067343 0.130375047440666 NA 0.247977479297379 0 0.0581365639768347 0.120891248642688 0.119990614752693 0.151781500521582 0.147120398222466 0.120928242855652 0.127677936944998 0.166049253049872 0.133545140974855 0.119501277265113 0.121203032095015 0.116491690235535 0.120180152129705 0.120119310612518 0.11898794642762 0.156741854839114 0.129529394456079
0.436051133239914 0.436226216541599 0.432564631919692 0.42280837974872 0.328090908461523 0.33762025348583 0.329284324980186 0.335210835403403 0.430536413168916 0.431202710720769 0.422572705942068 0.425666313174191 0.426286377082146 NA 0.52366205360535 0 0.253985729916015 0.436538914814759 0.436688700481952 0.416100397718811 0.422521067448196 0.436238817390427 0.435512644391198 0.417672519073448 0.427213446830142 0.436415853852639 0.435648156561916 0.423656392477297 0.428013548607058 0.43630176347153 0.436080336598661 0.43301496369528 0.429196564577614
0.492687410551634 0.490415920429657 0.492533539536263 0.488350720147586 0.381867687978396 0.392654710368688 0.386607840436118 0.399294826768657 0.490286368733997 0.490038741096097 0.483274724387925 0.484881119589535 0.480111776381638 NA 0.608038410206759 0 0.437678955816999 0.493149636764127 0.447613858498266 0.487256334307436 0.470735352813054 0.495101480579347 0.490847002412132 0.489354363739478 0.464653404680337 0.490988609748674 0.491975603189319 0.488638558530606 0.47753618291346 0.492626771630803 0.493980023713434 0.491115185787902 0.481097651439544
0.294183879003749 0.295496779063778 0.288931401976722 0.293638793984022 0.283940391827195 0.285768105516355 0.28456047846263 0.289303004820535 0.29245465601848 0.288068642300851 0.300142658847244 0.296005757546031 0.298406118879559 NA 0.406357688172009 0 0.293267584930985 0.291911175678263 0.296442446650351 0.303597657879689 0.301616640492494 0.294888355897061 0.290578442312439 0.290802357794632 0.299175191727441 0.292922004279979 0.29146883623815 0.296716343961137 0.30346562724975 0.293042230632157 0.290136967099099 0.290428558505434 0.29728110297115
0.364114869947121 0.364572712906282 0.361895119354477 0.36894870636419 0.316346704071139 0.321797699448771 0.320915624543503 0.32814600271519 0.370155054756664 0.362968641675182 0.371944452731895 0.372334997960185 0.363927081440714 NA 0.373857454756527 0 0.366131447284136 0.364010307860092 0.364248660808899 0.39663372995713 0.370636738152344 0.364499571834601 0.364072979737727 0.395725513005259 0.37074387732481 0.36457926230842 0.364295585371714 0.367113932201631 0.366038292587921 0.364362232048901 0.364018143484748 0.36457067404257 0.366162465899478
0.297594590056942 0.293634630750615 0.298133173371835 0.296353685120454 0.242749435464086 0.243620913366724 0.242474803283683 0.257052555911288 0.29211695417403 0.285668358102614 0.292892719323086 0.291339981744377 0.293621043092174 NA 0.358902044999618 0 0.307581211444514 0.288074501323439 0.289962573168195 0.295634376299233 0.287021488322645 0.295370987650662 0.297783135059564 0.296927086541289 0.280311051961717 0.296408266739636 0.293709815528235 0.291687601088906 0.288411950946987 0.291422335975345 0.296292154436432 0.297373551438394 0.268952760311734
0.595735273279062 0.59542742501669 0.609078190165149 0.612755120427831 0.63653582825192 0.638885092293224 0.638828085947806 0.639862184366777 0.598676392915974 0.604937277343353 0.61566997035547 0.612453481098727 0.612534453689607 NA 0.627158853914111 0 0.424482426406808 0.595716940482021 0.595577354743602 0.613518948166025 0.619563458919103 0.595995825621192 0.599915694742332 0.615228428871973 0.613171134958032 0.597046646055041 0.596268048247858 0.607115731012788 0.607665398184311 0.595857832584598 0.594833497488028 0.614833325898426 0.604421763362892
0.435501186557238 0.43557979719652 0.440882410914849 0.443661225095809 0.425572827214423 0.433083774970577 0.421269344554611 0.436007240826363 0.448917176965486 0.439460639430691 0.444920741307178 0.444050720644694 0.449191717326847 NA 0.558355614909449 0 0.386246769519725 0.434741562976367 0.434397888841034 0.468854715933764 0.454848262373096 0.434558037560101 0.434201980262771 0.451475584992755 0.460919615227933 0.43467706659145 0.435075462229676 0.44022095984352 0.445703494353314 0.435211199546331 0.434416237056694 0.441130742306892 0.438368015789994
0.360553795795338 0.333171092922285 0.442787606496922 0.513676762782051 0.408856989306076 0.442983133477125 0.437480758767154 0.435300453228897 0.501751799677482 0.536452933371883 0.455154196449833 0.492677824075395 0.552286007446743 NA 0.694188053561135 0 0.237893538787737 0.300219202350098 0.361603627525686 0.365454807867955 0.520398090789831 0.361720863237708 0.362731987115997 0.451473355503167 0.527651663530099 0.36103084284296 0.364910038825515 0.372431566355158 0.528134034697345 0.265057234552427 0.361998207677586 0.364449051628428 0.534736596977972
0.323083755734487 0.323429499951838 0.314368951693776 0.315567853087259 0.285953503980172 0.284964042778982 0.288711147321654 0.290353187543757 0.316516356988694 0.314233174741626 0.313249119483298 0.313646411802446 0.31397662734564 NA 0.337996488790304 0 0.129040421848358 0.323050360649643 0.324373858782122 0.314740281824806 0.312097596170681 0.324517404906125 0.318542995281695 0.313967013792969 0.312262468685276 0.324115333778378 0.323084689357085 0.315966085404537 0.31280018633315 0.32387670179978 0.323816116850557 0.315832829625604 0.319466825900353
0.320446324388433 0.320454822574977 0.320347870401685 0.30166620104308 0.212231618452098 0.212281245991712 0.214729033032637 0.223796120262615 0.313815870284427 0.316587954866635 0.31063758452537 0.297110528252951 0.296727381040586 NA 0.331972188117129 0 0.314368366087909 0.320452467658778 0.32074305372555 0.314621800873529 0.253206902546545 0.320208151990635 0.320185243981728 0.304797462503353 0.266035287075274 0.320523317448167 0.320296580715189 0.305075899425025 0.29458097093977 0.320383919152692 0.319423488649474 0.319664276544998 0.268395979907354
0.304200359027464 0.306923815141094 0.305513555498778 0.304392235923174 0.263548816921297 0.278584962458442 0.270295243533347 0.265951375221814 0.304845174968281 0.305993395775933 0.305833581813014 0.302577468250881 0.304340052432158 NA 0.49116442800799 0 0.259926983000817 0.288752278815654 0.305316463075491 0.30850832773124 0.303429493091881 0.305378650542354 0.306485730558396 0.307981888904848 0.303635878687344 0.305756563050261 0.305958440776897 0.305109148178207 0.304746188484326 0.305415672369111 0.306098542563407 0.30715124687847 0.305364995539441
0.350699772915061 0.406349206674215 0.418710841654794 0.402708932691758 0.393309336489653 0.392524981286511 0.391023512113337 0.394812879622075 0.408995928514943 0.390832579942912 0.40885215050524 0.411536723592615 0.409005428403326 NA 0.522787504167189 0 0.361743046148154 0.334345400291759 0.379066926442515 0.413519331983577 0.410935719459247 0.335189624083683 0.394953127365125 0.411903532937807 0.409660236344231 0.33519912908335 0.380234749943939 0.404965202049154 0.396285232051277 0.335575730145724 0.335517554361934 0.408637282918648 0.412632932296501
0.153358756139428 0.15305188557743 0.151207592089317 0.150968850768624 0.120522549330698 0.122642929886681 0.121442135853459 0.123264563876343 0.153387964276505 0.153303041771805 0.149876282818953 0.15012528541654 0.15255982786847 NA 0.221919538127272 0 0.144544684630717 0.152981731998069 0.153015086827148 0.149220512570435 0.145733322916976 0.153093092973582 0.153697287212209 0.149374058607789 0.151116089391214 0.153458324107347 0.15339369597869 0.152800312929032 0.151833181671278 0.153545665674308 0.153208293214213 0.153116330899891 0.153494431597225
0.271606505699729 0.271964433318618 0.270735673924957 0.270866388698626 0.21590161837396 0.221137371831226 0.217927492011234 0.225145801409887 0.268544514088429 0.268209697572871 0.269715953465284 0.269544735496978 0.269448554535752 NA 0.289699037873773 0 0.2445334163274 0.271502673968753 0.271997639069247 0.263994625748729 0.265156361953365 0.269787817328857 0.270261486612552 0.270012946533171 0.27043160096554 0.270702680854653 0.270617511935342 0.271104170868907 0.271271736377144 0.271887097251684 0.270674929880352 0.269986543256326 0.270130422140139
0.429349256361607 0.427750331775322 0.426912333107066 0.424284431771299 0.364925220097797 0.366445792801337 0.366274800900977 0.369873707548326 0.426247358313021 0.42440831077003 0.426939942303203 0.422402308468185 0.422370422230881 NA 0.485581614603712 0 0.366724367577844 0.42817883131035 0.427351638369736 0.422299881821435 0.410430045488953 0.428401850597923 0.428191782812158 0.423685437817676 0.400712305712888 0.428274987555763 0.427768009434125 0.423229829996908 0.419859117803399 0.430387685292953 0.429273236932735 0.427759177009552 0.418799260238475
0.328677501073173 0.326426736935858 0.322880910736804 0.324575852801133 0.25857648440548 0.255104727939386 0.259062945261224 0.265158612177912 0.31749703915782 0.32373213737385 0.323267103830188 0.326188732412294 0.32144072708643 NA 0.409781003377855 0 0.300445750736967 0.326729553148993 0.326246333908015 0.318860718170831 0.285709567705821 0.325306413152229 0.32743407087794 0.32423755086724 0.296055894815677 0.324907674954144 0.325706351642325 0.326296065688107 0.312963112534952 0.328424989025915 0.327309834570052 0.326469035366274 0.322956419237594
0.245387510904687 0.244757039095996 0.250625717931451 0.24354467373222 0.283160875298025 0.286171102596656 0.286460519365145 0.285686503685018 0.251465563637476 0.250724868370532 0.246593024532217 0.253824393478796 0.252831308484165 NA 0.438797754702059 0 0.258733452146881 0.243591982865612 0.245698144826494 0.266265893142819 0.273650364528287 0.245300203028283 0.245537069638851 0.265481601855615 0.253366179536399 0.245200039876539 0.24424386433562 0.245182622728879 0.25920717085176 0.24531548477781 0.243519093677863 0.267319603258461 0.28149195108821
0.549561025320418 0.55006919387682 0.548974082160353 0.548147304716641 0.508249518342454 0.503925458948478 0.524579839972646 0.51303242179501 0.548685785041484 0.549165206132631 0.548499509580397 0.547637248512267 0.548279783017118 NA 0.46102960271835 0 0.458502892966559 0.549322455952017 0.548587842379643 0.54817695340581 0.548171409594153 0.549918457701068 0.549170017214544 0.545923534424867 0.548102221116786 0.548119517948694 0.549541803487651 0.548779038667147 0.55012605542659 0.549219360456533 0.548366742012008 0.528956959390139 0.547820397443261
0.450812119629042 0.471657453271889 0.45830316275873 0.465674313976422 0.435383176549757 0.439064291925867 0.441414007600923 0.445786786684249 0.467801153224962 0.459002437010045 0.473942501554382 0.473400565618716 0.46827787195367 NA 0.46190836842401 0 0.270885701441021 0.450291477485074 0.448958720747793 0.475194347637316 0.471130814401097 0.450406058672007 0.450080608114029 0.475124341975151 0.460236295843106 0.448429936097668 0.450494763743072 0.470444701460172 0.474857619967008 0.449455010337161 0.448886559956607 0.475354237632268 0.467812346704473
0.186381549571664 0.187252942743175 0.190404316692488 0.189177388424551 0.205768804851329 0.2059408261366 0.204319973460719 0.2054469584372 0.189025870784523 0.189775789679265 0.192195325973464 0.191885207300483 0.190791493109525 NA 0.224291404563373 0 0.20420300482966 0.188696209884419 0.188143229117457 0.193667825434493 0.198511934908062 0.187735481676047 0.188501753398554 0.194097726823967 0.19702808459795 0.188451853959648 0.187641988846835 0.190859030769698 0.188593511369359 0.187398034824417 0.188115946790109 0.197365380079431 0.190364293953085
0.37216757675213 0.371811234089686 0.378640886669036 0.376634852104564 0.387246900916286 0.379333598901681 0.37825201411911 0.383147413860605 0.37297403452552 0.373988861063054 0.373089907773273 0.375076896455654 0.37911569624166 NA 0.589743710223926 0 0.3754164538997 0.37200883795404 0.371983651089805 0.381657437412366 0.381823808708388 0.372325232912831 0.371613427349938 0.382777700369691 0.386556447106855 0.372333197807138 0.371429972963966 0.3900261699229 0.376025159536327 0.372000032902607 0.371920782929714 0.372299895361848 0.377028638206377
0.307475591417097 0.269893208347479 0.302732903479425 0.307331974547601 0.257020317835866 0.261195651244763 0.256214286321411 0.262982402871036 0.3112922752072 0.312990375152876 0.321716396293811 0.309909511239074 0.317600420957082 NA 0.471684248947833 0 0.269224958026523 0.28982514733933 0.305460336011795 0.341053334345104 0.303298910674013 0.30491908938078 0.305510063329261 0.301578360565414 0.311172817755377 0.306255170196376 0.306751409696266 0.314392566944347 0.323510753925618 0.305583782394058 0.306243799527595 0.290850513903387 0.312967505462349
0.42909313385557 0.429132489833747 0.433111404569596 0.438849257000141 0.509142091364242 0.50323241338822 0.506060754463055 0.498144075999265 0.434791397078762 0.436073865553289 0.434459990288662 0.443168517870008 0.435330103983357 NA 0.56426963714334 0 0.244907050840086 0.429535554503649 0.428160974491716 0.442531682836392 0.442114245260637 0.429018461852258 0.428327058891207 0.459913002093802 0.456463700026947 0.428746966872281 0.429066655192835 0.435829337073766 0.482548581566517 0.428491620894474 0.428966489525535 0.445470721649351 0.438737007110588
0.401453808855862 0.401279410534775 0.394771278654796 0.393430414382484 0.302738870167207 0.298949239065451 0.308573853075386 0.310196415220051 0.397030346773523 0.399388158707601 0.39277734025884 0.392486852915749 0.389469094279607 NA 0.567601254136675 0 0.324075575739597 0.401090005448764 0.401069872541432 0.385477679885728 0.352833538384879 0.401365101794398 0.400942409098638 0.380165425306044 0.35851792542387 0.335183148673329 0.401146049810151 0.400339648288924 0.394345105250868 0.400270191588723 0.401012101006966 0.399644287861577 0.400647098508236
0.490528287675261 0.490156295974402 0.489809881235387 0.489704492950839 0.430151513213381 0.439247648045502 0.438712618096236 0.439271716239492 0.491724635127031 0.486954674775967 0.489315829218973 0.488431282138648 0.487816879168708 NA 0.878849575435893 0 0.320906887716344 0.491712624457914 0.489709973824682 0.489275648314919 0.486036427078238 0.49252581518973 0.490876119267857 0.492317951671302 0.483947854040185 0.492256546732932 0.459010427364114 0.490292628724548 0.489268124633746 0.490458053878413 0.490598832440723 0.489640416670829 0.487115220686343
0.303224015611305 0.303273742451038 0.302541286675312 0.304097969769533 0.325688291446826 0.328678603064498 0.329034745729667 0.3298781227321 0.306567140933621 0.303030441737546 0.303506026854257 0.304625099746177 0.305610931769099 NA 0.521540857225497 0 0.291989972337722 0.30280042873875 0.303201081613321 0.316107447120797 0.306558727766925 0.303375359532982 0.303012407113379 0.306094316769558 0.305097346384021 0.302512382874058 0.303210460797678 0.303050098706431 0.309432366347831 0.30307287920633 0.303354870923486 0.303341967599531 0.308800337971035
0.415691531540646 0.402055704046476 0.402944000508863 0.401782300003067 0.366377843624822 0.368029155458012 0.370504159711809 0.375216001564257 0.401618202319986 0.402784355686017 0.401363150403438 0.400590652583454 0.399967659390116 NA 0.492171465976837 0 0.324032822863805 0.403342648695582 0.400804741275963 0.39994474096934 0.405698301732539 0.425367080505081 0.402408866515416 0.401167070293897 0.410922009950727 0.401312053056991 0.404304148249937 0.39985348366562 0.39843509701477 0.425755539232317 0.403960180711053 0.401402817117328 0.40160088885351
0.388610764920457 0.390414017851358 0.38914583519325 0.385030769127677 0.299573668049392 0.30723824109504 0.310574707508185 0.319230917288061 0.385772440355572 0.3856689955472 0.379912607518464 0.382244580359248 0.379991648344966 NA 0.444275807361847 0 0.339975382006827 0.390286616020196 0.389435382814043 0.389290955575236 0.358787953266573 0.388534125398743 0.388772001274005 0.388221559414371 0.368675373280684 0.389215189417535 0.389170625221542 0.386336333604809 0.379516405592224 0.389175982425163 0.389848799076642 0.388138642453819 0.381651298749489
0.321971474846993 0.35725739061588 0.350353154174159 0.349015155545711 0.313204366412176 0.319520779509855 0.322959664765029 0.322271783578132 0.351135910211485 0.351442460364322 0.353561346011109 0.350593736019424 0.350095629317003 NA 0.356449233868152 0 0.225828619389132 0.322925434136992 0.323141927519582 0.351190410504363 0.345962654642652 0.248408192500641 0.355847456754164 0.36214600080205 0.347800257181457 0.323044223063144 0.34473982334599 0.347713327730574 0.351314722171501 0.248184519097377 0.323364629419287 0.354064114369851 0.348755155797871
0.525287831186167 0.524444371753818 0.524538830765317 0.524163917918504 0.503971297053629 0.501896878091559 0.50365125347497 0.504239387767699 0.525021946347532 0.52446094364316 0.524389187451351 0.524628287281952 0.524578826789424 NA 0.611274090046489 0 0.422647270285364 0.524910041975532 0.524607260034652 0.524302148486405 0.524261613195347 0.524958624866447 0.524993385523515 0.524918894764505 0.524482202085666 0.525328495217899 0.525194859010204 0.524793117745737 0.525302748262971 0.525102606683747 0.525074206151054 0.525236068196488 0.525012642786772
0.186535319392975 0.183931529138063 0.192440618834629 0.194608795093306 0.177564950145554 0.176685341213102 0.179429607324116 0.181362355497689 0.190143328467235 0.191173470244567 0.199939633535903 0.198804671597119 0.196649821282897 NA 0.249244569747452 0 0.197432137306367 0.183658068543608 0.185103355429258 0.189735799037094 0.195440940500027 0.183892735646385 0.183595552179864 0.182284550183858 0.198393996286198 0.184644508208724 0.181768794883245 0.18941699540828 0.189825767544122 0.184865396527074 0.185361887034253 0.185912439364583 0.192592250738969
0.555327244879559 0.555824705518889 0.555205621800303 0.553271078613314 0.49446143364975 0.494436058264841 0.50539038150624 0.509448745338898 0.556382816337498 0.55476686466549 0.555172309603737 0.553811653731218 0.554188298253844 NA 0.677301134239684 0 0.252385788849519 0.556732802135569 0.555397156101047 0.553569986690241 0.551976376462638 0.556341056112881 0.556030729597893 0.554688640495836 0.551292380370316 0.490646227416135 0.555582490827481 0.555505513606644 0.554449589092698 0.556810410573339 0.55575980922222 0.554816274133068 0.55315899593886
0.4165448016501 0.425971889525958 0.425967329058598 0.430467669667872 0.5540021646802 0.553180402767228 0.538189268723802 0.553047215156443 0.419302763800554 0.43894524350905 0.438941194667595 0.426452791041027 0.430713728556875 NA 0.340169650425676 0 0.439731754230021 0.418042885985587 0.421316966260777 0.438201157337198 0.426602879414011 0.416738656361232 0.41698375174089 0.434252809649113 0.433543872784741 0.418189760788137 0.418395334558965 0.419711620127128 0.425779269230603 0.417981948827818 0.417049981705879 0.419496171687209 0.417156424301551
0.278916606087503 0.279122841958293 0.381464466562078 0.383539486338756 0.347356580917889 0.352932215375157 0.34369650540885 0.350286395951116 0.381628955740489 0.382760779117898 0.382382075900736 0.38194006858135 0.381513865850822 NA 0.559315468026319 0 0.182715121589336 0.279254453830211 0.279574631033922 0.322876640000563 0.37797523290741 0.279933730344341 0.279799801887132 0.381337902248588 0.382249603393449 0.279316471022159 0.2795619429729 0.377390602135832 0.381601435851717 0.279647907255345 0.279849174458291 0.382005867505297 0.371674779131213
0.378260586319221 0.391497162292279 0.392481887666677 0.390132924712303 0.326758239216683 0.324993821064375 0.33053238457004 0.331360553909065 0.38887745820553 0.388179730402598 0.387124971032885 0.384468122044683 0.386175875650037 NA 0.602679435143876 0 0.321594773323367 0.384622028897083 0.31485030005039 0.39582914549962 0.378223346059537 0.386332388981589 0.381998771327813 0.395791384659048 0.380513592679195 0.387077382260897 0.380774965078955 0.386926297949626 0.378722449661328 0.3785277747592 0.314430492502978 0.39702870042688 0.375950954830683
0.545143482555839 0.545102621246632 0.545286355415704 0.545838320249936 0.553788458806703 0.549805738969739 0.553646449172455 0.553036317328366 0.546033413923315 0.545307882434599 0.545603487787836 0.546038094231421 0.544923615344885 NA 0.770968069329201 0 0.417331864948352 0.545020029749627 0.545122299188496 0.545770815719354 0.546288996418514 0.545175931895857 0.545197793827208 0.550074031231192 0.546023027126089 0.545270648945517 0.544995999988446 0.545182805896296 0.545524368380756 0.478267158333991 0.545126814985863 0.545159641794755 0.54616976109886
0.206920450796488 0.206744374881489 0.207179094993159 0.206893525418555 0.161422075355651 0.16046438852396 0.159777170401251 0.167868744374557 0.207642883341733 0.208065766535651 0.207693173679434 0.20674304659601 0.206290120521832 NA 0.364760452375055 0 0.198185730601986 0.206684143308667 0.20750332562571 0.211857946337528 0.204409993655025 0.20659686367537 0.206179989132578 0.207020938256819 0.204293677524126 0.207129233258227 0.206763960659686 0.206953442163093 0.206001297962434 0.207195156439882 0.207075676532083 0.211966711715856 0.207423548509698
0.289362483093189 0.290215547866954 0.301352989208833 0.305217750543275 0.314235622261674 0.311933165209558 0.330208996194364 0.326307160959733 0.311010357917184 0.297063352410498 0.298997156193652 0.302292041085158 0.301499291089894 NA 0.607512182921215 0 0.283552933453187 0.289819553778132 0.289532430791728 0.317368813704312 0.332557489390412 0.289718564078468 0.291405821618707 0.318849497364868 0.32417136255147 0.289155112270988 0.289320090944211 0.289889161883881 0.348542052897075 0.289043205522648 0.290266944004927 0.305413509869068 0.344094677845211
0.296600265552643 0.297573405212652 0.296172402731515 0.295170531127326 0.252622713121481 0.252411501836421 0.251977905034064 0.25801488444765 0.296541023895901 0.297395900335778 0.29521868995525 0.296331452838822 0.296118681534061 NA 0.329930243111894 0 0.120560907889157 0.297990964547676 0.297240955752395 0.292090596294424 0.293044089084969 0.297702619514403 0.297214363814526 0.290544803750526 0.290567022076034 0.297945786544521 0.298704294024819 0.296195082446851 0.298636130383278 0.297335472106939 0.297341671834477 0.293995996923282 0.296529845919859
0.350054177721696 0.35006777665481 0.346240492368246 0.344909336658032 0.332668663747909 0.332190924633169 0.336309559263385 0.336182845430913 0.344560739491107 0.346162762165978 0.345870644974342 0.345893539757352 0.346241875741949 NA 0.422832133889602 0 0.289951518751941 0.35186298916754 0.353900490724139 0.349681730014694 0.353560918511243 0.350610746605968 0.351562380445478 0.348891938028471 0.348100242049074 0.351150411261361 0.350893113782525 0.354446059874716 0.346372838000621 0.351896396753811 0.348658078245566 0.356022110105567 0.346240168046029
0.394558411073312 0.395479870932942 0.405821346148098 0.398428573570433 0.279644337283834 0.286666639617295 0.282987379599798 0.291575420275981 0.398679897670598 0.399147152122073 0.399545704715712 0.397796029313878 0.400342724702372 NA 0.535196374784107 0 0.301044275695016 0.395599215428664 0.394549419565481 0.408757630299101 0.332431612090353 0.395493646937337 0.395266011268615 0.412685949024842 0.336880800357009 0.395215834248127 0.394357287839024 0.410442838214392 0.369671106304404 0.395932859788918 0.397048878473789 0.40718615977184 0.336792487480217
0.470470025185141 0.469861132627678 0.468284301568421 0.468034686143386 0.412572980627317 0.411865165504581 0.417980068703422 0.413161288413157 0.467479769979645 0.467979361904724 0.46517173423949 0.461441298525261 0.466396734736911 NA 0.541670368892424 0 0.260380334786679 0.472035985459906 0.468830995583293 0.46277220060316 0.45270577970155 0.470119354024945 0.472986669329995 0.465953860376067 0.464764398431563 0.471016961265699 0.472177972274811 0.468334183626575 0.462458707671221 0.471479842226379 0.471713309196462 0.466530064436566 0.300234311943501
0.562634318386616 0.468296867625389 0.46614984801466 0.466748712252624 0.522538514601915 0.526298663643332 0.526363712121647 0.536094839271383 0.560544934214076 0.562244066188829 0.466903076934573 0.562118050034262 0.465796557880679 NA 0.607715883721058 0 0.32816736967282 0.468921992667813 0.563395784568376 0.566493454579495 0.562511829831938 0.562189192218965 0.466550184599907 0.566123417505302 0.467560659752125 0.466454638113012 0.469683329502303 0.562156805075235 0.561543601933798 0.466880205701201 0.561394315576447 0.566994492065165 0.468380826302671
0.251225126854865 0.251225435750307 0.249330611151339 0.250246571024581 0.177563574228501 0.190288138902356 0.177915245804998 0.182915406043147 0.250498922585492 0.251022364586316 0.250114591834049 0.250025050360844 0.250193656231669 NA 0.256790794558951 0 0.251774882902705 0.25124213718673 0.25102035885405 0.247260745819678 0.240785055073053 0.251084558305221 0.251433133538221 0.254067941592718 0.244844180776465 0.251486181042273 0.250954403731126 0.249141858760009 0.250665717708847 0.250956023854056 0.251374259146143 0.250507605485166 0.250276597048287
0.515205149728281 0.515886713866497 0.513715849011838 0.511671144116423 0.432917241667408 0.438482454829263 0.455015766320723 0.44845351623269 0.513449728277132 0.514206723008871 0.514770164993919 0.512885955259174 0.514054792358298 NA 0.580168133252552 0 0.201762910590044 0.515686872799071 0.516367020809851 0.517307417125062 0.475820297624624 0.459886914249271 0.514582713803062 0.508784386445926 0.492401079890974 0.515431204962238 0.516516813754986 0.517074011941041 0.508942867696025 0.460522036779042 0.515309605517817 0.51625846242372 0.513370059436916
0.174222314939481 0.179516257979543 0.206512625545375 0.201470210596856 0.161590883814576 0.153641055869501 0.151218641788441 0.157524023140441 0.187441016662689 0.187543633277623 0.208407594573446 0.197184796660728 0.189217838283509 NA 0.198504873051342 0 0.176692936359464 0.174562911177411 0.185883081143157 0.209051011759608 0.208397207778408 0.174157077036153 0.17779181296717 0.212997960674182 0.20291089758655 0.174616429744862 0.186560792113493 0.18983761769773 0.186245905246205 0.174574227775727 0.174540622352923 0.193881304334721 0.189569716305502
0.430423199920709 0.430150465670423 0.42896227217546 0.428562560224717 0.361641518369393 0.359126489514569 0.344589788314356 0.361912198079195 0.430029666308192 0.42953748531672 0.425499173263603 0.42845429429227 0.428724584046197 NA 0.58175703918395 0 0.281357228750498 0.430315272334889 0.430460117528134 0.426549778511862 0.427219494173075 0.431142138277718 0.430641387100623 0.429715032706737 0.43004612534387 0.431217461708535 0.430636875504551 0.429095523572374 0.428707994865136 0.431025623269545 0.431455393967962 0.430126593516051 0.431012300063611
0.263383975634843 0.263185519168587 0.261994668294015 0.262841072663077 0.244257540691123 0.25018765236636 0.245206606849683 0.249209739062518 0.262619315109374 0.264350924274972 0.262368714776194 0.262662694869267 0.26267348396304 NA 0.296304014021819 0 0.2032717512199 0.262666174668533 0.263418707105253 0.263864546059704 0.261532689085025 0.263444804940746 0.263900498478859 0.263847097463111 0.262671750389656 0.263263030524431 0.263741965572628 0.26415673750805 0.263390189765171 0.194150785742802 0.263345387717742 0.265220659534266 0.262786788111134
0.143659463573101 0.14367788349293 0.143043761911812 0.14465808945777 0.112241369209508 0.121650564127183 0.121748762347058 0.122384927227311 0.144294245603764 0.143192787530872 0.142867143039358 0.147815753430238 0.140366237668729 NA 0.221868760837167 0 0.103553916235786 0.143237483622174 0.143563144023939 0.154080195756909 0.144771453329718 0.143252959271341 0.142734166059029 0.156573228220495 0.14311466228224 0.144206391264412 0.143501794095612 0.143304905869513 0.141924835110756 0.143576742895047 0.143238012624934 0.159042703794367 0.145244567313149
0.148637562659994 0.148164632919069 0.158697191382423 0.163934445910489 0.135971269174832 0.145249997848029 0.145197690156425 0.147639639262144 0.155607293672226 0.154358868223551 0.164660610753176 0.162831495670798 0.158390567530166 NA 0.197352140176823 0 0.149751204918035 0.148002355588929 0.148494440216594 0.173824133438469 0.166943415853946 0.148422402653349 0.148795322999986 0.175571401122115 0.160321921956237 0.149485669927958 0.148154917843378 0.157011357074483 0.159295477093531 0.148859330492711 0.149298605257236 0.179493145175343 0.163774069423416
0.549026108186228 0.548916174741439 0.54730431013152 0.545238515588425 0.46399556723751 0.467404677987571 0.473437548065702 0.475265877916121 0.546928763438405 0.544876262490219 0.545766609795098 0.542361790028991 0.543233360956059 NA 0.583479593371976 0 0.288284826437898 0.548651562063846 0.549016918675154 0.549254762279087 0.529918548599991 0.549594683778225 0.54845102962716 0.548791628024345 0.517730482561098 0.549226246580704 0.548745944550296 0.546119180308987 0.543697201556625 0.549495071433334 0.548677596404851 0.54930151710095 0.524316723760778
0.457722561860356 0.457763983131193 0.457224363302973 0.453293417946103 0.40525732536271 0.406973755917892 0.411150595355615 0.412735596248544 0.456520744458643 0.45702333240741 0.454880410331714 0.454542004101695 0.454612743122546 NA 0.496646867307443 0 0.401660929445406 0.457915568963255 0.45809953365441 0.453425449488889 0.44559686292009 0.458589209293253 0.458276730951542 0.455763118544582 0.454276694890193 0.420692506942631 0.457296142461044 0.457535363964886 0.453157341055667 0.458878806659559 0.420313186652246 0.458007646798491 0.450712293560333
0.452818505888775 0.452924263693312 0.451947705727466 0.451472279990512 0.359996471466706 0.353116422822757 0.388238777878351 0.378387678254333 0.450182643252093 0.45100038660561 0.450600020265289 0.44839194914503 0.449448917341615 NA 0.704922352339233 0 0.368096458731196 0.450992992286702 0.452107387750503 0.455086038545315 0.435539290410437 0.452256165680234 0.451467581776819 0.45406743624524 0.424455610801615 0.450692250655488 0.451666482207648 0.451535288963118 0.445779505506291 0.451114197750441 0.451342030684194 0.452490633819662 0.450612513645884
0.244035590280678 0.24321765608748 0.243960362486684 0.244046330126465 0.202227973761391 0.194147838001965 0.196393138131409 0.200947984390841 0.241590560074748 0.243284812958468 0.241809256313784 0.241247112840731 0.246136738721209 NA 0.276476245720034 0 0.24785391958508 0.24443976635553 0.244244288640411 0.255196469124631 0.236603243476363 0.244090731842691 0.243202455043174 0.261259995507612 0.244675846390735 0.243745000876764 0.243645422342066 0.243564465311521 0.247017108460037 0.243770984788809 0.245022735783748 0.249730103083425 0.244173865027624
0.223847681148268 0.224567561255089 0.225765611898991 0.223415691923964 0.187419399165553 0.186792789498087 0.183254885113943 0.194988341503923 0.222493004650236 0.221011976935027 0.226404258106561 0.226067778865957 0.225102575542608 NA 0.303103535904652 0 0.220104393253445 0.223062911258206 0.224902304477801 0.221809355391 0.224111193819981 0.223278708903934 0.221732607068881 0.225314810483628 0.227002989936112 0.22107486825972 0.2240420257977 0.22097858221826 0.221524981125737 0.223805846181653 0.223022741021908 0.226388684313766 0.226389268166237
0.270449630522449 0.273047382817281 0.325614021434637 0.381518036400926 0.302636068513311 0.305450595422699 0.308054405814852 0.307931043223434 0.39467903137728 0.380308080606387 0.377304148845235 0.405935117932623 0.393721255446339 NA 0.290024638945662 0 0.332366713206977 0.306876897484255 0.26980962167249 0.401452967610174 0.375235795907764 0.273060820656996 0.270317135514947 0.396994716331633 0.374259031900342 0.268392444322387 0.268490388351232 0.377697449779764 0.385883894752116 0.309436944426243 0.266557535413104 0.389825413229906 0.373936250487347
0.302746332641967 0.306655999288592 0.300616154879274 0.301157382577463 0.234483954795093 0.254337019127879 0.250428691887358 0.259181323707428 0.303901719088649 0.304388300806455 0.301387141459418 0.303036401259122 0.303600694599804 NA 0.505525755946513 0 0.198936436315946 0.304735519798211 0.30765669683307 0.294139725436934 0.291028615289023 0.305208272991855 0.304607747264093 0.296875370099397 0.300849907180962 0.301579581761156 0.30168935157035 0.304103934695847 0.3054893532377 0.301192245357055 0.301960583577079 0.296017076083058 0.303456873121098
0.186318073100013 0.173124540984927 0.175849745503927 0.175045435254542 0.178419950418537 0.178621573111383 0.182906459093588 0.181921700528085 0.173737479377787 0.173263521230726 0.17692346098164 0.176291648716631 0.173676570488107 NA 0.325090310073823 0 0.186414689618026 0.173031487987288 0.173255576475681 0.183949863948127 0.179699927511902 0.173639856712687 0.173652380289313 0.183352428535676 0.178110932632916 0.173409278651942 0.17340970450882 0.174364137959171 0.174533800662381 0.173144693889996 0.17311577843041 0.173921597387454 0.175601921427669
0.440564900717929 0.441067747363416 0.441746684901553 0.439788479978399 0.417904081752409 0.413777961498965 0.418188566256509 0.420282770063479 0.440404789663553 0.439806684999459 0.440363439198746 0.441337053892984 0.440451834074369 NA 0.579099629902412 0 0.186170078452526 0.440394713320716 0.440882467651937 0.436809844785674 0.440409973859992 0.441116356396499 0.440745808735347 0.44056159378134 0.440167489390428 0.440725530172189 0.440258951602167 0.441088012143443 0.440460943818292 0.440523834881511 0.440822236761733 0.441508347798108 0.440407140938329
0.373776583679877 0.373870808503103 0.374469469936717 0.386973047247222 0.293012520504674 0.304568234014318 0.288461004859157 0.308405924238584 0.388484296156404 0.38165910428703 0.380354526461466 0.388220732377833 0.386954690854772 NA 0.501886770173195 0 0.290258812457075 0.374383708131844 0.373152230982793 0.402851939900903 0.369448201300905 0.374079060148639 0.374417252064932 0.41084655125071 0.383306822268602 0.373380783111522 0.373943473553909 0.407681324560103 0.382089827855767 0.37465686066021 0.374073088574613 0.396917024132588 0.391986250415492
0.37201002952996 0.374646945522739 0.369493884878348 0.369987615529488 0.277274626736173 0.283147210667583 0.277395032070654 0.288687572693558 0.372482368857317 0.369808508150873 0.367024858559786 0.367599892201165 0.365991953217364 NA 0.458227691868942 0 0.251782358928622 0.373590089332113 0.371366112814265 0.367281420134217 0.354809953879662 0.372195684338936 0.373737030955743 0.372090026137363 0.341906568406857 0.374142391043222 0.373300187717807 0.366043336453151 0.368177989633138 0.371605226090419 0.373699455733479 0.366135960305382 0.356813039972425
0.384392203813972 0.315182054891712 0.387188513755375 0.381933521284062 0.315392890911653 0.312209682996026 0.313445488595786 0.318935757014758 0.38602804911889 0.385038713910686 0.38178500335059 0.384050134772583 0.383081709308012 NA 0.464723439384387 0 0.272872774442719 0.329383866678506 0.302744892125656 0.389883066326363 0.366050075101237 0.38786329331514 0.386801696520233 0.388679987025902 0.365667466216451 0.386239786330037 0.385628068655899 0.386837357499423 0.370136180478523 0.384452974912854 0.323820902812989 0.387869209217366 0.379910598038249
0.684053375679257 0.684505922999413 0.597392112880301 0.59676164742389 0.636685898234121 0.62658854090225 0.63055094776162 0.638391835978737 0.596476101989958 0.682283119099339 0.6835894812818 0.683326930507328 0.596494015740948 NA 0.773798892687569 0 0.304890348736869 0.597231073744575 0.571440317993438 0.683301479698533 0.67367372150956 0.50758639281493 0.598200051324115 0.682694597013087 0.663307730862679 0.682719781100476 0.596565339804065 0.597440543162138 0.680661022200135 0.483011187410651 0.539869104046292 0.683728683687452 0.681473212088282
0.539196782559339 0.539804809526728 0.539036644493078 0.537893022502861 0.451809266503784 0.44714266572324 0.46288197300532 0.463560507826857 0.537180632908792 0.537326441999827 0.53756765455435 0.533928515555371 0.535312779493643 NA 0.633733026044965 0 0.317051238841167 0.540286821639618 0.540397803064157 0.537601231198078 0.512987565191044 0.540287051142469 0.539392190791538 0.538757191354715 0.523489781825275 0.541123176427608 0.541760696734244 0.540814628192869 0.537068428100589 0.540749648654616 0.39410646717813 0.416352389447385 0.519977227212439
0.42897083469649 0.428737280714136 0.42930134787938 0.425312825655269 0.35908169287915 0.352839762667832 0.361403568442006 0.365494827501846 0.426331061738897 0.4257628908095 0.425377142625869 0.42446925136387 0.423769129330594 NA 0.514893657615586 0 0.363279093625726 0.428783660042688 0.428548101156488 0.425056233704399 0.406463178838535 0.428928190320225 0.430576884341459 0.425554856061556 0.417420670654971 0.428688619727424 0.429288158435719 0.433788987046994 0.423061067120015 0.428271033919846 0.431552723891799 0.434724816422194 0.421039201932579
0.303638683654486 0.306028074708175 0.306520137389285 0.30654510478787 0.312836308478211 0.315530676703309 0.316063196219725 0.316063064597884 0.303217869991934 0.304643059792093 0.307081403583416 0.304906624006576 0.305452930173494 NA 0.383775853709882 0 0.274394482302333 0.304888873718889 0.304552715198269 0.307765135566542 0.315168999880386 0.304943969782303 0.306152056654538 0.304896836514086 0.305287166056477 0.304664910900282 0.30515780391653 0.305787917475726 0.303782609238181 0.305380158154757 0.301750024015162 0.305249876907517 0.306448532958991
0.327915865341436 0.399855850882716 0.399476956751744 0.402616475565063 0.372241117345172 0.364153729055035 0.35885012153491 0.37678663081137 0.397226455185432 0.404036901667651 0.412260254080581 0.404044379656449 0.406926128780832 NA 0.353651973351715 0 0.390540303598031 0.328936103408013 0.405954982567375 0.410319198126929 0.386256586148457 0.327944207906149 0.326706935424868 0.414675325012614 0.407405422480622 0.328173803370659 0.327321308767777 0.397528137800096 0.389079146798557 0.326759410930447 0.328899507127121 0.407053303994695 0.40283465886759
0.26295582914283 0.262927495778241 0.260368220093801 0.260235186940105 0.20150714836326 0.207984607786373 0.203444512530881 0.210316192121077 0.260933780959392 0.263311421513031 0.258591498653553 0.257217935730324 0.261128679659866 NA 0.284253585938331 0 0.19810483754973 0.263574454061416 0.264250631011042 0.266706962475496 0.245295556197743 0.263880447594767 0.262341305582678 0.266036298459556 0.254207930233705 0.264718541225424 0.264685510116464 0.263834869347943 0.257019341538228 0.26392365057051 0.262972303756303 0.263064668942304 0.245914832716411
0.264091955828546 0.264050648389866 0.284582550790037 0.283194687549173 0.217153284442483 0.230686937480166 0.223586674674769 0.229106225601758 0.2837407456725 0.282117864334647 0.28279471767135 0.281695296240917 0.280538835624695 NA 0.446234505839468 0 0.176208444798803 0.277521854231101 0.263817515196988 0.28592808640476 0.269269681187116 0.26371892834868 0.28289668288211 0.284681954128009 0.27095418138654 0.263908313024381 0.263557319683023 0.281131953566808 0.281216037562888 0.284469529130404 0.285123219321872 0.282727093989765 0.274079029013689
0.438130198465949 0.481208122541153 0.486978718603976 0.484816931926722 0.485779404204724 0.482209429926398 0.485457529541219 0.488133901034318 0.463223499803783 0.477860037041014 0.478885873703664 0.477857874621311 0.482996486606776 NA 0.643034004067025 0 0.441927271822325 0.438265022658332 0.476301218147101 0.490804404069502 0.495697729122463 0.438068835154017 0.478832266681151 0.486178252040931 0.48096112425225 0.438201977692174 0.438276815816029 0.478641419881529 0.478774666119936 0.43851191517133 0.437733103388627 0.479881905058312 0.467265628892581
0.416439586101136 0.416513902826544 0.415031668591163 0.413721226485214 0.36795937126686 0.370429892986748 0.364002486854169 0.367050627977752 0.415848692824567 0.414312900947795 0.414939739318983 0.41350434399521 0.41150586705077 NA 0.454466196147795 0 0.246345414984576 0.416230178727873 0.416138284849047 0.412377826365673 0.408672766755301 0.416287365787526 0.415820188219322 0.413881621847321 0.410064715593531 0.416301611986472 0.415466486330223 0.416406243245219 0.41301147237751 0.417041921245794 0.258366499469552 0.416003011898329 0.412781771648719
0.546533850757665 0.54677269228872 0.554299420291696 0.559607907532436 0.516128010774606 0.517979026042077 0.519436229079572 0.521033852346957 0.55031199192377 0.553657385413248 0.564638277529851 0.561269324118512 0.562642910518498 NA 0.582958679494892 0 0.450437017213557 0.546960160559284 0.547143151440036 0.557461732561474 0.558793792667476 0.550837504043653 0.547768098097607 0.569065324768788 0.555622070363004 0.547061112719431 0.547412777104619 0.575491546051402 0.562950789007912 0.547037959121571 0.54688131581278 0.566985013339829 0.558761773555442
0.353534394825822 0.35394340354178 0.355806215121151 0.354526640930824 0.356808811636285 0.354589151435473 0.359321636844326 0.355189271201252 0.354049954668149 0.353283504857902 0.354025721614251 0.356418003869916 0.353930952895157 NA 0.427849824261477 0 0.314299439359324 0.353891186344738 0.353777318609215 0.354925673353318 0.354850710842077 0.354365872415998 0.35345460820704 0.358394760604795 0.353713647407295 0.354006471831826 0.354389893374646 0.35350720598358 0.353632498769493 0.353800717286703 0.354392769020871 0.359568448598659 0.354305303894312
0.260370101765345 0.261532535049984 0.259151536527508 0.258020935555129 0.205098754088568 0.21118033506143 0.227803424174749 0.217918566733256 0.260943278929896 0.258302436616407 0.258394393183472 0.255691919683382 0.256335451410256 NA 0.409683340957831 0 0.254548849549467 0.261186265564549 0.26086359576178 0.259625434194424 0.254863733846574 0.259022710402597 0.261424753807831 0.262878946900945 0.252632195165013 0.255968692865636 0.261284712782171 0.260131414439791 0.259002735547591 0.260947862043784 0.262694446429097 0.258301377035657 0.260657464461165
0.216398533404372 0.192533587767798 0.189471915412052 0.196470448265275 0.207809951971372 0.209549909024828 0.20020653133445 0.235026190235554 0.19023866073402 0.187230766652306 0.19491887752311 0.195696298343491 0.196746900024123 NA 0.44541062735927 0 0.21728073995975 0.183449831025863 0.191480512289544 0.209906911689754 0.236114697795886 0.182007814972827 0.186382257603238 0.203819990367725 0.247246081662086 0.182450837843249 0.183934382711639 0.206586463807852 0.198496440108864 0.187397913684196 0.190008725356374 0.184943023910937 0.217402647062171
0.625580850652018 0.625940821915271 0.62577402438552 0.606889371635032 0.475423875183424 0.459739655361938 0.489791496674517 0.49416397683625 0.61997633821814 0.612961462813721 0.621434968067953 0.605904939526901 0.596990824579495 NA 0.642193990624807 0 0.485658423623036 0.626155914951675 0.625890704119659 0.62560049823585 0.572066007416153 0.626269746356045 0.626165972622086 0.623486009480086 0.545708062939044 0.626040984726318 0.625622973303128 0.626288305258144 0.557245476158069 0.625890628354458 0.626283863677807 0.626372174688102 0.581625701105562
0.299567553134623 0.305967213934218 0.356239481484846 0.361384800092081 0.304346444136563 0.301664116245622 0.301308754393712 0.310526894702202 0.35395356939849 0.359665856676239 0.362010508665791 0.363347128639252 0.362718881145667 NA 0.390411009756691 0 0.233255166865867 0.294948067391159 0.293936698614132 0.351012189255393 0.355054203450043 0.331916385235977 0.305554054921742 0.294729688470129 0.353872741398815 0.292255313740914 0.300720028018307 0.359082804869941 0.359915523953904 0.300690897891677 0.30134262978292 0.360595579771297 0.353257297369402
0.484027699176841 0.483517823998631 0.476900750643919 0.474217593577493 0.439842823984801 0.433297431889817 0.438039594378983 0.442963083812111 0.470906576489648 0.473473767262142 0.473443167183493 0.476882117641652 0.473130201566508 NA 0.64644397513741 0 0.332761854149541 0.483841755030714 0.483565780810883 0.468586807800295 0.456223601428518 0.483719681660236 0.483958669502896 0.471520569569245 0.469567272080994 0.483881610238322 0.483735297280316 0.478821990515527 0.475165363493397 0.483657792615811 0.483678290682521 0.476562652138029 0.472210474602746
0.424557720758256 0.415270013234935 0.415205515961102 0.416345945904584 0.329075142170738 0.361281065517386 0.339655592025646 0.335619005408754 0.409707930974183 0.452303163377935 0.495321267188866 0.414343152886498 0.445257578386908 NA 0.624721512145641 0 0.273526345788918 0.420146271053756 0.420516903075238 0.52200481586008 0.441239016173678 0.422352834050407 0.421156725564739 0.564733681177727 0.467259579803415 0.418403629557909 0.207946347226074 0.556692646938702 0.497749375537453 0.416287682692354 0.42045421612898 0.563945123008594 0.425338610838581
0.518185908691691 0.517911231273364 0.505970630657296 0.507598908819924 0.404356566317164 0.413042556284836 0.407785583062968 0.408897085475172 0.513661287265143 0.512382175671362 0.495678872513934 0.498954567958574 0.508095065475923 NA 0.521271871613376 0 0.51539981804883 0.517915301249325 0.518600886812139 0.49386097718166 0.483282771971117 0.51801309082448 0.518297912634304 0.507671902606095 0.495717733276364 0.518312812057947 0.518135320526241 0.51519127859861 0.511328404293973 0.518475174493537 0.518152904904048 0.515429553504138 0.506415559270909
0.161417601697515 0.161481767698432 0.179155828915247 0.169339899620683 0.193987644584441 0.195768688688399 0.205101929917391 0.199774636697672 0.162761563809927 0.162710402083753 0.170293799370117 0.175064162675756 0.172562344422453 NA 0.188241673470971 0 0.14545660105408 0.161168731530134 0.161121815273331 0.210093707909067 0.200140859249799 0.161519159570261 0.161505874934867 0.197137246026125 0.197166285794947 0.161550142405318 0.16276281098795 0.16142520725132 0.169535346748162 0.161675556027864 0.161500935980088 0.178705875678364 0.168727998399888
0.626515809038968 0.626235804431572 0.624279118778722 0.620618261355826 0.584199001561821 0.582972009856268 0.584440997475427 0.586024986317549 0.622008904707219 0.619301715516622 0.619953814914602 0.621524548488072 0.620283587332281 NA 0.535581768196355 0 0.244770856300707 0.626976554725855 0.345167320227739 0.619438746067181 0.613410438218866 0.626325405268849 0.625727545507004 0.623836853684855 0.619321981590374 0.560491781184868 0.625989363745421 0.62188140485259 0.620890968426474 0.626815210513518 0.625969790849367 0.621800898530785 0.620205441365933
0.235324970709302 0.235785996167818 0.231685469224169 0.231987818299378 0.211888297667554 0.211769807921807 0.213142207649271 0.214380732171464 0.235090384056358 0.234310317731986 0.231136847943306 0.232572708125637 0.230549321316496 NA 0.278184277099983 0 0.085032156362521 0.235253241151272 0.235119732339036 0.232128106819923 0.229384554501762 0.235480345149222 0.234202565410051 0.234219033378301 0.232342785526764 0.234673279175968 0.235488159427587 0.234932052285044 0.231521069235591 0.234685332764469 0.234907312907709 0.235293507306691 0.232715665806493
0.0421811188478591 0.0709557542875729 0.0560481008540942 0.0658143409168271 0.126931975339401 0.125859689709063 0.125322450873743 0.127256837403997 0.0443446709570224 0.0455498766113921 0.0788398448259767 0.066120233750636 0.060930948780368 NA 0.0421993461151256 0 0.046048948630071 0.0421854670250848 0.0594822379862423 0.0702952039763103 0.0970560347767771 0.0421839968374275 0.067084979325117 0.0851544021008768 0.0565937288415653 0.0421820781777152 0.0421792001881468 0.0481126461790413 0.0731012239390053 0.0421842960147898 0.0421849561672836 0.0439668146462772 0.0508147081426023
0.454508905521523 0.453936812177804 0.453428847637693 0.448955239512258 0.372247238598527 0.380699081174087 0.364297420903657 0.382539561482803 0.450747208363693 0.454649990686708 0.448749667721646 0.445849494046251 0.449593220142014 NA 0.498622385582619 0 0.391314084266253 0.403810258291838 0.454485624350036 0.44387928883572 0.445417943071304 0.403714391907969 0.454442327693498 0.445432532449763 0.446867884369034 0.456014463913455 0.408749883215163 0.453065611589262 0.451413773749881 0.453535228513286 0.45347076093929 0.451052769026493 0.450220178559348
0.444851884247526 0.445573471266354 0.444345671549059 0.440518656995751 0.385494114294581 0.38613396756527 0.386519098679028 0.392646614571293 0.445296371041981 0.441705164106974 0.439114006311801 0.438453354197302 0.439885257919081 NA 0.530432080502167 0 0.335953494474057 0.444666322596528 0.446843442991079 0.447932217881286 0.436781891101568 0.44690044582486 0.445554520464694 0.437987799784422 0.438557616590054 0.443393741901074 0.4438929624379 0.446548234014807 0.44324865655709 0.443255395805313 0.444887835728453 0.441635403620247 0.43693024575558
0.378662611821467 0.431882915119933 0.44506107266236 0.453575673183036 0.446261031811103 0.446014166515523 0.455069149195699 0.443190342845379 0.439699561675189 0.451248262640563 0.445730788098035 0.470057949493009 0.464077537586278 NA 0.398832857476289 0 0.429512273545968 0.378663589658882 0.428807834222836 0.472139871877597 0.482144126697774 0.377886316321323 0.445323078426099 0.456067765546876 0.481511160640085 0.396929542212959 0.378366127748656 0.460300851690363 0.442243167090546 0.379006933748873 0.37820930909325 0.423570918083405 0.462874221037074
0.229529497102914 0.229694886138332 0.23445775729296 0.232895872782752 0.204058814418787 0.201665548150162 0.200432986203664 0.21362616044998 0.229970704050023 0.229953400575549 0.236814613028443 0.235958671052844 0.235205982009861 NA 0.296227903547834 0 0.225866806133902 0.229306216900568 0.229923872999602 0.251885482825636 0.233837847785857 0.229727119839815 0.229604747284912 0.250227605991352 0.232166512180835 0.229596780625802 0.229127737963109 0.230287198259145 0.235303766662843 0.229603435462851 0.229618888883474 0.231158620422596 0.232704453407215
0.245727895970679 0.259728488108475 0.268045351798116 0.269218861836933 0.292256278657384 0.291973510598447 0.292603187138162 0.291770578198879 0.261049800453438 0.26472791558892 0.273607833306557 0.274477192064489 0.269942626979587 NA 0.256507912933979 0 0.255943608028749 0.250414151892713 0.248964826545698 0.270602378827327 0.28382811227377 0.253032957929482 0.252022625547031 0.268621989797968 0.272606027769014 0.251239132074165 0.252218698337941 0.262954658475818 0.264635792619504 0.251362780416463 0.25012415781333 0.252362945899737 0.269641729265281
