"U_1_Gam_alpha2F" "U_2_Gam_alpha2F" "U_5_Gam_alpha2F" "U_10_Gam_alpha2F" "U_1_Gam_alpha1F" "U_2_Gam_alpha1F" "U_5_Gam_alpha1F" "U_10_Gam_alpha1F" "U_1_Gam" "U_2_Gam" "U_5_Gam" "U_10_Gam" "Sylvia_Sparse" "FM_RevJump" "MBC" "DPM" "FM_Raffaele" "U_1_PC_alpha2F_01" "U_2_PC_alpha2F_01" "U_5_PC_alpha2F_01" "U_10_PC_alpha2F_01" "U_1_Gam_ProbKp_01" "U_2_Gam_ProbKp_01" "U_5_Gam_ProbKp_01" "U_10_Gam_ProbKp_01" "U_1_PC_alpha2F_09" "U_2_PC_alpha2F_09" "U_5_PC_alpha2F_09" "U_10_PC_alpha2F_09" "U_1_Gam_ProbKp_09" "U_2_Gam_ProbKp_09" "U_5_Gam_ProbKp_09" "U_10_Gam_ProbKp_09"
0.0576763360493319 0.0550075236169297 0.22902445878341 0.843553120511639 0.716147909038248 0.711497246860725 0.743767921853905 0.753057670674084 0.875390955555539 0.886325639914765 0.869915468069021 0.877037759085813 0.881329793959814 NA 0.943486833811808 0.338605588173944 0.172576771107246 0.0281702083058448 0.0573525872174386 0.344215736721286 0.954000855030606 0.00686877964182584 0.0564940013731261 0.441750346249305 0.947295666867579 0.0295663891899944 0.0449214021788026 0.293296506707527 0.949830638189025 0.0243799970368615 0.0588685967537943 0.322800979438608 0.952592062255021
0.0619372485204072 0.0529047770251708 0.181847267094896 0.854115474627149 0.741416284685599 0.727590164272737 0.748634593671099 0.764798126012872 0.566100880812846 0.894163808379552 0.894352827077713 0.887543959563703 0.895989378825137 NA 1 0.335180875174565 0.192594961118023 0.010583241851032 0.0998896092526068 0.25259309344057 0.96455427570315 0.0512784660362325 0.0967312516952926 0.261926302450747 0.960341061663434 0.0489696267283893 0.0634163733951423 0.230071418729412 0.956796377467477 0.0914573225592107 0.0849203891833386 0.254637209665746 0.960734323161002
0 0.0493156526561902 0.279573442510479 0.750307191189329 0.684291915569374 0.712468855076378 0.711213141799053 0.730918071479727 0.80318369023847 0.744847791199916 0.835528987467231 0.832976314229044 0.813624791043002 NA 0.978264758125237 0.329239213094342 0.172988711272915 0.0332578640132948 0.0526841560081274 0.433965245800875 0.925897473374051 0.0207442925925941 0.0681621539660577 0.356794724826393 0.907676746415915 0.0258651431989851 2.37090504745531e-05 0.330757249222952 0.918809306047538 2.07643015522968e-06 0.0547008675420973 0.529395953151465 0.922823736145456
0.000266727081765722 0.0371715164867615 0.235367280527947 0.656100781721483 0.67888350070327 0.690375043095894 0.676029007533977 0.708377905142846 0.676414351566438 0.709482772153245 0.706000579938582 0.679440039100104 0.762547859982306 NA 0.253239616053001 0.282710547036294 0.168270806668097 2.48701406554072e-05 0.112870461803705 0.371301039719891 0.910132134541203 0.0210788645387152 0.0407139282959615 0.410164105533732 0.874410897100693 0.00741112221226329 0.062110835207954 0.391757397515811 0.901779942021024 0.00872227665009204 0.075586402804481 0.420128495972918 0.920347257960178
0.104573434755288 0.0905071307041063 0.222834238628801 0.687127067723606 0.680788080383207 0.669753700280016 0.682582797217142 0.710002550946165 0.767559728901031 0.79163291488859 0.719797693363078 0.784258831977775 0.778479694037347 NA 0.95367497469581 0.288241422556199 0.202177427612445 1.19777109467137e-05 0.0981560186016065 0.351694315522492 0.902944431736118 0.0977294265426008 0.108462785469875 0.332741982194663 0.891216948028049 0.0928253373628517 0.10942257768399 0.299809088524656 0.90164396530826 0.0937160400508816 0.11463760000617 0.427326257525982 0.911157952277887
0.0537880963521504 0.113629665568249 0.222546391986199 0.812128624128252 0.671677978422508 0.695343404812697 0.706865003967031 0.722921933875341 0.828047543306462 0.860437353500444 0.852785368958289 0.860542029564417 0.846500173229226 NA 0.902508979616888 0.366057650976657 0.203339900544961 0.0662348934674946 0.115788230834622 0.390899938884913 0.899638189773228 0.0525933233552488 0.105846529070357 0.414669465235089 0.90262595693324 0.0915221325578866 0.147094928767912 0.308558732489419 0.899109529576079 2.94911849005127e-07 0.060289390173111 0.418851550188993 0.894630853657702
0.0974682936288451 0.101534167558003 0.378525856551952 0.789328855508839 0.695787550105981 0.69360525180181 0.71320562117152 0.726202160499286 0.777896222025434 0.774226507658578 0.798489965428971 0.79733278361678 0.839465733182984 NA 0.981413283056716 0.357716228345681 0.223140445092022 0.0867487663526785 0.101618279690998 0.465231349271948 0.884103790125741 0.00623192683132222 0.116161565727346 0.44576587819004 0.880280257720817 0.103800238173495 0.0458034746970793 0.437141497587062 0.883555278678134 0.0985835926997577 0.112678997984919 0.494619691015472 0.830912996912466
0 0.0616682716904392 0.148485734636034 0.599379482490733 0.693894461659069 0.677958557381597 0.700368565828448 0.716837420323429 0.375166015266908 0.735450000552701 0.773371656353122 0.753579082784785 0.764714777752448 NA 0.983880647007104 0.323198510149799 0.163288382040405 0.00643030143626989 0.0696737328946018 0.316977410347413 0.922859103106906 0 0.0703398246700723 0.286440827145635 0.910943316939369 0.0197902264524705 0.0185223917550611 0.239255486186034 0.917252996116489 0.0162743025480742 0.0165991053274528 0.327663577936681 0.923765088556528
0.106350023763954 0.0481229927587019 0.395234818753493 0.852217574194055 0.729346165493979 0.746259840562606 0.78434107675259 0.774761067831365 0.890384017637313 0.908132715761949 0.914259995293041 0.908362968247982 0.896548901213174 NA 1 0.414812903747302 0.226320012977857 0.180973054317905 0.107547265315407 0.444492311323735 0.944051636389383 0.127689067544543 0.0962626000104985 0.447639560097033 0.948376100469861 0.182461267821866 0.0475403166426908 0.414390106345151 0.94361066539004 0 0.180054105116607 0.459051361080021 0.934095481629625
0.0941468576194612 0.106969601653754 0.385447743611341 0.641676521196739 0.674435349532008 0.672395151662488 0.69850626412109 0.694930509475517 0.66245389831988 0.663041178587766 0.614320718384775 0.712539036945788 0.770755491020291 NA 0.895562889248206 0.305047641489769 0.249506443060479 0.103983245994762 0.111707641186391 0.442907826364207 0.884539823364657 0.101952372672247 0.111554684569699 0.427326672990357 0.85348856352921 0.103693701291432 0.105081351191406 0.423126988341841 0.875211774464198 0.107298794054711 0.127699148523259 0.465383774692397 0.884443056803372
6.91846228072563e-07 0.0857122323169278 0.218649628020848 0.782169933573975 0.712265248505724 0.728108944197085 0.743345609749814 0.759078771318449 0.794448707130598 0.880926560161437 0.89290888228486 0.891329302037559 0.900124344405248 NA 1 0.343560659827477 0.185368124616759 0.0773004977696469 0.0930583936480454 0.306406283636644 0.957825094361555 0.0141982327423962 0.0983250269742919 0.293109068119019 0.952575151608443 0.0733506939252758 0.0659882713108589 0.265981393589933 0.959506911130722 0.0313974205704969 0.11797998093685 0.286621348390013 0.960615251400574
0.0557584909550949 0.0556437407902792 0.501413104703344 0.674973037814567 0.666949033371925 0.667744655801869 0.671019243478785 0.689285210889474 0.635908626460396 0.615112349709939 0.716416168124957 0.787386144241946 0.789905249118172 NA 0.956045712459043 0.368452355265516 0.178239433499392 0.0544446398874172 0.0585136651640936 0.535320640951809 0.837802342798886 0.0549723186946967 0.0558644669487709 0.543146272991335 0.843551776403997 0.0438201966345531 0.0614426410384959 0.531506744811219 0.83360503030282 0.0224974546864416 0.0618227475224369 0.565325667984131 0.820894561913987
0.0453905984130071 0.0473987697662774 0.230056155443625 0.695818741315587 0.688341543961423 0.701751129320993 0.709788825671522 0.718483321551215 0.697728927893012 0.811625467742472 0.778130183184245 0.80847750555152 0.817730803449968 NA 0.979427659477199 0.335079085456818 0.199451802430025 0.0460502513061666 0.0490431340469608 0.409995528282196 0.911914151838753 0.020104039278875 0.0491310149306727 0.40103153749973 0.91018825974883 0.033825863140944 0.0476894638540513 0.342666672735358 0.910620957578468 0.0483360505437726 0.0455121811517425 0.370103236459695 0.913063320785837
4.3597898724226e-07 0.118254535385153 0.184797794434757 0.403798403882749 0.667577087558039 0.670250371245766 0.678110091686817 0.692299765747257 0.677160266221932 0.35247266156247 0.277949661258929 0.74445631483708 0.653397114330434 NA 0.591966190380358 0.298853238752595 0.159514906757035 0.0739764120384386 0.0751609427490439 0.275840861233705 0.874338029897932 0.0791459150481362 0.115915155089611 0.28644407432866 0.858265488037166 0.0704473848508217 0.105163427174274 0.25073229459542 0.86656088593235 0.0567795765889568 0.0785236376633845 0.275888288993913 0.88881218698448
0.0898361465758852 0.0909635031293935 0.426301208958819 0.793152505921453 0.709995244909536 0.733308395140327 0.736216968084513 0.745013913565499 0.826925227780486 0.844099874539123 0.85142773147503 0.857380670695433 0.860431231020692 NA 0.977267059693946 0.351003862744376 0.248950859269336 1.71266544331617e-05 0.058950240616028 0.463858041502274 0.924924983730453 0.0556968191301398 0.109153970576767 0.467078098484502 0.922122881114349 0.0628660930003855 0.127958636149508 0.464292036585366 0.923064641461047 0.0939565816728602 0.108034810454458 0.476317562520954 0.924914222846154
0.166067577106065 0.167275934622146 0.278334229529579 0.610153015801481 0.677956329970414 0.675802252173057 0.698412598354673 0.704320490442221 0.599604288244643 0.644641517119518 0.740057226152318 0.740497255569377 0.750635761932837 NA 0.972819733056833 0.325456084764357 0.206696032984897 0.165533510931694 0.167329277912684 0.325912259473488 0.888802631974986 0.161085089475674 0.168880964763883 0.322044167718737 0.865654110735232 0.165124970094938 0.177852417199265 0.308344331079772 0.878004059337033 0.16248452019881 0.178019295430757 0.306938018267286 0.889885059664812
0.0031354465834661 0.0462915166161129 0.227406404262554 0.720682883425028 0.726819671292404 0.706910896009526 0.725925959548538 0.740390038251462 0.741360619103828 0.737384011373053 0.75233696581753 0.842926349824616 0.843183949239744 NA 0.97988338819682 0.336289329812957 0.180450326039658 0.0476735941958869 0.0507510980066725 0.322144869149318 0.916334958521836 0.0191601703601784 0.0622915638218642 0.322444448169181 0.919306081070632 0.0454972555908511 0.0474564930346074 0.264100599658872 0.922688179914707 0.0457128609006861 0.0584471195503516 0.307817412951428 0.930470009137968
0 0.136210498057364 0.338821254092151 0.610089946222179 0.709493009389683 0.699287226119413 0.712364516264308 0.72446794935794 0.612980635142173 0.61151526233606 0.700682351868387 0.739015826320637 0.791772247263987 NA 0.978462696841333 0.326600868938217 0.227942496456497 0.136094281155197 0.138156904046405 0.384142750632154 0.904077288147778 0.125034480834878 0.14119752026682 0.389074340908717 0.889228494246265 0.183075840136848 0.136445449617223 0.370262223950946 0.893153485264275 0.00427305177895064 0.143984601424614 0.404609558577311 0.910925550392918
0.000397795718023188 0.0352534106249385 0.160399328086812 0.816048789222297 0.722435354225575 0.731548217190727 0.746502037866555 0.751239347590398 0.848455293496926 0.886635382668276 0.876948683422161 0.887819709752652 0.881466474290984 NA 0.971027216856892 0.326941683179101 0.157203371464744 0.00419253273930331 0.0308622466254134 0.308578807233874 0.943044932761623 0 0.0511520069131785 0.324637545262482 0.93506246557494 0.00261883978515577 0.005742478564423 0.257149407833908 0.940137053109926 0.000250895730481959 0.0250416711002355 0.339334698249801 0.948675594286069
0.0884401757666705 0.095379663580871 0.329235440463172 0.520285587675645 0.623850066503214 0.629563217358385 0.634415146123788 0.653433981678046 0.44014984441711 0.515694878008368 0.503468606014549 0.586472693070816 0.655190280562601 NA 1 0.289243628132234 0.215155517516627 0.0927279121834465 0.101006660387019 0.420199442278854 0.845407790077243 0 0.108654211666717 0.424730049379233 0.805041269980407 0.09393509262879 0.0984433084087316 0.39196396920255 0.837900977268817 0 0.117187003135408 0.434435373104364 0.863972010438008
0 0.0619566072381737 0.386574199743196 0.895148119813544 0.744564719527236 0.743957061695139 0.751226484407981 0.762384224187066 0.879835154234187 0.902261193027466 0.901627499393287 0.897513827990919 0.893439884415784 NA 1 0.367028729126772 0.216621604161209 0.0296140922623339 0.0614248731507909 0.490899255369854 0.943530745218507 0 0.0716641394368092 0.482802792041744 0.940994570824273 0 0.047936495103242 0.406055669545057 0.944075969685919 0 0.0678689404636378 0.505765203137141 0.940103558369931
0.0208272081015839 0.0742929890930636 0.273017808820819 0.805281542386636 0.7422547360556 0.738217518619504 0.744079979443723 0.768151037358298 0.887618322422642 0.859659131071154 0.885102500480997 0.902256097414088 0.90166450718528 NA 1 0.317883153832239 0.186343098799774 2.8132028198704e-06 0.0741039352540602 0.370192892670558 0.959131840140952 0 0.0962807716690892 0.372987397257136 0.959713883669967 0.0395935168560682 0.0703032553366936 0.328305372671215 0.958554862277796 0.0125609968409957 0.0923753450339727 0.438507788308547 0.963220464835946
0.0614723677517081 0.155092037107416 0.379048013758037 0.806370138310394 0.734293071658998 0.739848209120016 0.752009035538079 0.75740796101249 0.833199286153937 0.86569566740085 0.814170456877193 0.871457252752001 0.884864194685567 NA 1 0.344714726740342 0.215678140046918 0.12346643009688 0.126931493331995 0.445809980455679 0.940543895691959 0.0029952836513508 0.141270542466778 0.544362681086457 0.940866806562438 0.028245026209768 0.12488960765581 0.381755540148879 0.938385828243918 0.00115053609802488 0.180472433357972 0.569618749585477 0.934938883735848
0.0363397942857152 0.034389643675758 0.223141907741977 0.745448469605272 0.722970264423591 0.713129076273413 0.750520255562429 0.764703438248386 0.821309881151207 0.591859735643245 0.810713626735931 0.883608275110217 0.878500122016499 NA 1 0.32626201149827 0.175106942194865 0.0301488058098729 0.0718417109652444 0.320205363988933 0.945745729702175 0 0.0594748298860116 0.309621448306512 0.940845194733889 0.0144070334733411 0.0331562313356891 0.281484291350214 0.944311418739044 0.00704475890615529 0.032387564993874 0.346927869742236 0.939841964711494
0.18469310787579 0.187505475849079 0.309476714135466 0.647174263884083 0.712645792195399 0.714534899941369 0.714527160292971 0.734989141898153 0.623025360771218 0.695032584533239 0.775973493851519 0.818057022760715 0.810168636539477 NA 1 0.353022981887283 0.225917954394033 0.185901990987901 0.182674951179943 0.405649886259824 0.910968053301217 0.186137608536778 0.189508215723321 0.346220528578194 0.910252315757456 0.182674704799066 0.184704498248507 0.331186599077685 0.89885191123649 0.185954551779908 0.187225473691015 0.341976270032197 0.902135320556032
0 0.181267823274526 0.382920930217741 0.896140743901986 0.744771877301252 0.730835858844166 0.740962648370393 0.752328052494339 0.871139508267549 0.869163003604081 0.887609788352793 0.907869957472449 0.896602235233046 NA 1 0.37042444442965 0.189825891146043 0.181655772829927 0.181947702422034 0.393686256281979 0.93784901638022 0 0.1832043554564 0.420436796639245 0.945760584666024 0.180479330951314 0.205734223540541 0.396054255485733 0.943937355715989 0 0.197604401573495 0.431223095359831 0.935426650034979
0.136658780589657 0.153025829102404 0.294543321376673 0.65869532723417 0.674194791545307 0.69852002889424 0.70479034697881 0.712455580153549 0.711432465656982 0.633242118383885 0.798970566998273 0.801540950866882 0.823982341332202 NA 1 0.332388532515731 0.226309620092959 0.136270292972969 0.141101741629606 0.433814817394132 0.885059425459091 0.175239394991658 0.145164610362161 0.393120934326494 0.889834807365669 0.181108636083093 0.149988657681007 0.395133825501979 0.894631320654526 0.136828033065742 0.142891470725888 0.462212905307198 0.867162227508424
0.160511520346845 0.161537508893931 0.450460869098175 0.834473846430791 0.727926089705991 0.733470240755224 0.734874951115226 0.767030917910201 0.839004685367122 0.851515788692394 0.845757216504272 0.892859072520993 0.881518055221457 NA 1 0.404811417857447 0.230470582664544 0.163522077101304 0.162089607047214 0.490675563100163 0.926103930456812 0.161910445959614 0.164735633163949 0.495876805838609 0.934626282962771 0.172804474065692 0.162634414497091 0.463073989475094 0.92799284044629 0.162734231832932 0.165730518882088 0.495788206156198 0.914858575713304
0.0298308612894618 0.0530973764078064 0.285922032937228 0.55992102473194 0.678874326552311 0.671663738383677 0.698040595972443 0.699308653257992 0.524671282002978 0.59543556905385 0.645758008968579 0.675616207624733 0.703548066003794 NA 0.956550331156936 0.294065479117168 0.18075320625011 0.0383297057450066 0.0563390352003415 0.4076473641956 0.877040942176161 0.0295347884002032 0.0859696577919163 0.405621107210643 0.84087304002497 0.034759069138572 0.0446091001672478 0.33876747145836 0.860361400874771 0.000226251684067667 0.0689484238820204 0.403440593042592 0.890089958153105
0.0958863917251899 0.126501649417182 0.356466784545201 0.768295439172286 0.709399897418432 0.710530773501594 0.7138435807715 0.732156795040197 0.783685778636844 0.799177461229425 0.809172322322668 0.824522340360042 0.820206757068854 NA 0.777388268672458 0.335541888382442 0.210404129285975 0 0.125571052257908 0.417757592045265 0.863824717902855 0.0507765967352656 0.138252322081562 0.431509081640217 0.861592080585851 0.121412773187258 0.114348169708052 0.412592816158882 0.867467754463526 0.11981568516801 0.159271241829719 0.449789964130639 0.865606819539554
0.0464534056974045 0.0471085390296628 0.237337166612225 0.844137725187105 0.751504108361863 0.749004550790475 0.757072739899963 0.769047134582532 0.878211719660027 0.883095136847568 0.907975941448879 0.899642280945327 0.894538042297469 NA 1 0.36507728158454 0.203254854994009 0.0472530361942878 0.0469992467917206 0.38626668234316 0.957707740479756 0.046209853376315 0.0497881965570292 0.421337910380218 0.958091143278499 0.0467167884749669 0.0955126714451198 0.357624084697414 0.948705521613635 0.0465962556068205 0.101375806945033 0.400251355061608 0.962797320917216
0.098071215930361 0.0944009550409376 0.249922862243321 0.865479597761785 0.766334366650474 0.755633670769822 0.769479709396876 0.786249542366103 0.928233793664097 0.840978655730813 0.9102382747568 0.915832394590802 0.921833091925962 NA 0.967522988147531 0.352091322150818 0.212556087307223 0.109001084194267 0.166247669582395 0.318399606649738 0.96723717282914 0.0936574899186185 0.168953510888633 0.327485531100977 0.965585403567227 0.0925006817758224 0.13840558719573 0.290657522692341 0.964047172265147 0.09527734900634 0.164605846345197 0.315762741325025 0.971326371581427
0.039318207933854 0.109846755912476 0.289207388650911 0.757192590782247 0.723813082908842 0.720734826693395 0.7207628385818 0.751655265398444 0.824474037319699 0.789621217904018 0.871805829045878 0.867423446433759 0.853998419701042 NA 0.927566770268135 0.325187483649422 0.214809880206868 0.0731758578317902 0.113574225284666 0.378052478615587 0.954884878363477 0.103573709934043 0.134751028079202 0.380687307246122 0.949507573772255 3.28434189999191e-07 0.0986271347453961 0.342657420949141 0.948059589740549 0.102517329759439 0.134174175378663 0.408629165500545 0.95419614647815
0 0.110684395733382 0.229382840490599 0.589298947380899 0.680585554153163 0.694913669364904 0.722292519893017 0.722028068108761 0.667822481760667 0.601694482781041 0.604051413689792 0.80522670135751 0.807548779507501 NA 1 0.312124587938607 0.203703106986775 0 0.111685387295908 0.371555477689871 0.927951829763103 -1.64073395498926e-07 0.123148379694843 0.365008871358331 0.913024797538856 0 0.10324797256913 0.329587052368951 0.922898112738788 0.0386360725369073 0.135126801315633 0.350726752058603 0.930510399203312
0 0.0657020716845364 0.28907494662144 0.630836494837816 0.675581606275307 0.672667339380342 0.693237670820448 0.707835722461474 0.719780925829451 0.69686686953867 0.678414190170446 0.763006913200068 0.77341798105003 NA 0.979540353724551 0.312319977878927 0.199894405159456 -7.97464255105236e-07 0.0717537649696025 0.366277186415964 0.879603612165712 2.45414040945069e-06 0.0653575210662031 0.420500235149619 0.877503742490132 2.69343963549966e-05 0.0599470280904047 0.36456969826474 0.887632432779456 0.000566494202238385 0.0629383977961512 0.383348209921296 0.895390550102544
0 0.0420541104869543 0.27815064517966 0.802151982148987 0.698928633880428 0.693190227524488 0.706687442778966 0.733970897844729 0.7998893483889 0.840241903984755 0.821364413056815 0.845275683860747 0.82724435552211 NA 0.986360455055633 0.374541006914871 0.150598286449098 0.0216665549307645 0.0504483560499393 0.382009126804601 0.920394120521143 0.0385674166891474 0.0417650920286934 0.402857484990128 0.913818948393937 0.0301861796722933 0.040436929041661 0.389989434904622 0.916940337299474 0.0225848786425534 0.0426876375105475 0.425853240697614 0.918520206801399
-8.21985368660469e-08 0.0362857934402806 0.194796709511331 0.650618915563277 0.676181172107808 0.688437524537181 0.691997776244343 0.707646867319163 0.549377055739472 0.681609702147969 0.56593544846414 0.782571945359049 0.805878164274554 NA 1 0.307544708727178 0.140445174852962 0.00437544124634943 0.0378029264269969 0.319766530871252 0.890387562841478 0.00147103672530556 0.0446042377140688 0.328543353014293 0.881063131502741 0.000592315005908252 0.000308137724699384 0.279810261430996 0.898722726901192 0.000919036579115761 0.00283739368557404 0.31899688586726 0.906185071285765
0.135289345583696 0.144558401805961 0.294979245191701 0.783442399003097 0.724744483509042 0.709199060148437 0.750057786571957 0.739863320562385 0.782916215153873 0.755749403377757 0.813122955741543 0.806845348451983 0.832826130029957 NA 0.974948124905107 0.330303334017503 0.225324608649053 0.142845347062157 0.146341690459092 0.406347538473129 0.895335135643561 4.94024757949923e-06 0.151003247755608 0.414848978588656 0.890722720709878 0.126603314196486 0.140001399005368 0.390699682072252 0.896932145286388 0.14005567369543 0.163129360606975 0.487383704052384 0.898659331745222
0 0.135471425818498 0.300044830601149 0.754559476316868 0.697518489269488 0.716668744915809 0.725146429201725 0.753436093957239 0.737382014754935 0.842800200753824 0.85510682385582 0.881539124660229 0.896593186796127 NA 1 0.33606333256444 0.176744084641138 0.00891138514693391 0.14455282954997 0.314121080581973 0.947221848631019 0 0.153135471239379 0.382982395100149 0.941752773932754 0 0.085257893864812 0.32076221617023 0.945263684154834 0.0255514915856166 0.154673285496631 0.422897911351957 0.94642839001676
0 0.0330997595758647 0.15418453647482 0.61198555847605 0.676019036571787 0.681624492371117 0.704419894355997 0.715992818786085 0.578726190352154 0.652105422406525 0.693763933909547 0.789279291809071 0.772140371941296 NA 0.985018417916994 0.31639749967559 0.123500376253711 0 0.0335262600851014 0.401464884967131 0.909809375275714 2.97781200462347e-07 0.0331948844026765 0.382562935271325 0.900768160660837 4.04649165636539e-06 0.0119144296444026 0.328087668677434 0.908712452918615 0.00872666526642257 0.00408269624134109 0.396342717677933 0.92667556231598
0.0118765029649078 0.0725128264637108 0.202671081341969 0.737226589985706 0.659145235549267 0.675119402506187 0.694410525419656 0.707469515876929 0.736554455869113 0.766094164545115 0.732625288853906 0.807491173855074 0.803649030142208 NA 0.918885285964525 0.315554739198787 0.158537669211637 0.00853371202110833 0.0752541262058223 0.393440431433008 0.890762050403372 0.00857660406186617 0.0823527410165555 0.300924015896591 0.883324295789815 0.0444757822533767 0.0408330857550886 0.269218572554567 0.886487788520246 0 0.0107301333528827 0.36644453014213 0.885056990097056
0 0.0432056878038028 0.404571600380848 0.830571625512463 0.718109929331038 0.748905040355058 0.75951932497438 0.77577098832834 0.842468317410766 0.870740454409027 0.908569323032722 0.908538827935052 0.899257395589844 NA 1 0.350475517527957 0.195051204514138 0.00976845696668484 0.0524286130671342 0.391760470748715 0.960783667986045 0.0299913351024237 0.070672034551896 0.414517250885456 0.959647618469473 0.0231742265124073 0.0396683184363028 0.427315724157701 0.961052712561414 0.00631582479636545 0.0777858270299437 0.409469312341223 0.957694361795494
0 0.0562472122040972 0.22650541837839 0.672113498493911 0.676559941779856 0.667656135252088 0.700168269061067 0.71173968675929 0.768082925630706 0.595748937306496 0.582310602804341 0.778679488903927 0.823095455529348 NA 1 0.280926576999616 0.163262516018388 0.00228344678391684 0.105329531995074 0.340978120351826 0.901382353077511 1.18375097412384e-05 0.12716645885737 0.345422203554139 0.881627910607479 0.000542264707900042 0.0156078409028007 0.291459905435947 0.886029159615701 0.000667236922716132 0.00490780241820364 0.320952320361735 0.875132353833192
-6.1085127139118e-07 0.0446575639120279 0.186603698467187 0.808435552688255 0.712914424449883 0.701146918859202 0.702334499479329 0.720316072541832 0.814413115501244 0.770960046827579 0.837703983814302 0.819293291745122 0.842257150985153 NA 0.981645941876035 0.319149447324857 0.188190768064903 0.0330339619306605 0.0505364836460866 0.36628282768763 0.926869150467399 0.0160268669572009 0.0544764326630696 0.398767223819467 0.908909944177247 0 0.0453230465747082 0.354300250459205 0.919066731525707 0 0.0499801008306799 0.39790078637317 0.922373282385945
0.0238212245373922 0.0561504112273412 0.239434512918202 0.729864042505302 0.713286988398259 0.719512535434499 0.726179141764444 0.739253825722753 0.793546492219276 0.786573046263077 0.803892689695386 0.84080160000519 0.839605028269889 NA 1 0.310386219111765 0.174463370747645 0.0142502564213602 0.0590822696923476 0.354558270305742 0.925733373155544 0.0382894223881034 0.0476620590878882 0.366074161147662 0.914787823237089 0.0256185212741928 0.0409036037279606 0.32705709363158 0.922848094277781 0.00659816356379497 0.0631770559027442 0.494087915155246 0.933001413327659
0.00934859103191233 0.0420597720696214 0.336703333251924 0.673667763526043 0.673773709360746 0.693343230076458 0.72069315438661 0.722752625709122 0.723517919290996 0.744332477432321 0.839230523667264 0.837763898803124 0.838226537197236 NA 0.976866945435367 0.334593096662967 0.152009805635791 0.000180728957724524 0.0411357845816255 0.382958325557393 0.897530392740422 0.00351490679848864 0.040388359796788 0.390268030737376 0.902879497760653 0.0014984551632824 0.000249909399424883 0.367447871381988 0.908140645916288 0.000270231708212683 -6.57529816431289e-07 0.391311675858959 0.90089021518337
0 0.0839354445666544 0.377245931533403 0.624855651094739 0.697513714315338 0.668340277061967 0.671385045168236 0.711916724902032 0.725572427327586 0.726108521803523 0.638658241713887 0.755384531824592 0.801219411030304 NA 0.965333447876913 0.303544250737226 0.202455776063721 0 0.0751332129784441 0.422905857830166 0.897437306643216 0 0.0967009345620804 0.420935079783515 0.894949476592961 0 0.0582210828251034 0.419125340040743 0.881498534229485 0 0.0685649403355513 0.427288314841425 0.885678573828689
0.0208125866958504 0.114371174016869 0.258985918944688 0.805313782274433 0.689181177886299 0.715724105671013 0.726548361689715 0.745562938421524 0.891900654580402 0.828854835637894 0.894611770822416 0.881264673443881 0.889172729654277 NA 0.950716578237093 0.362634846432934 0.170362215265458 0.0282710838358393 0.129939520279848 0.396577653517179 0.933236235303979 0.0530950708057868 0.0894365904837648 0.372032597559782 0.933605299421571 0.0776956476292903 0.103961772943281 0.303941394498566 0.9314130496023 0.00177154667757413 0.112116409772182 0.34515546917027 0.938827955460921
5.99504046652312e-07 0.063249214464542 0.241690038366533 0.898562499331978 0.759488649064809 0.762692327600807 0.771241776433982 0.795781874723477 0.92259886509529 0.932654906907395 0.930998549309276 0.935100264493165 0.920063430189154 NA 1 0.336376585492113 0.186511967390194 0.00683765729827036 0.0718108824082928 0.284866989282177 0.973823665076128 0.00721599476123399 0.0825749718213105 0.288828444713653 0.970599773762251 0.00827551557747558 0.0455669373921095 0.287648683592644 0.971631548092407 0.0245194842221767 0.0799554771006611 0.275899020991613 0.975479702339585
0.0347758582102303 0.0430294481534291 0.204317788418941 0.774341243795249 0.724802627126957 0.734618870625674 0.734192408570141 0.760273818760916 0.8320290939968 0.85059914620234 0.87776097611107 0.862964706410951 0.872327291138406 NA 1 0.350890902401673 0.185792620208133 0.0374404839574507 0.0447973522591971 0.348883502488294 0.947795962024645 0.0325665773885782 0.051315056679388 0.367451945621799 0.943789263975267 0.0146720720795426 0.0386654726093029 0.310072743219328 0.94527746817413 0.0397465316933743 0.0438659870978096 0.352060943502286 0.946253606167875
0.0488773317345737 0.049410754097971 0.26699374755911 0.791999684794707 0.757614193783261 0.75716524012418 0.773991657504729 0.789765023344551 0.867226275598413 0.892200150872232 0.850890995440246 0.896390752237027 0.895906611625408 NA 1 0.369626670828398 0.231482990920556 0.0520134859979104 0.0494980064089689 0.352194864191011 0.956783266384512 0.0950677204331138 0.0502538531999322 0.300095583911832 0.951261452726698 0.0490035158004691 0.0977253015330448 0.328676048941535 0.957443674993323 0.0483297669931192 0.136811592796019 0.446662113949027 0.956169615484252
0.00188183126320938 0.0558766618291901 0.226831216672245 0.672454492973711 0.69951156680451 0.687035177133911 0.708713248970188 0.728175592694342 0.85717145924617 0.730230780208238 0.804457741956004 0.842200203824547 0.855437381334822 NA 1 0.350088015976747 0.196551120450012 0.0124669243122937 0.0703365280971527 0.349362147729361 0.924679532186652 -2.8867147176775e-06 0.0935820666055262 0.38076537934088 0.919568808365995 0.0291430243554873 0.0639701786240769 0.301863650434896 0.92546070573949 2.1277489115905e-05 0.0757144051150608 0.36200442444442 0.926657375745394
0 0.0388833768169877 0.228821595582082 0.755078837583612 0.689274400881131 0.704997002491315 0.712726350827153 0.721209259872075 0.779679998421388 0.826000527035112 0.784948559129103 0.84001202916534 0.848616625193608 NA 0.916003828189164 0.300774252940907 0.144919370870432 0.0015589349709549 0.0369788118408448 0.310500343163374 0.948273695667839 0.00355615244826588 0.0586205612939386 0.320848426182535 0.926792307651097 0.000642670934509071 0.0249230579170642 0.245807384386374 0.943608735487435 0.00188909323007314 0.00175141316824312 0.34649081907738 0.946371692525098
0.000798951724421807 0.0558911603258137 0.407634220712938 0.892093062759058 0.733337942920441 0.73286332039451 0.743956258190862 0.773628825126199 0.90517523112339 0.932598917134616 0.938746801205029 0.922543515865209 0.921109202476484 NA 1 0.393803449971484 0.207862466902009 0.00252998558633928 0.0699522922519364 0.432240171289326 0.962033703604935 0.00901825502598114 0.0697556770963893 0.450520327419274 0.96104863266615 4.35084703229592e-06 0.0139298179399991 0.424076225632202 0.959631635897478 0.0037409873868799 0.0533531365096521 0.441017623691401 0.958007373788813
0.138599517223856 0.243297660238717 0.331751523860505 0.739862758507549 0.684229975933455 0.693094978737389 0.705566515389969 0.725224576579201 0.729064980040258 0.720009242408423 0.801897166463317 0.82877911677756 0.81302755642119 NA 1 0.368966366464684 0.257855024026653 0.243673245288899 0.137080805442643 0.410733446782321 0.870767503192014 0.243289645024129 0.252740176212791 0.481821789229822 0.880826112935209 0.238957575197225 0.241189224754708 0.428601456394712 0.873846386124555 0.241565480223606 0.238762930347406 0.51507549667935 0.858879059387989
0.0509135851230679 0.0320872846656061 0.11892050574649 0.72003673284859 0.68110273508914 0.68360133880718 0.700640396232953 0.70546133539173 0.822539010381067 0.816021613027271 0.775477960926625 0.812496585019745 0.825077100971665 NA 1 0.3305941214563 0.137103001087568 0.000608162786225406 0.0492500049742287 0.281952385239615 0.906094462544824 0.00763495173242164 0.0510789783920519 0.297023553185624 0.905378857469282 0.000375350601717881 0.000660423857416037 0.172101633189619 0.915577325059978 0.000834418490010324 0.00195785801305284 0.22894208529512 0.915979249539147
1.01645384664253e-06 0.0761215405198672 0.263304118838667 0.804724840334632 0.76569740197982 0.75491698527375 0.773475485421512 0.791570804749805 0.913057006446546 0.893175927190922 0.895562465828086 0.918192471754381 0.919312105417346 NA 1 0.384269075907245 0.203288366966561 0.0333199285607959 0.0882946137696707 0.330892844804585 0.966428087837283 0.0440906048790448 0.101697278632244 0.305843937412845 0.96192466696442 0.000472281946635867 0.0726757830313681 0.337170222622212 0.966171797807587 0.00083100306097292 0.104044823846723 0.32228406853542 0.968263003239577
0.0688337128702766 0.070588466663996 0.540629451790569 0.77785178423613 0.731053616850559 0.741066680630993 0.755068089364166 0.777784531518822 0.78910534819915 0.837823866735204 0.808133223610975 0.864360957042516 0.873342945340855 NA 1 0.403921308617303 0.245520408450644 0.263147374202311 0.218643613064264 0.535795745877121 0.919563715351932 0.0726406369398897 0.165789381172571 0.546648261188827 0.925317300306713 0.0727626771657941 0.228201793850702 0.573674317096574 0.927377212925062 0.141890710803198 0.479613368883043 0.550992773648621 0.921014825198225
0 0.0460062078595022 0.185434373244414 0.682695373210884 0.669918122964482 0.69645342038544 0.696909897825557 0.709167533168032 0.643511920973458 0.776839827765707 0.778014353617603 0.798940147693726 0.838287033072699 NA 1 0.316277911040548 0.172050196966528 6.32433725099307e-06 0.0423289368189819 0.297492707526715 0.911562101303116 0.00297876960208317 0.0544386343532038 0.347381937876269 0.905681469166684 0.00196370057434492 0.0555250593679771 0.239724559675267 0.913338772223164 0.00884479186126449 0.0468774414166044 0.296423272682937 0.924047487411161
0.025285657183504 0.137256173558722 0.278555100632193 0.658203591725577 0.700300551357037 0.706167452101979 0.709915840267016 0.725197677786852 0.699909578692274 0.732509536565478 0.754542392095091 0.773417791486934 0.811301322437095 NA 0.978304848595294 0.304896115195206 0.193015041048739 0 0.147113551731224 0.398337158736312 0.907245486598405 0.0311991582192286 0.15202948330388 0.456534674202392 0.898326801670118 0.00740056474921681 0.113480474670205 0.300247782674149 0.902610296004243 0.0175671690157349 0.147108915089939 0.441617660209594 0.914069791031766
0.156474754457682 0.152166449740026 0.392538474165759 0.782188090586132 0.715176567950528 0.733890518779938 0.733380518349401 0.764932429535366 0.811264798731462 0.866406380033251 0.839970699473126 0.845782273318857 0.87271025563408 NA 0.961689013764749 0.370824820430302 0.216409823802915 0.158104209706575 0.158319882888771 0.415749155882977 0.936073407144322 0.158882115318134 0.163191405898686 0.419407359276276 0.926877100459569 0.107381738475953 0.159270406560917 0.41467071823712 0.937693012468752 0.15820621057197 0.160894112012505 0.418264988237787 0.939150442129686
7.81194682265726e-05 0.0998304733147598 0.288387764390352 0.816831517943897 0.751396375428043 0.774799219642062 0.756597695636397 0.785202083408495 0.875515345736207 0.801549085519958 0.910634251721809 0.909579686093741 0.916303877397612 NA 0.917283218095734 0.346743003605196 0.185081449400839 0.033460973195036 0.109959868551735 0.344434553395471 0.964281971457851 0.00143745589010467 0.13118000618208 0.352803111830731 0.957760016764002 0.00329056977386619 0.100994105081841 0.332342679658908 0.961610979591094 3.98132110964552e-05 0.0394760926692118 0.335208035272824 0.936377564296058
-2.06164692455662e-06 0.0436660421509205 0.219693909602368 0.927474494481226 0.716473956696176 0.735014974115773 0.756565100896399 0.762134046519463 0.925450686293651 0.926823600405583 0.929001622549401 0.926353920102608 0.931594460988014 NA 0.749069900173488 0.376916995239786 0.162708496858869 0.00141475833968819 0.0447926077380293 0.432498377530504 0.946565398073402 0.027554206685378 0.0463884151782769 0.4918578375575 0.936355287473706 0.0432616884059172 0.00150672877772117 0.373814072403684 0.937977916403133 0.000181485747081044 0.0766665618110993 0.424852857178458 0.92411018155689
0.052364877823596 0.0619371939922376 0.27851370462074 0.736552944888789 0.736781842896615 0.727826575943846 0.746775630728403 0.771973075073141 0.793297036734871 0.832805700488886 0.853419479837593 0.887696278195779 0.882783007741522 NA 1 0.344277785369261 0.222538128909395 0.0582643517826815 0.0559108430736642 0.408642965129874 0.953094462354497 0.0533367410137825 0.122544518425143 0.404942804219129 0.946216313116533 0.0548529697235056 0.0571804230933562 0.330888540786956 0.950354528002155 0.0550975068391064 0.0728663691514526 0.420461724224046 0.952610033265652
0.000395893444054459 0.0618843450921746 0.262719708653109 0.775176304727451 0.675690441563548 0.691210611742437 0.70171578127795 0.718594807000286 0.832724675681607 0.840100977938882 0.818411413984483 0.836869010423522 0.850706821211311 NA 0.974189578846926 0.308823191938508 0.178203483034803 2.57069339615512e-05 0.0645388204915923 0.389617146422192 0.92055440113303 0.00576536323357114 0.0768619456906008 0.376103087834819 0.912141018590358 0.0165508805575119 0.0539049744126157 0.306315192700426 0.915534519578891 0.00410557841644116 0.06574213063846 0.423359557974962 0.92666945276381
0 0.0304763063530299 0.285652795807688 0.655550378888697 0.653984120928884 0.648238358283432 0.666264498229711 0.680124582464458 0.571452268393343 0.7050482694082 0.698812542166971 0.717900733951027 0.758248357751235 NA 0.980261630157133 0.306163309732626 0.155374363182214 5.85239208128801e-05 0.0423764755116911 0.399263791954576 0.870864382994009 0.0023961228250088 0.0468699840626382 0.384422145976324 0.867276790897257 0.00316920105313284 0.0296918847952062 0.35937809250964 0.878458941697272 0 0.0160447636996585 0.443493159164562 0.894777556576973
0.0382124935758432 0.0391418311118551 0.178764727113896 0.813694615080945 0.698237080206945 0.696796630774551 0.706821010660405 0.730638163734669 0.84996425555562 0.818913091400353 0.844405588254088 0.837878133556911 0.858761153022867 NA 0.944604214794211 0.312842637129058 0.135597576013798 0.0344944654826518 0.0400244705274546 0.322409428913718 0.913519686868839 0.0150593293258171 0.0358053321802168 0.291880495468041 0.904824475120182 0.0382582093925024 0.0584513953675008 0.275516195357114 0.904734364368667 0 0.00159433718341265 0.364112011826081 0.908254197190823
0.0725112316474075 0.085846314533553 0.286542820893564 0.903265044074116 0.768240243563528 0.786188220207753 0.794461633224496 0.801160814893021 0.912716021344547 0.913344741775592 0.909602975335837 0.921614386073327 0.922562226523148 NA 1 0.405123468125458 0.217664039613485 -5.92876362475492e-07 0.094255507429244 0.350234093095032 0.961990914725066 0.0780247504851554 0.105389329029757 0.36775654336885 0.957682906343039 0.0845463697199304 0.132837027707038 0.313406504078226 0.961717797944515 0.0924654421634828 0.0848289954409499 0.339257543573047 0.962015920642066
0 0.10958957153628 0.258647083638292 0.812305768653162 0.692745186131825 0.729307315652308 0.736256343782393 0.749109316342941 0.835589889540014 0.884936858270945 0.851549736751979 0.876710638532288 0.888258024845043 NA 1 0.351363739796172 0.179668326881947 4.84113716647849e-07 0.108362628273417 0.370787824934819 0.948013768416257 0 0.119156927613944 0.395944804960778 0.942015886842251 1.2749818867281e-05 0.00370940226413754 0.274079708467539 0.936381142629502 0.00270817365155635 0.106540832772272 0.409143666120487 0.952630410097022
0.163347340876202 0.163114185708511 0.403892402132587 0.726221676906254 0.692140992845554 0.711697002955319 0.70700520961261 0.738874409038042 0.774616673141249 0.77859680086963 0.743344778138621 0.79551115062329 0.843482238902819 NA 1 0.34001239820264 0.263366665910505 0.164583863202086 0.187530932358122 0.471353068804962 0.918810634808497 0.161045164061757 0.167681279678064 0.474926224209785 0.911629686763929 0.161209904885843 0.162165747898587 0.461467587716214 0.920668049103136 0.185184413542613 0.172634904355424 0.5268005586613 0.904363863971197
0.0895310912481019 0.110330562612499 0.192554711950886 0.729736620178229 0.741845335644287 0.73466354620366 0.736152993200324 0.752274795695851 0.882012030558267 0.844103421266137 0.685259808723255 0.865811625228253 0.858205868856739 NA 1 0.3559302855923 0.172941045833079 0.109938047422113 0.111983436860402 0.292133884055197 0.938780837738611 0.0842069052868302 0.0919520691083884 0.297165050965149 0.933228758461293 0.0521693799151062 0.0790607957542215 0.24713126697115 0.937587417600634 0.000851353802755717 0.110400613923809 0.296413255098243 0.945151851657446
3.70606608223034e-06 0.0885996233152764 0.227284377901989 0.707876196907795 0.699354297544905 0.687855451639174 0.712506249020653 0.734176921760429 0.563129066046181 0.686348520880212 0.826335199922646 0.854681790364586 0.854612070685274 NA 1 0.297634639963694 0.178786908026385 0.00843465604048109 0.0936749250542339 0.339387911997614 0.929074719718012 0 0.100810691749274 0.383326220995761 0.92773925632609 0 0.0132815907703152 0.308924727741914 0.933114774123227 0 0.116055442420331 0.357978792888025 0.947059549299899
0.288032892178966 0.326936348822852 0.43038217880561 0.698322409388634 0.713827899413401 0.736795814733082 0.720938488036153 0.737099424453718 0.731482174942865 0.752490922765466 0.652975989694724 0.816389184146021 0.821703838559512 NA 0.375420157989832 0.375554449720183 0.237536535105143 0.318292958165268 0.326492458413906 0.480354804173749 0.877160989250917 0.322632731162192 0.325223801677641 0.478389197132554 0.878297686572594 0.076249708661847 0.328141436449371 0.451390280137673 0.883682773484964 0.0770150622920645 0.32552978117501 0.479960824036067 0.884960347529011
0.0472280612316985 0.0431865925220335 0.201534275565693 0.426683703145811 0.64379199609484 0.638492004145296 0.647976458040085 0.662805561288947 0.294701798427048 0.412029542543864 0.381285019383821 0.555816434502087 0.671401526954553 NA 0.133726074512744 0.294430827731664 0.162916501510766 0 0.047877928819194 0.351981080397333 0.839138702227829 1.70331458999817e-05 0.0729343052013101 0.363738149386856 0.840349911486297 3.55057508430788e-06 0.00723233158111951 0.308610135737555 0.837163116784169 0.0426622566406672 0.0430498736376482 0.43493345769501 0.851600780148954
0.0622239847432925 0.0644079192616562 0.242457542778197 0.703319944138964 0.696273183112067 0.713064799172122 0.719896950995751 0.73456881847679 0.466877347962416 0.794759767190643 0.764011346779464 0.763436490692797 0.824348057792943 NA 0.981945837512538 0.326419482734723 0.219111769636141 0.0679460139763847 0.0649816666280245 0.424618988325772 0.912378920406001 0.0624203538005771 0.0659821231055353 0.429382200322437 0.912497534204109 0.0618131396941918 0.0659872206431838 0.34122495476902 0.910618506758577 0.0630614747679463 0.0670463242725379 0.400063465099558 0.914271920786184
0.00233941412070112 0.0362656753763687 0.169543877725474 0.825145969757967 0.736800807637445 0.722709548219285 0.743996566384563 0.75608425659929 0.832683097977622 0.867077506017379 0.859090544345155 0.842162436738607 0.878640032811819 NA 1 0.315786450373122 0.156381074601422 0.00140875163999389 0.0434399962396879 0.362166603886282 0.953879287149439 0.00230333054877114 0.0610674968988552 0.376399057931719 0.945193645688722 0.000967127419174202 0.0033395175179468 0.269361772533576 0.950448842773357 -3.44868269396567e-07 0.0392082999745224 0.494314227746218 0.955693986210059
0.0762294622452153 0.0934901431101861 0.396027254712207 0.638782593958649 0.695779081446511 0.689093677244745 0.703826412403773 0.718227511761271 0.659678587100364 0.736876913607333 0.69338430832958 0.743418935887436 0.778735889400058 NA 0.976756460295338 0.32816544777014 0.195641023709161 0.0855357507154274 0.110081206367613 0.427956327613628 0.894055738947872 0.0076559220706222 0.112767542623122 0.455402248355974 0.876770774266048 0.100428201583947 0.0743426299930394 0.432133326404415 0.890538601217163 0.0782417197854101 0.093075007500416 0.435387607396525 0.90106449936935
0 0.107425921704913 0.272595392482491 0.898657554483138 0.731009055408908 0.750899134217075 0.74661394468918 0.767522043377126 0.898224332379006 0.906614668873972 0.914149257813173 0.881964771729481 0.90078997949669 NA 0.980013082346101 0.372472468127909 0.241738400318299 0.0265695131024391 0.0809569253925944 0.34278249712452 0.944910634571566 0.0122204098790982 0.0453134449896395 0.357724529360089 0.944599389126811 0.0210297987500348 0.104222196981936 0.312404309440173 0.94724366346448 0.0156684276284063 0.0426908482551815 0.385626864195964 0.940734593910286
0 0.0686351691877898 0.227516836967673 0.555301044667903 0.618968962181018 0.617709738631635 0.641228165550927 0.660448532557712 0.345266048639693 0.462620952716232 0.641802067778912 0.692084477244096 0.700977509685622 NA 0.274329402617597 0.299340823805821 0.192762013849383 0.0371835285170438 0.100770046604226 0.372686601256767 0.848574439772457 0.0152893159645706 0.165422935556779 0.358579742372172 0.834296606848834 0.0230144793075822 0.0752495746272979 0.285571370960292 0.850369246688523 0.0603266150874413 0.0602541129490973 0.393325086315235 0.804099367961389
0.053546228410313 0.055045227473619 0.436444239699711 0.774966416153858 0.709283695117486 0.729473662776907 0.743561576023757 0.769285996553241 0.824738877541907 0.819270124324146 0.815024590121477 0.894063910030484 0.884134153283445 NA 0.865973037901344 0.399964442710299 0.20450773010568 0.0539663692517851 0.0557616841770975 0.507797050116644 0.951120059884795 0.0575125083801301 0.0578813288904495 0.528557738846822 0.948018807329348 0.054876313846599 0.0544746015139102 0.516406415136881 0.945405923743432 0.05412096885738 0.0571765620511869 0.540937378769652 0.949779531703561
0 0.0667985774751642 0.284589781329775 0.722046653767781 0.751680922078857 0.747075943096322 0.753211585219488 0.772654064866872 0.72496855879801 0.797287963119063 0.806971876113282 0.864189361226302 0.880214702819787 NA 1 0.366568045727569 0.210488507052398 0.0654082184409216 0.076831982264467 0.293432926109779 0.950837656789807 0 0.0777016433850976 0.353079065858674 0.939052961866853 0.116565549715179 0.11735180286004 0.295317925850504 0.94606685362549 -2.35201822870325e-06 0.0864228331260212 0.413601019532831 0.95515207545632
-7.70424871764685e-07 0.0387072710649467 0.18839351963317 0.815170046945606 0.721342942578423 0.748356562298209 0.740322493649283 0.759015157919073 0.862707600815691 0.874791028356484 0.880586247069571 0.904246316495077 0.901318503086748 NA 1 0.329815646707145 0.163532172969162 0.000181360145552812 0.0442281617510055 0.285460361987038 0.958578438616795 6.89886804099372e-07 0.0526550100370821 0.334319928112271 0.952915669979109 0 0.0170387620577332 0.251369213191077 0.956985575023841 0.00164007223376249 0.0240778822436378 0.264532513856314 0.96158718634697
0.0542632161478494 0.152817578105786 0.472822515140594 0.705101666768805 0.704705483316058 0.716212780627527 0.717744532818416 0.740753109824781 0.698723852462068 0.716633245293985 0.709943502623486 0.783744042442498 0.794831215856562 NA 1 0.384764959172149 0.251099409579804 0.0772918575070133 0.148073045291505 0.478864113745445 0.888211256376063 0.0599418576866068 0.205546485404776 0.494782180117571 0.884076153331246 0.0586307839969529 0.070614293354653 0.49806068085 0.898818070854349 0.0744365741276016 0.145278222289211 0.500071602610361 0.900808437664659
0.00994155808710051 0.0397294446349934 0.260807885504446 0.78654969352337 0.666720339970185 0.670616713515679 0.70112362977076 0.704202438882596 0.841114355623698 0.799404812076287 0.752616351057889 0.849430408096246 0.860766755506858 NA 0.992421249896653 0.33688172488419 0.128363465936233 0.0223138282291556 0.0394762433852929 0.413053670100464 0.910692108131121 -6.7611316982811e-06 0.0403684002728707 0.329300214012336 0.896850130747697 0.000466942663561595 0.00359718984738998 0.38031692357211 0.904703431984728 0.000104272698274504 0.0400107495025986 0.41496599234288 0.911535324735213
0.0615899018879481 0.0586034132734498 0.33526664864823 0.813908698595712 0.72604834082017 0.748449130621798 0.752152291661615 0.764399870479383 0.838993694340546 0.847094056558326 0.832433452507916 0.852430199519881 0.856232135013601 NA 0.892809613811866 0.356552239641805 0.20868763690699 0.107705313540583 0.119882642530156 0.436167650135783 0.914335262771466 0.0645722981195246 0.0658629955956183 0.434906050710571 0.899861626293748 0.105976410962067 0.144679436057419 0.400325525357003 0.906485400065618 0.0777616156019498 0.0636568973245143 0.434371570387067 0.906650849494685
-7.27305786626675e-07 0.139160526191803 0.251899077634017 0.835182283811942 0.720107030675296 0.72114225626545 0.750928086636617 0.758214783411413 0.861069242572405 0.870342006454473 0.83352587600189 0.857223956156983 0.875755472787369 NA 1 0.327341565813781 0.1880785781427 0.133881546250707 0.142399114956046 0.373851539893434 0.945795508825088 0 0.147001637097225 0.394216673761857 0.925498246309884 0.0179406129275917 0.139866492844933 0.293986314984701 0.945295719358226 0 0.150684790479189 0.384130801373767 0.950308997625948
0.192532211725688 0.333201871705162 0.453994601928208 0.715893367329547 0.66662998198818 0.656995108462488 0.697926576762124 0.708752923843489 0.688622997531833 0.710763172273863 0.715730053272561 0.777794655097788 0.801647645977544 NA 0.939852624016267 0.331944322156255 0.261323229264502 0.235672964843322 0.335718385331556 0.493013783815116 0.887226550427146 0.329992526908374 0.191900577519229 0.507168319045943 0.881600172395614 0.265382529702398 0.333219222048385 0.500043214809068 0.882136281441641 0.203312260977985 0.196900229685069 0.478492501190238 0.876718178738138
0 0.15140144826955 0.30308435779504 0.784645054787524 0.705066366978996 0.72362955011426 0.719042031164437 0.736439927466298 0.752806991904818 0.639417204231476 0.831464131583993 0.842862472664281 0.853391968932674 NA 1 0.3206817765873 0.187179621964222 1.62108503410654e-06 0.159608492498094 0.325897921982551 0.923533032418503 0.00609223868763679 0.139884653202209 0.335156911078942 0.917534695574692 0.0164559062486799 0.142411336087348 0.323191255990084 0.912899431122657 1.35696241229102e-06 0.163097011214421 0.323726995311398 0.926058358166769
0.0714757075809325 0.154599826055557 0.262968764954525 0.809854463018889 0.741379339019963 0.728732718910462 0.751258806818141 0.762706495773718 0.845457378983616 0.767873857866508 0.835454921217445 0.851740758838911 0.872845392028554 NA 0.958835484976199 0.362041380411169 0.22166708319264 0.0833150230301005 0.155945908414725 0.420155476174804 0.924400325469203 0.127320537049914 0.156777698764676 0.448580404892077 0.91823654509586 0.125800565695754 0.119386112153261 0.352107150642103 0.916605306736852 0.0998322322032264 0.143585441641371 0.446416859498149 0.908045979052807
0.160467306680436 0.123339221046083 0.313953223696857 0.65396623951213 0.69941458299766 0.731207544040538 0.725717874630271 0.756793241841611 0.865704132243479 0.786989132220049 0.848702096433145 0.850213900200775 0.87392002966577 NA 1 0.368642751559665 0.211643489498141 0.180446145335578 0.164482408971846 0.443461444771822 0.915522987152902 0.18598205851843 0.17186237583566 0.308044508956169 0.933030734694892 0.134219486668092 0.240380083361245 0.360855047712598 0.931640365222471 0.166837826124166 0.24156083239126 0.443129453938562 0.929938464732745
1.2595493004025e-06 0.0777551510785757 0.294627891424487 0.720770109640342 0.712167589510112 0.702845383900868 0.713836068069371 0.741116482897425 0.689654259663384 0.670271118120713 0.68588096227076 0.791757604243358 0.792008913782398 NA 1 0.348400899368474 0.178320760216309 0 0.0832466520095734 0.360586416466986 0.908337706268091 0.0181125270343328 0.124474209018599 0.326015606019337 0.900551957230216 0.0037928300086549 0.064179653253667 0.318278461717617 0.906775569213558 1.4999064201062e-07 0.091888226683242 0.321156896045856 0.925018275322085
0 0.0415330135080338 0.207904118316291 0.726365864918826 0.688610782141011 0.682686910749589 0.711972689224005 0.730869321078431 0.727209451240697 0.778594742511444 0.818364823452432 0.877565500678779 0.875141754291246 NA 1 0.341195494067495 0.183227507664452 0.0413557899669137 0.0499538462373005 0.329138985495792 0.913854942593925 0.00895165590625544 0.0427660207230738 0.379880579757567 0.910469582636629 0.0254524569421753 0.0706763338308079 0.294685207807248 0.9118271075385 0 0.0428119571295872 0.417290724520371 0.908196861814416
0 0.075708581713325 0.349555726572991 0.882313164027911 0.715371119657256 0.725541642156952 0.717629891779683 0.755201650395597 0.876669551012361 0.90529561849014 0.891128823641398 0.891135065315232 0.892108288119219 NA 1 0.59034364703771 0.175707631581049 0.0438789324586612 0.0751417659032693 0.483675825319252 0.898046387657538 0.0814048419821412 0.0458904860912089 0.516671709198379 0.914162292111913 0.0505553642481951 0.124427992262637 0.532432081109919 0.899435524184273 0.0430583137088294 0.0877980400961393 0.569434231393115 0.888300149227081
4.10485423429472e-06 0.0211655501985798 0.342408518477984 0.723735770032441 0.722214089736559 0.719291837898534 0.733843887158643 0.75200070152114 0.744269334742823 0.825913571294154 0.845123089785805 0.866811484726405 0.867198461759572 NA 0.981045585897746 0.367228906833718 0.101425118295587 0.000147881217904421 0.0236090085118032 0.436354493090239 0.926425748105674 0.0020676412526907 0.0347337420211507 0.432147058159716 0.924546946602506 0.000310016994925967 0.000270936353347565 0.42272965521101 0.906410812961987 0 0.00187301877003986 0.584750543092056 0.926155363275829
0.0602089024158403 0.0630943300943395 0.292678219588366 0.815669189035969 0.713039552260304 0.727637567839233 0.71828989525334 0.76414933065533 0.8522394054437 0.87192289461779 0.878265760443607 0.881745964756981 0.884943598993646 NA 0.848838177729658 0.342056339810574 0.194311261333445 0.0565235791278828 0.0604069244473229 0.414086237331314 0.946628793006963 0.0598367633420996 0.0640766400621217 0.425686352711184 0.944093281851868 0.0580735805192065 0.13556305346267 0.397545489758523 0.943479514079966 0.062551048457094 0.144468065261004 0.440638473727617 0.946128574747896
0.0556196470822708 0.0596206823546733 0.245185945145368 0.575689268286471 0.660625135588536 0.692913834584623 0.687311027227353 0.696495066741792 0.473443845024069 0.422249679855499 0.641983322318084 0.688691646782447 0.71527044573946 NA 1 0.295114316469048 0.189351430951327 0.0395937895404489 0.085171711439349 0.362249872054148 0.859539106797676 0.0449937446647475 0.123082900526739 0.393066525434346 0.832742402730358 0.0401078766355704 0.109249398994994 0.319075714227213 0.849210073991337 0.056412180799878 0.0428728346404633 0.497537625136461 0.86279701716025
0.0597956213884517 0.0591290993403055 0.289339745429582 0.739338889034384 0.73613824997775 0.755167327127589 0.750101479684627 0.766857226748415 0.811076763112042 0.790885774094406 0.847156705204073 0.850154842924242 0.864705197567909 NA 1 0.344148465004183 0.210879760364262 0.0597331689569382 0.0580334033331997 0.394938178666547 0.943600528005006 0.0651415437719406 0.063132487882717 0.342298380055972 0.934555101643569 0.0606040860900221 0.0581202160594239 0.302574795126455 0.935039726804586 0.0573478850296979 0.0594155073826954 0.361367769926466 0.947791059195369
0.071824817275173 0.0604109021883271 0.245173781565954 0.865591196932058 0.729917697972068 0.756867539743636 0.759761891262225 0.788747864997127 0.907344651710965 0.906020382864638 0.92133930529043 0.924026410052321 0.927602212236082 NA 0.966573236800143 0.374774150895246 0.190507660873614 0.07026499609729 0.0613536956446572 0.440671360266178 0.963880130354025 0.0594203320984615 0.0623869768876668 0.390515468424276 0.965490433111664 0.059201082242538 0.0599448324564732 0.354525689894274 0.965916076215413 0.0601246390519605 0.0630803770564895 0.467116727122044 0.956400822120406
0.000928004002665862 0.0338396743058217 0.184494734298372 0.740760536371543 0.669138571220144 0.674941148696286 0.691750545967236 0.703680881074369 0.786432349906093 0.353768156533757 0.800189385761718 0.815311432415812 0.825361889469359 NA 0.933719060237392 0.311849731708545 0.114363448957652 0.000334537402213185 0.0331536354929235 0.319614975755862 0.881577190314971 0 0.0343682160230903 0.349621496636922 0.869635696977096 0.00169411269712045 0.0292104094669232 0.298250409391178 0.877508586943935 0.00729915183178365 0.0337468514044531 0.285346373827715 0.878000856060722
0.00151811271164346 0.0489644487321445 0.33707738211473 0.616534279890836 0.6679548508561 0.677498995974961 0.683788131008379 0.698195380036342 0.596524549403573 0.651811949921067 0.622711702545031 0.712726965349232 0.742071562457561 NA 0.976281798248116 0.36546601377869 0.182814751328419 0.0172495062695146 0.0394758505590343 0.405959827772494 0.877528814441156 9.77376098528414e-06 0.0817317592100509 0.416643022550775 0.868294339815908 0.00167623620877094 0.0199395442430178 0.393169643552167 0.870237651153352 0.00013711030837807 0.141583438716887 0.423645470455059 0.849566647394819
