"U_1_Gam_alpha2F" "U_2_Gam_alpha2F" "U_5_Gam_alpha2F" "U_10_Gam_alpha2F" "U_1_Gam_alpha1F" "U_2_Gam_alpha1F" "U_5_Gam_alpha1F" "U_10_Gam_alpha1F" "U_1_Gam" "U_2_Gam" "U_5_Gam" "U_10_Gam" "Sylvia_Sparse" "FM_RevJump" "MBC" "DPM" "FM_Raffaele" "U_1_PC_alpha2F_01" "U_2_PC_alpha2F_01" "U_5_PC_alpha2F_01" "U_10_PC_alpha2F_01" "U_1_Gam_ProbKp_01" "U_2_Gam_ProbKp_01" "U_5_Gam_ProbKp_01" "U_10_Gam_ProbKp_01" "U_1_PC_alpha2F_09" "U_2_PC_alpha2F_09" "U_5_PC_alpha2F_09" "U_10_PC_alpha2F_09" "U_1_Gam_ProbKp_09" "U_2_Gam_ProbKp_09" "U_5_Gam_ProbKp_09" "U_10_Gam_ProbKp_09"
0.333292670567171 0.333357763411857 0.345943422548376 0.342451542898613 0.235950330832297 0.24520612862557 0.273010381849886 0.295310147511104 0.334497573854738 0.340413131090682 0.34907723924022 0.345707617839023 0.345126606778282 NA 0.625647605115557 0 0.330279832275714 0.333384723249455 0.333377641537075 0.363186164113352 0.357757739620783 0.333228149637592 0.333335683022649 0.356953838477573 0.255426875810608 0.333282204534036 0.333458342182734 0.335530449594783 0.342650772549786 0.333337815441039 0.333313091980375 0.338818022541344 0.33428780610231
0.601086016667529 0.597898749922186 0.589504251372576 0.581345446579048 0.29775462259752 0.287709863880013 0.300575118418318 0.337170031896831 0.593328716862531 0.589575229082098 0.583305550865604 0.579870253262538 0.575869942606487 NA 0.594757938297903 0 0.491021061663672 0.599483487711922 0.595383357079745 0.511480122743486 0.430810379394906 0.581510282366393 0.597655961661129 0.510513473815839 0.335744554188328 0.598987674277611 0.461341627071752 0.573164367097171 0.572857894591812 0.600018138568575 0.596260676890353 0.532168830250391 0.574787906913765
0 0.0301531938901732 0.034889928906818 0.0374840582595754 0.0999959112885059 0.109045862123933 0.107579324598552 0.112032965673142 0.00200341345212239 0.0359439299057677 0.052620086341652 0.050033538513972 0.0438514750319552 NA 0 0 0.00962428231914761 0 0.0352852669690906 0.159812777632602 0.129373839966305 1.00276585252417e-06 0.0491368295025817 0.130380754413519 0.138214251171921 0 -1.98009483612119e-06 0.00626421105492963 0.00502753002395887 0 1.00276585252417e-06 0.00012846598697236 0.00746415417637703
0.162968690744143 0.162968690744143 0.16328571349207 0.162671847617242 0.113325452418817 0.11668844358488 0.126681721332239 0.128227464780715 0.16277638144234 0.163528045178363 0.162327908685783 0.162518294765297 0.162409780417166 NA 0.162968690744143 0 0.160344590773591 0.162968690744143 0.162968690744143 0.162891587741768 0.159903457619849 0.162986855565784 0.162968690744143 0.160468886856902 0.131300868911643 0.162955290444185 0.162978219005546 0.163034629988113 0.163040236527773 0.162852995714321 0.162983268463243 0.162437389207557 0.162941738552747
0.161264836066318 0.192126159298508 0.291270480200614 0.268103609806996 0.204080580503046 0.1991089563354 0.20816704922467 0.203260064416023 0.251357766673418 0.262583135143551 0.271059981318416 0.278571742173198 0.297083112782184 NA 0.32168957195913 0 0.143429053154723 0.161175701320237 0.161346462730741 0.275190266399112 0.287587386625733 0.161348532928856 0.161349970439475 0.276427047175372 0.212172856289599 0.161286228743192 0.161430159593279 0.243889056558974 0.259174807092138 0.161302066945028 0.161346462730741 0.274656956611539 0.254354933814304
0.492577810052263 0.492434386858926 0.4921717811913 0.491971975222769 0.451678860180758 0.444101908695883 0.458801365753653 0.46654325566305 0.492300204419513 0.492305524573324 0.491989845135243 0.491871629904411 0.492241366269534 NA 0.49269421100407 0 0.47725380381806 0.492520447085609 0.492495605726904 0.49311610682257 0.489837853910699 0.492502474479278 0.492518766932101 0.492549834284727 0.470309667984553 0.492525478851666 0.492552272577268 0.492241389234471 0.491836751808869 0.492544607759045 0.492529851398494 0.492166076759643 0.492533737391642
0.581707768092165 0.582032538902789 0.642347964483284 0.655774028698335 0.61353747225408 0.587759144062531 0.599137272144132 0.619243129590974 0.622325019014349 0.617971277052762 0.649073151290443 0.654987884377391 0.654141871005834 NA 0.793749181544371 0 0.505579655349474 0.578692167108881 0.581872388074766 0.660257037973736 0.649294899509719 0.578934713050605 0.580837568804244 0.657619747855472 0.605119947631608 0.501565217194425 0.581373302656061 0.654625224329279 0.661326797487349 0.581005769300394 0.57956937786266 0.664447928093796 0.653366948977104
0.390784188522672 0.390357451834131 0.575929326961881 0.576176449465539 0.37507379209208 0.357509482417726 0.395380512839677 0.423096668948887 0.535637633641136 0.552642919968959 0.595386310641159 0.581153299517818 0.562294087901036 NA 0.807052874428074 0 0.369602191446418 0.390776500547384 0.39064375974602 0.61082801494923 0.484180846592706 0.423497328729069 0.390216638010749 0.627161961844717 0.436995023260158 0.390484160347799 0.390512656423544 0.606458954935231 0.551443060703776 0.404515671804364 0.390058849381505 0.613402324443987 0.58423268090054
0.256891990919673 0.255626181389497 0.286149478437222 0.278371466757325 0.192318020603808 0.206980701821313 0.208774886001474 0.217979421597461 0.266883504213151 0.270023511012656 0.291633457795441 0.273821376850909 0.277617020559477 NA 0.727260813046143 0 0.189360259468594 0.254249690929179 0.256417633612617 0.326917921836992 0.317353914978166 0.255675608756186 0.256824500379216 0.324614449217566 0.223517506973867 0.255843438316015 0.255334020911012 0.261906320001192 0.268528779164653 0.254840431794779 0.257231795180998 0.28522341457513 0.26847280976749
0.350435139869732 0.350435139869732 0.351682585808675 0.351233252220951 0.372617304149447 0.372601673290901 0.375929235905697 0.37615451022221 0.350672973535243 0.35145116345095 0.351593352614738 0.351315011335984 0.351409314198859 NA 0.487211170147041 0 0.350187301006264 0.350435139869732 0.350435139869732 0.3526907421734 0.355414572963314 0.350435139869732 0.352852715955388 0.353213713985446 0.38300492241908 0.350435139869732 0.350377956590033 0.350417744490037 0.35026616744448 0.350431913648571 0.350435139869732 0.350561453163563 0.350915431897499
0.33029464561827 0.331941073186439 0.338171694274834 0.338301132016274 0.195622788875759 0.213609526279608 0.213055740353643 0.214875954065138 0.335339764824213 0.341506401837915 0.339335871327173 0.337693145880332 0.335801573368944 NA 0.372745096997359 0 0.292762505340212 0.331058421117588 0.330293903124582 0.343021898116141 0.258960631958938 0.329731534542994 0.332269867940359 0.342930194182974 0.255946613012606 0.331700707046401 0.331822339426706 0.345011243747475 0.335125608129364 0.331789010455539 0.332144609267736 0.344486194628541 0.336109947775507
0.549751989231625 0.549595692136529 0.535956591405865 0.531215390282762 0.276940813113346 0.283119436885391 0.300514757780829 0.289690478803955 0.542836718333557 0.541870200688213 0.52925920060301 0.526327690157022 0.522832144132645 NA 0.537548502737318 0 0.46205951715057 0.549752847893251 0.54997831579191 0.479616242278062 0.410567092625445 0.549638069200299 0.550034440636508 0.473156318959232 0.310251767295272 0.549733698517663 0.550118085628071 0.527377143557968 0.527881815040495 0.549844749231255 0.549785112242029 0.501285320110642 0.529116370385014
0.709248654479324 0.711735490328108 0.727688854245007 0.728477738653536 0.58626482623666 0.610141497680561 0.586717499515808 0.618166752625545 0.72423681947053 0.729500570980183 0.727164616639181 0.726524995283779 0.726606350908911 NA 0.68334078836512 0 0.113982061072174 0.712514449118384 0.710933918415798 0.722600179045859 0.710345542411163 0.711760831745779 0.709247624127466 0.714540422613235 0.618148278901662 0.712598857630435 0.714677969451872 0.726614295857484 0.727044039932759 0.711348621719907 0.71090909093983 0.72410628544805 0.72733534119418
0.456454630119275 0.456419181310437 0.471558861255905 0.472081103116319 0.271761897936248 0.26412441006947 0.294692947726885 0.318788612476133 0.455973152143679 0.465672709401543 0.47004136905493 0.476098985549243 0.466731898321098 NA 0.619226659628391 0 0.45491255476258 0.456457856581845 0.456419181310437 0.470808254306813 0.41743100666494 0.456454630119275 0.456378927430777 0.456727263571684 0.308338964202748 0.456427270182365 0.456283494085977 0.458556798632808 0.46069176520867 0.456454630119275 0.456454630119275 0.370549194269656 0.471089478449559
0.418547637093032 0.418987233762161 0.417214877601272 0.416462067953954 0.289317671611507 0.275161040186628 0.269086649370147 0.30039329763681 0.418229994808243 0.416478345223758 0.415017176862667 0.414947764185294 0.416230870097764 NA 0.423741029088048 0 0.291706586060421 0.420085593647871 0.418315635502697 0.404943496137939 0.396944605617312 0.419331943655913 0.419036504426802 0.404187543666604 0.287346679266192 0.418632199322556 0.419188293972026 0.417733731878644 0.416328698324871 0.419238007713989 0.418932080824679 0.413739826855022 0.416717260503537
0.620485103088951 0.621057006787403 0.603915241905603 0.596822962190429 0.377005744188973 0.351839197859473 0.363080070686859 0.375987072430864 0.612875352599496 0.611513422796399 0.59725193173848 0.593044523721505 0.590104140499695 NA 0.620093466809165 0 0.277660901945441 0.617764707553191 0.621946940807773 0.595682021970314 0.427719207119352 0.620022347850371 0.618346645847451 0.605117621070244 0.433112921646244 0.619940586514434 0.620006204524293 0.593759620317253 0.580664717565435 0.619404579320969 0.621330432533305 0.595958638366004 0.568152914980738
0.591888132669766 0.591641126688247 0.587021036070873 0.581636414729853 0.365358482208532 0.37185072642292 0.368693493453833 0.392198315931648 0.592069864156652 0.588313182516711 0.57724229142232 0.579003119395004 0.579531170984349 NA 0.723092774653329 0 0.402411504754768 0.591732382929567 0.591844481151406 0.549686652420272 0.474069624983089 0.591990511965868 0.591928015580077 0.555843757074675 0.424109647085354 0.591610003885973 0.591726778275751 0.573465663682319 0.571049664254596 0.591823642239449 0.591509563897248 0.553733826891578 0.569925957674713
0.525703235124278 0.522743165994269 0.512884818626755 0.508900740815262 0.281748305680899 0.261283802837274 0.282566375176383 0.305020110490789 0.520223530598182 0.520942946951165 0.513643085944256 0.510451067696617 0.507440601307845 NA 0.533088648118236 0 0.152163091893211 0.523451333078184 0.520122105287335 0.477271660465119 0.34831949771807 0.520406921052143 0.526157197242032 0.478286688131564 0.353730813295322 0.523465112423281 0.520979399818415 0.498286477790347 0.501971106975014 0.5218651039197 0.521148085258475 0.480596838565796 0.502330611235759
0.519690141533008 0.521289957983249 0.520747970297954 0.520449218160355 0.490525246963106 0.486970831673593 0.486747328248582 0.491445078833229 0.520177625071505 0.520062305890424 0.520550510160909 0.519750714878569 0.519336180435821 NA 0.522120366679952 0 0.481238721575957 0.519908557758575 0.521304650474369 0.52238226454244 0.521843445077906 0.519812982103165 0.520307756095074 0.522904861320175 0.481887957545226 0.519949673617126 0.520239644697673 0.519823434088689 0.520145550882641 0.519950234437065 0.52004059592276 0.519848378787984 0.519839208324746
0.651432541827186 0.651498057068846 0.689913316130938 0.703323679970732 0.633669044874224 0.648352642998441 0.632267348826381 0.657078363742668 0.666098727885531 0.667353801700328 0.707001068958205 0.71161164769935 0.698064637281089 NA 0.807279857387095 0 0.564891035213675 0.651309946198579 0.651346883139087 0.729289894646142 0.716868645588874 0.65142142476886 0.651448014071603 0.728884999684571 0.653498277764656 0.651313617527931 0.656722120213427 0.707982047822864 0.676938531738257 0.651131710384563 0.651565458499215 0.669901090558102 0.694322468095049
0.262974256367333 0.264884807064531 0.257225680869427 0.258266851917657 0.146788295005462 0.140368721355505 0.1421565491953 0.154925098284892 0.265566744452082 0.264273251015606 0.255437136084051 0.25779517029538 0.257538785773411 NA 0.389583106790276 0 0.196491575601914 0.264258350578748 0.262630454965463 0.231358070098915 0.205187575430407 0.265885331429632 0.261890210667017 0.231665993032032 0.151551170920859 0.268316088595288 0.266453567873149 0.264941244491122 0.261238759078419 0.267268842690323 0.257238348399706 0.25951710444571 0.261803537838765
0.615086796651845 0.615295686343767 0.705298235877799 0.686218820368998 0.505823343932436 0.504845933293727 0.528160226237694 0.557428702890122 0.659122324703075 0.651599835246087 0.676760206443305 0.688849315098023 0.685154384341481 NA 1 0 0.393800159913219 0.613439590585534 0.613295178244459 0.709582864945535 0.648708591058072 0.619659523558633 0.612075110205179 0.703401924372592 0.572246933474282 0.613046402360982 0.615662898216546 0.705328572056489 0.669831663885993 0.61290954175301 0.610938903612172 0.709760218638908 0.695609784094573
0.448297780364996 0.449381987087842 0.433761383964873 0.429671806895757 0.242524492074954 0.243207155066048 0.243547123579181 0.245613222934853 0.445014979347673 0.440267187634642 0.425286959200704 0.417463899606834 0.425586651492072 NA 0.454773865648509 0 0.405175720296493 0.44784008086268 0.451106490834724 0.374053339571294 0.319990513927992 0.451424216364877 0.449178719411057 0.378512445292323 0.246323211204851 0.450584870499942 0.449783518899778 0.430695542571372 0.433901690877317 0.449840142848974 0.450441411702014 0.428298699338371 0.436826721922182
0.77026174708046 0.770358540393003 0.763183520162341 0.75453901404898 0.5239302467209 0.511780743025692 0.504771582302199 0.542700457287425 0.764161288250387 0.766328006773067 0.759681954953519 0.754755392006988 0.752048627944775 NA 0.771294555978776 0 0.5870066642896 0.697922977951462 0.770471416935476 0.737451670432646 0.682770963933542 0.770500297181603 0.770671871909786 0.736880300739304 0.557647934400129 0.770673992716689 0.770378130012798 0.753528231723348 0.747617834267039 0.770585096766892 0.770863749090898 0.744090244646905 0.742913778205764
0.45369428247054 0.45373486339662 0.442997541183068 0.447801264863878 0.218914349977825 0.221173814650262 0.246020983241542 0.256169392285187 0.453132244128229 0.450878719695299 0.446541127542581 0.441701102389819 0.440937828966549 NA 0.453810519887601 0 0.446902534993858 0.453788645053083 0.453738514318042 0.403240237326213 0.401231045679565 0.453747110723519 0.453738627296842 0.39267417973266 0.214060036330155 0.4537093928529 0.453741668036993 0.451876172522171 0.450760972172568 0.453773589882942 0.453778598041652 0.453702269583891 0.448183372912425
0.44114626744931 0.444465351180963 0.438770265169269 0.437641773186518 0.343882212495959 0.334727393536966 0.339304821410334 0.343853095083585 0.44045765071813 0.442011866295289 0.438378429244142 0.438279047489453 0.438042541704481 NA 0.770704284795525 0 0.432327643285079 0.441105319428014 0.44604704943498 0.417276851653079 0.410927582793534 0.441108626431999 0.442955240368423 0.420417030516912 0.350717567523372 0.441095562308078 0.441098057317523 0.440444892830101 0.439259724774902 0.44106992054005 0.440997072131881 0.440700055820839 0.441136211057914
0.216438769848649 0.218024899869648 0.215713646378616 0.21893230567833 0.162527841120379 0.177326525385899 0.175455763821985 0.17898938280631 0.217665988307087 0.218572118373004 0.215204068219058 0.217875233416551 0.218226222160175 NA 0.283560981056236 0 0.103317334971174 0.216282322053506 0.218666899510214 0.2123938940958 0.212502785825615 0.216746529860596 0.217235221433278 0.212761602505748 0.137910412798219 0.221080175700397 0.217819026628695 0.217659019783662 0.217243825219926 0.214478378428303 0.216722075397751 0.219443852917295 0.218277306245317
0.54480273158088 0.544813892938528 0.70568977101323 0.721691467603921 0.631249609223921 0.621928739929845 0.613042039467553 0.627202069093124 0.641767852762904 0.656121792372007 0.715249479253824 0.709713262049438 0.722696049111206 NA 0.783849588931344 0 0.525536418269199 0.544951026999305 0.545153269844943 0.72506872361048 0.710872040943599 0.54462275692255 0.545154838353709 0.723142426074745 0.651634899577189 0.544518222846838 0.545011799732305 0.726194603839255 0.710003317303693 0.544839667617806 0.544693491978869 0.724388290106695 0.71386711401103
0.7108688247199 0.711106053875328 0.738421935580085 0.738272180237118 0.631295675505564 0.640804982147532 0.64031639970933 0.651772067479704 0.727618360307485 0.737111813383731 0.743478687013394 0.735862507011729 0.736524025837505 NA 0.781362059335617 0 0.626528979196673 0.710935660577338 0.713411250246978 0.730891119805607 0.699445121674715 0.710532066880092 0.710385714475794 0.733854729504527 0.667803184296241 0.709664756740163 0.709904973773895 0.731333985111802 0.728978334531057 0.709836278076081 0.710166948216993 0.731952114853697 0.719660901031098
0.67296350632018 0.672476330927649 0.683608351800135 0.681601297609526 0.508774398526294 0.532186482248941 0.536017043674818 0.553067246022803 0.677844094180938 0.679163709268229 0.681399914236708 0.680608602865256 0.679577184137397 NA 0.685564983236798 0 0.292262922336099 0.67313382125522 0.673226514126948 0.666655887192348 0.624586548763225 0.674302125785353 0.672757689546632 0.667895114480007 0.561586180039359 0.673261934554711 0.674236824969937 0.675022033549396 0.677829893709068 0.67420996361521 0.673079970022691 0.680235281103197 0.675457840384202
0.528439416156974 0.529036381494074 0.522928136554834 0.515691346864809 0.310963935986919 0.31277916237172 0.34423961519986 0.353145538711327 0.525509720109999 0.525156789643039 0.519172416075899 0.512654411460021 0.51524880993723 NA 0.529132334301052 0 0.497992106191137 0.527913761387928 0.529095830466154 0.517535332128392 0.42614987991454 0.52896741238755 0.528336011303343 0.523160458402539 0.393319363039478 0.529116325102311 0.528606773057194 0.52044757586112 0.517147742392784 0.528876196438472 0.528826129440362 0.526005119097142 0.510918139425928
0.430606268916221 0.433634956136942 0.463243454508576 0.456743250592961 0.406553069499186 0.424888175065516 0.396911632556078 0.427649582894656 0.438154077556041 0.438497318611314 0.472442231675689 0.459037569511378 0.460405481088607 NA 0.588753207680736 0 0.258616238567187 0.431109310237532 0.431752480045978 0.479756043484639 0.480870117551461 0.431698577555356 0.432532147434811 0.472371108228794 0.395647669845692 0.432237911929003 0.431943643493224 0.442260756186088 0.433849081639545 0.432153778898834 0.432507834819629 0.432531068290359 0.446782844728891
0.375882209340268 0.375786419239996 0.392987286745927 0.39105391397299 0.28687407109263 0.279877427534642 0.307449538120999 0.32160678787007 0.384736569299301 0.379405647058795 0.40138036118563 0.398960005899808 0.391984148449459 NA 0.892154526296623 0 0.355817583045756 0.37576478920438 0.375801851109059 0.413479246652858 0.386810342522044 0.375935668938995 0.375797594311911 0.412034548031961 0.31626653023258 0.376014217739946 0.375855287612717 0.384378255153319 0.377464860353031 0.375759675196963 0.381167871810469 0.38995446976937 0.380192127067232
0.201811460239005 0.201874512776136 0.423790358340776 0.397917053375478 0.221758076911445 0.243354291295844 0.225696874740244 0.243186569126159 0.359825311603173 0.402022364593863 0.416743775208036 0.420422229233886 0.417580590357213 NA 0.471367592985085 0 0.194971058737723 0.202373634367751 0.202566354290016 0.38378548228544 0.286334708809536 0.201933521169275 0.202360543465848 0.37652593927188 0.273118482046701 0.201798680179316 0.202083931559957 0.400391161348121 0.41480112025576 0.201790927857512 0.425999945055332 0.382610455834372 0.408573451807853
0.405221104937485 0.404433630095863 0.386938927200043 0.386215993594553 0.226792754993017 0.19759141915697 0.223788640470434 0.219624051189183 0.399320345883471 0.40168512122303 0.387418616568016 0.385020336817607 0.385074779353365 NA 0.410087960008076 0 0.388094151869965 0.404753315809978 0.404208777982137 0.355456157245568 0.339789613929907 0.404706218112354 0.40464300950996 0.356900972887039 0.209018885089559 0.404349967595251 0.404052339667646 0.395154884127125 0.396167749341278 0.404943698118279 0.404275312565894 0.393783214683024 0.39504166647682
0.57781413267386 0.576306532913225 0.562069906352797 0.557383648862524 0.328435952632858 0.32231579665047 0.33675016940933 0.34771510824638 0.570123394669785 0.571287326272181 0.565359145258297 0.557796845091497 0.557930942970213 NA 0.58735192161791 0 0.344274612667692 0.579625646269233 0.579213402930501 0.494984575930597 0.466241015050513 0.576831967398837 0.579042454730629 0.493860726769598 0.360329434885372 0.579151600745431 0.579383991529705 0.552402435439298 0.557339010204614 0.579336824891841 0.578288563460539 0.525941832012542 0.558910915686188
0.284856479865279 0.387018353729397 0.388390876372336 0.383972374445981 0.305305443918669 0.298812672830564 0.29055329467344 0.300912288767129 0.378395947371665 0.387847810514395 0.382078439277096 0.38244165416436 0.382787707755817 NA 0.738252570303866 0 0.220786444435832 0.287803178849291 0.386591255706001 0.370184225271902 0.367844673924718 0.28580845783904 0.365274619289183 0.379165687522506 0.296333640146237 0.287872457188127 0.355244765566953 0.382540236334965 0.382440544093899 0.288654290917362 0.341544838989625 0.379848323098183 0.378632536041564
0.605184831983941 0.602746903641724 0.589589227899453 0.581504944273377 0.329231723923054 0.337703305416126 0.358235047951872 0.362200211370015 0.594176920810011 0.600046112264565 0.584702889965972 0.571552219145238 0.577033968855592 NA 0.638647542803291 0 0.510062210152877 0.602917390175345 0.602468134972891 0.572266418193875 0.413538118832169 0.603876252307486 0.600947709160888 0.577473178396192 0.429322188578634 0.602575812016177 0.603165861617118 0.579637199456736 0.543439459689383 0.604046045905123 0.603051943515493 0.594301247225513 0.530781987455059
0.155576104340388 0.161131672975223 0.242838527840654 0.220133771463102 0.115520072618162 0.12177584395187 0.123910800799953 0.135192591482944 0.217580531836621 0.204562187025335 0.23377289681784 0.236225684795856 0.2215306400373 NA 0.4055205795524 0 0.111299737452498 0.155496186274143 0.154957101626834 0.230884735640315 0.178783019944188 0.155252105236732 0.155376079273582 0.231291497979826 0.158706742039174 0.155879283462199 0.155533682273941 0.217354416622894 0.225057733111616 0.155641190125228 0.155428054893256 0.233219116082527 0.223422333670198
0.46658526943777 0.465937732117817 0.67099042025498 0.650855270724334 0.347253053857894 0.344426591144342 0.374927625380174 0.377775088976386 0.667831684580454 0.644221668186078 0.654459246421813 0.644365054221402 0.642146940790396 NA 0.73869447337675 0 0.329256852694994 0.466503716394974 0.465631745298076 0.649138658586779 0.450485086958896 0.465918502148563 0.466956107768729 0.653260496679093 0.465462411923832 0.466301282716748 0.465933967564235 0.653056083551743 0.562986487886001 0.363945622493516 0.46583842696516 0.65797960514786 0.473567705420952
0.559888356367174 0.559072019828458 0.543783145343914 0.536678827781366 0.290050241983594 0.311019966167904 0.305244901885161 0.342339755779179 0.550760388359008 0.553076220467327 0.534876134854464 0.527762577399666 0.535205781049488 NA 0.572832301931016 0 0.386315193541115 0.559978196358404 0.559603926332343 0.485881404007574 0.38356006422365 0.558899623348022 0.561035784612695 0.489551093053093 0.349327036151132 0.559531357881312 0.558136216313078 0.529261047590814 0.528573280863393 0.559758473206882 0.559531014786008 0.478567073917125 0.515498907850269
0.253352701015594 0.253394305284122 0.256774487749108 0.257071534297214 0.213287769414638 0.203732606232668 0.212861602586016 0.224236593747472 0.252679012312287 0.252444718087257 0.254170162680302 0.257996745538617 0.254210820234374 NA 0.628031205682448 0 0.247132044571404 0.253366967866297 0.253356158016023 0.297195111369557 0.274215569788015 0.253261979743229 0.253356642854026 0.301264155577282 0.238226689103233 0.25337603717964 0.253492875753579 0.252880899368131 0.256068967007422 0.253272992188356 0.253338152148908 0.253633063943747 0.254361758392648
0.822553158821024 0.822671389374886 0.820610592509651 0.810968620241756 0.648971805977862 0.649575786431216 0.641503239354493 0.673186233005905 0.818436455831635 0.820488743788701 0.815046262045186 0.814895844306894 0.813254525213503 NA 0.89593147751606 0 0.290809226495295 0.822343118035613 0.821671424629684 0.798843979727545 0.776122486054587 0.822438173224379 0.823444073549451 0.798410274280141 0.67019346824029 0.823571732800394 0.824548359915253 0.809489335301416 0.807547604371923 0.547270874561036 0.82301367645148 0.795852460904471 0.807616261833094
0 0.318455485120704 0.438181439772809 0.432977966950592 0.25461651699999 0.219957529614062 0.284619485407282 0.290323406752344 0.426806388343748 0.440322918501751 0.435457204294746 0.43049170283159 0.431662622339543 NA 0.222545652538114 0 0.0140617071067908 0.194449768050545 0.315078036395106 0.397438304505205 0.400584707247791 2.99843510069526e-05 0.437543268910525 0.399412820943585 0.242414870447438 0 0.386651793229015 0.429621851161544 0.436076964192996 0.240358536655517 0.338122542241673 0.428937322383202 0.434969332424181
0.344861081113058 0.344871219233438 0.453493071003857 0.47356875531374 0.294042095088935 0.272600876984073 0.295802652479934 0.306698016021048 0.455223690575674 0.437802708524661 0.469459365554507 0.46458611187818 0.471611953262681 NA 0.511868890508314 0 0.341599779614294 0.346855463063422 0.344862296128643 0.484386018925972 0.376128245623092 0.344871219233438 0.344855997797453 0.476661599883039 0.347295199418366 0.344871219233438 0.344861081113058 0.471265158720483 0.467382378287936 0.344871219233438 0.372413630773377 0.472713736275067 0.456693936502258
0.424784124658697 0.44895413548274 0.53038148676344 0.524722195431596 0.268507774534366 0.285268953695633 0.299912254397456 0.320412052445493 0.540296738734337 0.538734236165836 0.525608591500246 0.513883040637957 0.514285870501193 NA 0.695127066010529 0 0.420744835788612 0.427770726196007 0.466164602129727 0.463357815766879 0.358012557268555 0.42443252613532 0.42524769916244 0.453717355969898 0.325977550022344 0.424694584730025 0.425210525035585 0.503511100689868 0.514947183512495 0.425122479140334 0.435934057893774 0.467765744451295 0.516247402259214
0.516087237587048 0.516875313851467 0.509772190201451 0.499687567828607 0.286036801342844 0.298431251227581 0.30433899268556 0.312560680067798 0.511493365897959 0.510720690946344 0.499926590991401 0.496481765914467 0.500684686883982 NA 0.556669361358125 0 0.0645702080676226 0.516187942075148 0.516981773079427 0.465699831849696 0.386400166446677 0.516373535258831 0.392856134301077 0.465315073871288 0.335930965480714 0.517491438225131 0.515810004943064 0.492247456835591 0.500201455206759 0.5171494944946 0.51714998351258 0.477715357824137 0.497662372954299
0.515797684392023 0.599637459104362 0.594206215148619 0.594090294304237 0.446312140814899 0.419134682937757 0.428517285900857 0.440605442539019 0.595952883703806 0.599615355067944 0.593213307901183 0.593265465151332 0.595457019166874 NA 0.541030296557371 0 0.482567714411256 0.517924287229169 0.601494365675841 0.579845073593448 0.562295660068972 0.514614047613541 0.598397195717433 0.583323071618931 0.421760809469686 0.517383255640008 0.554429731662719 0.586713214138908 0.584485845325499 0.516060459831045 0.567450488362618 0.584084433184057 0.592983716820613
0.741826038220885 0.741826038220885 0.739219368251563 0.739379249973883 0.629911240927247 0.617507583912726 0.633902539073886 0.641748118732459 0.740990499858436 0.741197272602137 0.73963628295941 0.738751694895818 0.737905459093905 NA 0.976440367271897 0 0.724510099857381 0.741826038220885 0.741826038220885 0.731455436559804 0.730690118004817 0.741811562905664 0.741803774620258 0.738794538372353 0.646865084122482 0.741826038220885 0.741826038220885 0.741240797460062 0.740928163353209 0.741826038220885 0.741811562905664 0.740394127808308 0.74042912317994
0 0.231214059558843 0.575438225593059 0.557945667282212 0.228625197954889 0.260184661993939 0.290080223406741 0.308607632563182 0.55918340377116 0.578518880522525 0.566388598638068 0.543134995173459 0.557334855974476 NA 0.630147358611451 0 0.0467584088292109 0 0.574967936738974 0.509422742081025 0.456453579207101 0 0.224087421308975 0.501191129198025 0.299845819130784 0.0383798671139878 0.167189541411712 0.56399156260375 0.56823747272748 0 0.131495061059478 0.518566805856474 0.572347498394436
0.574585493902482 0.574496269501176 0.572867099443386 0.572549835845266 0.466737082901033 0.46995640069693 0.479123991280661 0.474486032025612 0.573775869106728 0.574215766093315 0.571853377457068 0.571562865898931 0.57219890514381 NA 0.742448590989855 0 0.530355535781327 0.574577106530173 0.574536196870372 0.567138194415898 0.563966770779866 0.574478424620914 0.574500379624808 0.566908101656574 0.490459770172896 0.574531959261698 0.574557767377494 0.573884042940866 0.572614920613882 0.574522589598785 0.574510395831766 0.574341731951772 0.572748937070918
0.82742508545826 0.831211382270833 0.827950808317798 0.821036336014155 0.454024441814455 0.448227016647176 0.479549187635261 0.534005559633759 0.829865402048769 0.826725424090116 0.824975254256909 0.816116822047924 0.815013763199938 NA 0.85212177954563 0 0.529162170478314 0.831773956665188 0.833387049876266 0.730974845258552 0.702347422382271 0.832261332948179 0.832146183525378 0.724178105898093 0.472392611187534 0.835557814964816 0.834298473550316 0.795165326454693 0.80973758422136 0.833099910719367 0.832834896831112 0.754255263796958 0.809763927138925
0.44087308336177 0.510039408986243 0.580105573333595 0.570979929555153 0.497123820493545 0.513666443665597 0.508689623819665 0.513891586339503 0.55343645776409 0.570673174784092 0.577724549670711 0.577341532035127 0.579943048128091 NA 0.932984070653032 0 0.405266703227103 0.438633273144011 0.51154809799911 0.582057748915372 0.564560216351118 0.439586877929376 0.43858429591854 0.58369840425114 0.518161848911131 0.445469024242572 0.47369756719292 0.540130214845077 0.570220924832598 0.445115266217161 0.440019770150019 0.579985745717419 0.575363085793524
0.590215001212079 0.590260202578712 0.570432805318652 0.564277900375646 0.466926545845477 0.454666017117188 0.466607739096649 0.470306001780551 0.581619455442041 0.575072503876356 0.565765230832122 0.563234917342575 0.568044820722605 NA 0.616418824149341 0 0.563492080805748 0.590517264342251 0.590038849528385 0.550360342905653 0.524406260413161 0.590264748433813 0.58997209592865 0.548368445507607 0.474874161395704 0.590304810917758 0.591276122302709 0.582459643114523 0.57768203465175 0.589964368166871 0.590366349251615 0.576196659622295 0.565880506467487
0.483492218230106 0.484981446213685 0.544902364276268 0.536188237338117 0.362765196477681 0.354741588860677 0.361573746940859 0.400004305419526 0.510732111626945 0.520381061636648 0.542864415452107 0.544832886537958 0.543292263213002 NA 0.707110692224277 0 0.256128697111102 0.485730397176185 0.485168319007257 0.604575928769662 0.441150335025699 0.483443000941003 0.484478817882881 0.610318781591772 0.451179876870063 0.48479022541376 0.482620989029771 0.588305043347108 0.542644496440901 0.484029770330226 0.483968834220197 0.621334095863087 0.522352702244536
0.434358885536434 0.434398837211356 0.466457480466885 0.461348000245215 0.366854375260677 0.336198148898263 0.365554486663347 0.360404083263818 0.443500078010205 0.456783025450043 0.464596033052888 0.463051891591831 0.464743656785458 NA 0.723994260209223 0 0.432497091867482 0.435419471758193 0.434378861373895 0.450437820730749 0.452970658622899 0.434339754578099 0.434396467062075 0.459527032897978 0.329784213652128 0.435171774495429 0.434418813048817 0.458762387392835 0.461105593062643 0.434359828410575 0.44114376782054 0.45810343558969 0.454546272856314
0.245449093193812 0.56281866139568 0.570054417531052 0.568226763052268 0.45634057278831 0.454047252265167 0.483449049644538 0.502323306179207 0.568220600424638 0.562400252443128 0.566907554782579 0.569772590573357 0.571140108309844 NA 0.608341371460531 0 0.187247366529049 0.242712335880113 0.562922986047645 0.561878186893235 0.550552432955637 0.240313075980085 0.561605177149669 0.561717426469019 0.500180665316254 0.262613927695263 0.559959664178577 0.560672398955086 0.569232409170906 0.243403731844758 0.559319523150246 0.565790290846655 0.566574925225458
0.538595648981288 0.537894643179156 0.53851720428757 0.531322183884696 0.335097135166093 0.37986160928689 0.369158706344908 0.386037283969515 0.536532895538808 0.539135123729394 0.534076303116647 0.53393760453791 0.53136170859287 NA 0.836149240703914 0 0.412335279745156 0.538052622215597 0.535619109415213 0.52500035466624 0.484382525772519 0.539075475270597 0.536068367349676 0.522278997659537 0.375998284182089 0.539004207821149 0.538771386927209 0.530742237981429 0.532723501169146 0.537794663780893 0.540077468478006 0.526700618888497 0.531902955525418
0.22273548325759 0.222280515660145 0.234896777577308 0.233381677676326 0.15183619479124 0.15021648710731 0.130728254995989 0.149594658739161 0.223661659902877 0.226473360989547 0.229192796468464 0.233082123832637 0.236106619318493 NA 0.203876965011355 0 0.12693532526248 0.222093488996442 0.228318710693838 0.206667440746555 0.213055326545498 0.218388887067578 0.223141956074788 0.213326343086634 0.128657111364795 0.219686613284373 0.222426227544366 0.225940824273908 0.227106661441393 0.218636143239353 0.228023434926866 0.224459451723459 0.229044720583089
5.20939392581486e-06 0.0197257311931262 0.0198629647513078 0.0192652536931555 0.044103631072336 0.0462321927393158 0.0475188537179527 0.0485837154280935 0.00620079779050365 0.0212177539928518 0.021194753186931 0.0214683574679901 0.0178651107851779 NA 0.345272873718353 0 0.00411273130712138 1.0477299185099e-05 0.02101894221129 0.0285626282166067 0.036546286706716 0.000204812714193501 0.0164224358942987 0.0198889290898406 0.035626999673276 1.0477299185099e-05 9.92294473086096e-06 0.00461366134488682 0.00367863765544439 0 0 0.00351377138414521 0.00512545096159816
0.397174623172967 0.429813856277567 0.43064086783304 0.428180803812408 0.358167941163189 0.376495652991061 0.377397236590208 0.367780370364635 0.406217712341745 0.43511917864601 0.426092017086318 0.435324939346949 0.428932277170111 NA 0.452582153394021 0 0.390239045690703 0.397274299460995 0.435624100675966 0.432324190202831 0.42980472541439 0.399129478900301 0.430548424354857 0.430987864042079 0.367909018173017 0.397234951001544 0.397383732216731 0.405189296523502 0.405985637548386 0.397140592259699 0.40077550071814 0.403513483330682 0.423309494145248
0.335053527015874 0.573770058086314 0.588257997963707 0.596587907834752 0.481767786092623 0.475384309149242 0.503792967077682 0.526592855634055 0.572246578534495 0.506685636227668 0.595738615939746 0.592480944869072 0.581040109309533 NA 0.8389084018403 0 0.346114721435436 0.334810683101503 0.334704198918686 0.637446666264978 0.598203673350307 0.334816440394515 0.547691366333067 0.633480518785607 0.525997755482843 0.335247278035323 0.467703490077061 0.500255588007473 0.558758144494292 0.373621350439364 0.553754552017516 0.549560321206207 0.510514539877648
0.555912424676654 0.55589140438032 0.567321678142829 0.554176463362391 0.272187651302962 0.303139108612869 0.318709126229308 0.349478489381939 0.561040993592316 0.556938613267877 0.559578513357005 0.55183203290002 0.559246369258199 NA 0.565237675902329 0 0.437480923149862 0.556522123073997 0.463812003108821 0.528380563155805 0.422336327113715 0.556455188301278 0.556032096388221 0.528903551411878 0.364347170185816 0.556381720143877 0.556494067335632 0.54974298312988 0.550195218372351 0.556571153516525 0.555902129119905 0.518748955855289 0.553932299419207
0.397357080036421 0.582222126818174 0.91084501947891 0.925090616593375 0.669734152081331 0.73918616501914 0.74640725726914 0.748225717621798 0.92867550812889 0.926857871651781 0.927578134900189 0.91805638770952 0.926066043724321 NA 0.954255664409521 0 0.409275346014821 0.398030379476308 0.577663958653479 0.900381722932607 0.887375353853134 0.398474538652063 0.593399170735217 0.900821060477319 0.764027887509957 0.398883364764651 0.407679392410942 0.823760087955542 0.924909031535024 0.398059025873642 0.465074680068477 0.923780761583003 0.925883460689039
0 0.173227646316723 0.488888306236217 0.51899644314708 0.311423462030278 0.298336118308476 0.334521840789684 0.332592916222471 0.25744087014081 0.470784361465977 0.518738743568031 0.534877377387363 0.528781249243628 NA 0.66706890071413 0 0.133299381294332 0 0.178943689079574 0.558161238482913 0.389150624736543 -7.03157566085022e-06 0.184461842469768 0.552287119254085 0.363544010804943 0.0234897827732872 0.160622042768105 0.569760590464141 0.46378294441765 0.00114288508274103 0.194333426300674 0.539390786638727 0.548145358523481
0.217101872107098 0.217018842249361 0.538432449730574 0.548358128141557 0.427547505000673 0.410689471778325 0.401560185314656 0.450091527100177 0.460450530979967 0.537618064801623 0.541673559128246 0.537849401289391 0.544169402799412 NA 0.910068266361444 0 0.217101725215396 0.448184152721934 0.216955897749796 0.524024578708995 0.522674270091139 0.315381996947293 0.217005754903136 0.518187471758235 0.411039578248585 0.217017567870714 0.216912380958064 0.539440641203825 0.531828242740923 0.217007779935788 0.49256805521212 0.446195666130673 0.54255205330439
0 0.19675599128814 0.636193647433268 0.612061672192833 0.445223550019742 0.402200467739004 0.399133049977254 0.433408642416796 0.593703045987132 0.608367372353484 0.617055079244773 0.597938804627265 0.628054290658302 NA 0.717677935387115 0 0.130968519857794 0.194543249849606 0.43443583916803 0.634578020919633 0.491546771502713 0.214364960468447 0.437513242719924 0.631304389430929 0.487426786866775 0.194408236260757 0.379010647442864 0.634546738642074 0.571051297535355 0.0714206652831223 0.432295685502797 0.635545476681973 0.576889839260663
0.659546827187036 0.658567931995136 0.65486173693986 0.655939864905431 0.498545969739177 0.501670606683289 0.49527856369021 0.512092070584335 0.659286681539961 0.657675144202509 0.654457849194823 0.655357877941841 0.655669957668426 NA 0.801864955007632 0 0.380749898737857 0.659150179848577 0.659822117501031 0.63226440147771 0.626872674252616 0.661453737129046 0.65987369544689 0.631438530111072 0.499162055730309 0.659270489603225 0.659934726568591 0.653315389752354 0.656013282489812 0.660231739864116 0.659789247245912 0.657320822701006 0.657742103032976
0.890042023140414 0.891237901514759 0.887066983988751 0.885579718667183 0.685863329698243 0.697289968048596 0.693601124958083 0.720634504740934 0.889923605340265 0.888118733724748 0.887540434466458 0.887925167313202 0.883722748073154 NA 0.899189508613729 0 0.532306409739017 0.709014859896446 0.888510366425061 0.858249579168416 0.852016217501323 0.888866581615576 0.889843658341724 0.856530161646417 0.720118160714545 0.891610363277537 0.889797654477292 0.887786590642762 0.885491196751864 0.890616654764599 0.893070197647468 0.818359770328804 0.882199517417912
0 0.275676642153387 0.272642042131915 0.253037821076517 0.148826608747892 0.13484953972759 0.134434675386973 0.141106553102144 0.258466114067476 0.274621266909133 0.267440016921871 0.266074979355518 0.263977327077161 NA 0.355813464612737 0 0.00916300009273643 0 0.277811966035046 0.240885845817971 0.2169627574756 3.28677074774034e-06 0.279667903479575 0.23796416218108 0.148487922071201 0 3.64317306225687e-05 0.258201593697963 0.153025308626986 0 0.26788039011504 0.210077428068151 0.245769334245529
0.611983050514781 0.614509371467167 0.608934810356645 0.605607739602375 0.398202676935678 0.429818350710831 0.439493695318707 0.482288216967974 0.611496811212449 0.611034504874818 0.606873045326869 0.605457272686474 0.605793405877757 NA 0.761415050472495 0 0.271397560307143 0.613537281242094 0.612764481630491 0.574409468234931 0.565316096537717 0.613631207123886 0.612406216706857 0.579141300008834 0.443382911040458 0.612907998115448 0.612773216493071 0.605110865012579 0.605781295749286 0.613024411298647 0.613050333412134 0.59407918089004 0.609100340846163
0.624338996741349 0.202038632729041 0.620340026004136 0.623236682403341 0.414596796847354 0.506504834481445 0.489483671691541 0.476964008748996 0.622858740709902 0.623338425683205 0.620783047592635 0.620276585849435 0.62113497783353 NA 0.641192116636853 0 0.153519910326085 0.625295015015122 0.623735352953338 0.618100119604254 0.608678769998927 0.622516711711204 0.625183013901093 0.621110505090748 0.41710945391649 0.625417291887073 0.621939451421984 0.623511449178038 0.622817201140859 0.202148580390084 0.202087497711976 0.622308545716392 0.623796633893686
0.187411441209542 0.187282763294685 0.268965366961548 0.274835871379037 0.221491973884272 0.225903151392178 0.26413541469949 0.250994561590341 0.200088006786562 0.236858173227121 0.277094916089518 0.29484169640957 0.273153105404815 NA 0.500389208351596 0 0.165725622689635 0.187430572483669 0.188025072871431 0.381310486310551 0.309187737358139 0.186397553365319 0.187663855613324 0.382200031907581 0.286400188136848 0.187479233148155 0.188192093395134 0.251260396807098 0.275028196506888 0.187504714173888 0.187570486160783 0.403457434074576 0.25012497302851
0.649740050649837 0.649776117000272 0.6775118681816 0.680893249017926 0.554772770285469 0.595579222279164 0.591681877853667 0.603972176628169 0.660359633603297 0.668842643354256 0.69072919299419 0.681097939419027 0.685290909906599 NA 1 0 0.385520284847629 0.649703568020649 0.649350402170781 0.70573258290114 0.674593291901805 0.649793689856456 0.649647485659756 0.705369958965314 0.619069578941961 0.649905809625382 0.650852714172643 0.657940784461522 0.680607699478679 0.649478667983989 0.654620873292295 0.654304704382077 0.67885186332691
0.298579895263853 0.302998795407173 0.637197182115234 0.640508634701636 0.450469979874291 0.423268189737812 0.454709777803378 0.490761488755898 0.581543355006301 0.598827173002797 0.64313811906081 0.667023177256767 0.633262552028452 NA 0.974234609945767 0 0.323575195954054 0.34474977323152 0.480272735897801 0.662450282917004 0.595586078291984 0.298962127358643 0.506984122607318 0.668298570299981 0.490161706319001 0.485302488831639 0.303032130698668 0.662192090942772 0.656336636448054 0.395189583089493 0.306218476097017 0.634407296849036 0.640546294560634
0.146065486537304 0.146152590632954 0.244447670040948 0.241175129859499 0.165954249260183 0.160376463541577 0.174209670516014 0.183776453513723 0.192822460667949 0.207361733612219 0.26947657544642 0.234036707980376 0.225598481688932 NA 0.444558249007636 0 0.140902421199936 0.1506859972334 0.14609883427395 0.274227063732318 0.250288109463777 0.145964944024456 0.145890697640322 0.280797407855855 0.19080629477589 0.145933832526416 0.146282733109872 0.224579682916982 0.241814893221376 0.146116680336539 0.14598593827835 0.221271360677665 0.18155405782733
0 0.0872828290200415 0.566946219732205 0.572640768439885 0.293630995563206 0.308729258598217 0.276762276525534 0.325871995834827 0.575784696452327 0.577944470136937 0.563228919317991 0.569418196303385 0.565044339274715 NA 0.65479533473219 0 0.0357822004659902 8.26773185470477e-06 0.584851206627139 0.497508212527662 0.447936594879905 0 0.0910205790842166 0.493642971700288 0.312146301642337 0.000347142841029595 0.00281923535964138 0.55871904866961 0.573000978967324 0.000488883085446497 0.00113671307955113 0.470609260920863 0.573450182346509
0.409062420237175 0.409175387550887 0.454532739447966 0.464224335603393 0.465565531272815 0.484756062178362 0.493177084445308 0.479264877601008 0.430760799040944 0.436406966750096 0.46215747865082 0.463431050137097 0.458829578232043 NA 0.651367380229489 0 0.35813166832776 0.40774695737915 0.470218508079211 0.515018458302935 0.504059718735854 0.40899857750952 0.409063823888077 0.512745743161014 0.464651478622054 0.408499422651869 0.414140168299624 0.447901738478445 0.441732881149929 0.407159338294917 0.415406273635591 0.452703558358194 0.441710726219733
0.476619632544111 0.476720265334391 0.482566021026177 0.483774168501655 0.456924305257186 0.459218583522814 0.450049355748342 0.465157139598491 0.478316699511266 0.478618455403561 0.486534881665538 0.483419621435763 0.483824924347979 NA 0.617819094595565 0 0.113291971643084 0.476960434289965 0.476432244150074 0.502433152346636 0.493499336791116 0.476733489213331 0.476641811188902 0.501179160784563 0.47456513069996 0.4764239732392 0.476236852186975 0.487323173987878 0.484103840327156 0.47654084887635 0.476751746743605 0.477413056194498 0.482773735089609
0 0.0142972106387969 0.0198937257953385 0.0252412795152377 0.0802799669598026 0.0803922805500976 0.0789382601148293 0.0790493417773507 0.000783005350627137 0.0220542040210088 0.0374971078730992 0.0363280825600033 0.0245510795407685 NA 0 0 0.00495037894889559 0 0.0146936138322803 0.111957463113713 0.0986503878737966 0 0.0238845369804718 0.0964501689259847 0.0915843874694645 0.00010351064786422 -1.48941973873223e-06 0.00859170057728851 0.0054682660431961 0 1.48156294550065e-05 0.00051016034322585 0.0051233451429183
0.682282782301581 0.683099981391365 0.658648779829291 0.652728323860944 0.367535146909787 0.355536404564514 0.361970864333079 0.373638762703993 0.673127926876903 0.672859629139828 0.658552909339401 0.645468372032745 0.650991454792698 NA 0.89409305140384 0 0.553046556703726 0.682652499067721 0.683038884789349 0.581751322474629 0.494107874872344 0.681817664346761 0.682979901568569 0.572045456601378 0.397770450062939 0.682633492621632 0.682658569406224 0.645819397231055 0.649630431431654 0.683193384478439 0.682588117140012 0.592408560593547 0.649527800434397
0.236167233308768 0.237666875157142 0.233995763331131 0.233366159973677 0.144567078971215 0.151828268325093 0.160855117413528 0.16229405900214 0.236472473221677 0.235200528698814 0.23421618175776 0.233288325658324 0.231913429295104 NA 0.244426068401818 0 0.203506897756224 0.236667221740903 0.237016974750463 0.225440610123945 0.219806821986478 0.236355220051028 0.236889626867114 0.227008957803154 0.148306497269472 0.236264257273812 0.236767500042288 0.234608047534625 0.23412108193158 0.236653768029809 0.236725929413595 0.232785179938638 0.233350285058892
0.396243654515808 0.396263846654051 0.394280490128874 0.38985708404194 0.210144141274074 0.231038633489091 0.23699480484797 0.252454640806736 0.39630436004823 0.400180985107013 0.395404183312869 0.391379850339199 0.390584533982618 NA 0.509374994396699 0 0.387073267294969 0.396454775004938 0.396209900652856 0.351105141704159 0.318603583799463 0.396120773584076 0.396105691334109 0.353156340446107 0.252689926721998 0.396651036968798 0.398038628952115 0.392674125451376 0.391722429140305 0.396297944369462 0.399247080069533 0.379180133295575 0.39478979979117
0.638505151955753 0.638996486581991 0.628834901384068 0.614160369552013 0.341706746249999 0.361044399472297 0.364380572203643 0.380530574670326 0.625532066218791 0.631755346431511 0.620399919824826 0.610249375871095 0.605702390292573 NA 0.758692661295856 0 0.171676397569338 0.624290822149243 0.637818075656142 0.581844135403587 0.471047409715002 0.637968114012998 0.638356894719305 0.575939992805478 0.405337784397607 0.63874152503017 0.637622183511361 0.599309447816015 0.593970884962897 0.498523292015515 0.638140775793118 0.593659580817407 0.599314244385022
0.427308318998982 0.567195459396336 0.558896081607115 0.555993039104151 0.354755589596093 0.369782168367274 0.394848307120099 0.392486846317928 0.562610076127162 0.534598825637787 0.557804690640115 0.552688529966854 0.555914605187894 NA 0.702018268441233 0 0.378852675146307 0.392190849197312 0.572650043246007 0.516734022824093 0.480744246771255 0.486386131825108 0.391840544374321 0.518381533321843 0.363569817444334 0.412761580284033 0.441134083582097 0.553498341834041 0.56156848797657 0.391462045846993 0.569091938525363 0.526340270358572 0.555361847699115
0.339036491609273 0.33891039774612 0.334228897995855 0.334939307101768 0.189968556167598 0.197437783021383 0.196297451729188 0.230526491997301 0.338631223402166 0.338719357270785 0.33403772110002 0.333261619999927 0.334505440003088 NA 0.339348328059523 0 0.329422619201 0.339048874448412 0.339098405804972 0.308526302629367 0.310181383416593 0.339098405804972 0.338843424866728 0.310414732856312 0.211326074638183 0.33906521640369 0.33872166264104 0.33701844255254 0.336942327077269 0.339123103781013 0.338917721901567 0.335747734814876 0.336645169971609
0.8381558668036 0.838624284883964 0.836004722736235 0.833820079704935 0.614739401169243 0.659412890525507 0.635907148720676 0.672012648970322 0.836795110847019 0.837091231900635 0.835670860836993 0.83059574557125 0.830601228181966 NA 0.878426741562046 0 0.371366122253285 0.838893034669098 0.838507914654708 0.812957369300173 0.796291794814154 0.838427099487858 0.837906972042117 0.814704991711175 0.673452913156942 0.838162343280594 0.836584004945764 0.824002296884222 0.831147024135137 0.837648129155565 0.837854673986681 0.802800855722861 0.83259045871897
0.664841493164083 0.665301578624879 0.660422685920953 0.655381031268032 0.444000110700873 0.447069391061416 0.445231351644543 0.465579241218866 0.663705356042563 0.661010787520857 0.658766142302076 0.655578107230505 0.656484106151638 NA 0.666836773585751 0 0.414740169602321 0.664971614789782 0.665331561974456 0.613947751675053 0.617046234921618 0.66499273836009 0.665543794438845 0.623579222283413 0.444795272661512 0.665034904091171 0.665358982641371 0.655993148397199 0.658956643886524 0.664868109099153 0.665078648017185 0.586853446285238 0.657833825959361
0.653388476746383 0.653388476746383 0.650768184944843 0.650307223076254 0.57484727696999 0.531540102072197 0.545684522955108 0.539066244647197 0.652581131150085 0.652740007339415 0.650408595047147 0.650035534820685 0.650018939192499 NA 0.653388476746383 0 0.64612888029966 0.653385356496812 0.653388476746383 0.642834021413309 0.640223693996594 0.653388476746383 0.653388476746383 0.649554239569499 0.56022365542941 0.653388476746383 0.653387118434969 0.652468126919681 0.652709048365962 0.653388476746383 0.653388476746383 0.653300288724984 0.653172687932549
0.487259220877098 0.487259220877098 0.485952535596045 0.487039899240111 0.283336048479878 0.319540108256685 0.282875502431751 0.319279062224847 0.490031291605078 0.487139089505657 0.488388226807642 0.487458359139817 0.483256160244012 NA 0.487272727272727 0 0.48363835112054 0.487272727272727 0.487242816457714 0.471999768301405 0.355056134253858 0.487272727272727 0.487259220877098 0.475185669836657 0.327524067403591 0.487222618121946 0.487193021655783 0.488898288003586 0.480364672104842 0.487408527450052 0.487126337590375 0.468456462132514 0.488721367252172
0.677068982775936 0.675261022125495 0.668699089331001 0.665775362145118 0.406060735715715 0.438603061665875 0.426703527525872 0.44319929054617 0.671736798447527 0.67451475757528 0.665742570248356 0.661622605835246 0.663648033499398 NA 0.686249825345537 0 0.309713976032326 0.675506666485073 0.67678903582345 0.624415448419745 0.578841791648815 0.675829468739358 0.676558476336829 0.632913922360767 0.433664593680532 0.310207480923809 0.673777641814998 0.663015468419124 0.665752455573092 0.675699253527708 0.67702170138241 0.654660050534941 0.666467745523011
0.520656370865166 0.520145479826843 0.605910534132854 0.603146332713858 0.48564847813864 0.490863463822516 0.504899784682779 0.518203796264098 0.599622199920244 0.599683261855847 0.604441102439041 0.600113650645909 0.599070966904932 NA 0.951878876423844 0 0.267021221429782 0.538282363539889 0.521267803218651 0.604491967470116 0.595495030775699 0.54017506080512 0.519548546967929 0.601507404945135 0.522157992688805 0.517987786509836 0.559620566502537 0.604540877574742 0.601332404787622 0.521322767713531 0.520578582820034 0.602173257347952 0.602166477262442
0.462692234299728 0.462841369164789 0.458401858358398 0.458109114405457 0.31505986016675 0.30078386818492 0.323795012292616 0.31223072405068 0.460488089783144 0.458688260159475 0.455252727093471 0.457523577008703 0.457179936266485 NA 0.46318950669081 0 0.457581446990744 0.462809438553713 0.462933540465825 0.443851809245105 0.438481291011355 0.462806521617996 0.462809438553713 0.446951430535675 0.281532049696046 0.462764971451674 0.46282203435701 0.460784606724014 0.45934190713087 0.462879251910529 0.462712940391071 0.461282315701523 0.460227806558656
0.389154372337701 0.388446027354838 0.387185969179406 0.384891830846774 0.319343325244792 0.315961760186351 0.31697721478858 0.325636569928481 0.387659561096443 0.387730960761992 0.386104437268345 0.384262482703453 0.385624704173663 NA 0.398568611968175 0 0.239021822273962 0.388685523364365 0.389618307967093 0.376187172234773 0.37595018703773 0.388707637058951 0.388224516280888 0.38376727648611 0.329985594923163 0.389401414692571 0.389033689703741 0.386444614081334 0.387581755064136 0.389331620311592 0.388666351674988 0.387597556768505 0.38695562257508
0.158703944608057 0.224960730257428 0.21597823843268 0.214737397651182 0.160924397553417 0.152026107678103 0.157115060416342 0.161107909963336 0.219783458118958 0.217448051524753 0.215720143568301 0.21456882581625 0.211851008015161 NA 0.433077940592093 0 0.127700109709462 0.223416355769067 0.224141268131823 0.208468220642725 0.195454259745932 0.22359992144608 0.224555700717745 0.208358685934037 0.16649069888816 0.150621907723532 0.223818755150817 0.220226607716699 0.215618538499207 0.220891925588469 0.223552942490941 0.215496560781823 0.218545906540533
0.472890299098924 0.533898229245613 0.535846919255877 0.534836355495981 0.584315345936842 0.591677093414025 0.593123743177204 0.59828738582255 0.506684320985591 0.498570467884573 0.550164564958209 0.539792469663335 0.533497930679997 NA 0.481366240215239 0 0.467618743490959 0.472991129752433 0.535295062365368 0.560393386651384 0.589484383754131 0.472748893153883 0.535775648150479 0.5926374665814 0.596096314040387 0.473147089047086 0.473994949387497 0.479794767017137 0.500636930136308 0.473069698123405 0.482400663415794 0.472901524283925 0.507494107256808
0.580616403253514 0.581250511934276 0.52780713447819 0.509060615300333 0.240097499863779 0.240285136229238 0.254464846385165 0.26614006319756 0.531813686583149 0.550796806999626 0.486559207073654 0.499120886199428 0.498553160258111 NA 0.595848962119572 0 0.510009771941161 0.580893265023757 0.582487838709344 0.427196583534879 0.381246552388473 0.582242396581328 0.581904195069989 0.428651555765644 0.28171071647436 0.583166559376895 0.580555382612577 0.491810028633614 0.516367822163206 0.581469668613741 0.580982554823061 0.4792557058924 0.505793741673907
0.820171183579372 0.824756552773453 0.848917143860709 0.84279516460207 0.518841351350098 0.529470070112329 0.569264171717906 0.575888492550556 0.843023584330689 0.836515389908644 0.845182811210143 0.841692095814714 0.844799540657261 NA 0.789844612380063 0 0.0753066816541213 0.823296626016853 0.825540684580868 0.85940083635677 0.68971261876288 0.825999793448424 0.821369415207506 0.85718282258636 0.582050249444362 0.82264477528343 0.823493233082329 0.856603382582973 0.827918452257474 0.823184891684501 0.825108785050466 0.857591395471656 0.83343390496739
0.69377863982955 0.693583779102993 0.684196793765015 0.686113351406636 0.535132213395689 0.532287825794432 0.562043650482361 0.558108011500572 0.689984628654942 0.690262670262583 0.682694154296539 0.680540493843034 0.683350680683644 NA 0.949505842166775 0 0.309277067182881 0.694145295576413 0.693520587278876 0.652978300345005 0.657417447343379 0.69355526377835 0.693880363649201 0.660034949757006 0.5626303014328 0.693634797241369 0.693870101360423 0.690620060246105 0.686126368227957 0.693508062599855 0.69377339048056 0.689816046011913 0.683672233572748
0.803011566636437 0.803692170224589 0.8169057804312 0.829372271050033 0.719068280014222 0.695386028303567 0.71544296881398 0.738901086606804 0.818088888993034 0.815349613137658 0.818961707486479 0.821650354255828 0.829992558347371 NA 1 0 0.168314528236273 0.802567464712768 0.802524925034841 0.885230218642791 0.809765935833635 0.802952708825708 0.805210386400055 0.893613843955872 0.751328774231088 0.802560120129104 0.803970842205799 0.88573442333357 0.836844630839569 0.802353174790903 0.802569424506078 0.89313602295071 0.83053622544433
