"U_1_Gam_alpha2F" "U_2_Gam_alpha2F" "U_5_Gam_alpha2F" "U_10_Gam_alpha2F" "U_1_Gam_alpha1F" "U_2_Gam_alpha1F" "U_5_Gam_alpha1F" "U_10_Gam_alpha1F" "U_1_Gam" "U_2_Gam" "U_5_Gam" "U_10_Gam" "Sylvia_Sparse" "FM_RevJump" "MBC" "DPM" "FM_Raffaele" "U_1_PC_alpha2F_01" "U_2_PC_alpha2F_01" "U_5_PC_alpha2F_01" "U_10_PC_alpha2F_01" "U_1_Gam_ProbKp_01" "U_2_Gam_ProbKp_01" "U_5_Gam_ProbKp_01" "U_10_Gam_ProbKp_01" "U_1_PC_alpha2F_09" "U_2_PC_alpha2F_09" "U_5_PC_alpha2F_09" "U_10_PC_alpha2F_09" "U_1_Gam_ProbKp_09" "U_2_Gam_ProbKp_09" "U_5_Gam_ProbKp_09" "U_10_Gam_ProbKp_09"
1 0.996604694689991 0.997161324931124 0.996475348470771 0.873403725297148 0.837853332654731 0.834320176836463 0.882894962520998 0.999335227010291 0.993237105125617 0.996516747786007 0.996576399275436 0.996620345022809 NA 1 0.794574238166108 0.997222791317295 1 0.997516448865878 0.994976079399388 0.988423028471 1 0.998874774403868 0.999500036711171 0.925440650672527 1 0.999872368227889 0.999753959266674 0.999635221795801 1 1 0.999202201452157 0.999745554904494
0 -0.00135106658688663 -0.00180934506175767 -0.00225670843581061 -0.0148487751704951 -0.012917792214814 -0.0150034957094964 -0.0129323307530164 -0.000192535462087419 -0.00213291679691628 -0.00240370504133246 -0.00230537224573795 -0.00148453017495939 NA 0 -0.00890307619776796 -0.00180501088809291 -5.00218976755731e-05 -0.00230182891707554 -0.00238235002402666 -0.00560670184549285 0 -1.99150164000789e-05 -0.00184067659314765 -0.00993475869336071 0 0 -5.05786934812208e-05 -6.83126572838761e-05 0 0 -0.000350831439432667 -2.48295666530611e-05
0.00173507133686837 0.00106246747280177 0.00158449021578557 0.00142201651815353 0.0450368038102793 0.0313054866832755 0.0400257860388674 0.0379699871267792 0.00295208049190341 0.00191539097919268 0.00255214382595747 0.00126891676022222 0.00127819448454599 NA 0 0.021335504159416 0.000694322396290582 0 0.000396526083811489 0.00208055008388966 0.0047949698815821 0 6.73306772908369e-05 0.000321891473327128 0.0225425461190071 0 0.000134248889009172 -1.13475177304965e-05 0.000388621160401861 -1.13475177304965e-05 0 2.90742467482318e-05 0.000161007248696285
1 1 0.981099974107849 0.981563519334154 0.483657560473487 0.385075121928683 0.447591089202523 0.432449959856016 0.993914378207606 0.989844507530212 0.988031628303963 0.985117618815035 0.984823848337575 NA 1 0.579236202041678 0.988734886266129 1 1 0.943607345508132 0.93264444928342 1 1 0.950128689502515 0.333928673431907 0.999990042501072 0.999869009687731 0.999774448946994 0.998386206861603 1 0.997468932384899 0.998966073830621 0.996878108778782
0.738272399221067 0.738195978948408 0.713068652555294 0.713838338084796 0.449499863568001 0.460877349148176 0.459315856919571 0.467336684789632 0.726874562115715 0.711772356659062 0.714770078432635 0.717225828598886 0.720612240653423 NA 0.759820044561873 0.50192698955341 0.706559828072898 0.738586553826149 0.738151876563015 0.643100851194964 0.635840699838754 0.737719271396445 0.72103148397132 0.713906141708437 0.45960650542123 0.738095232889245 0.737269467156333 0.737258841112977 0.729487649046042 0.737728064977178 0.734947157804009 0.716656777854593 0.735798588906358
1 1 0.929709624809703 0.938968824001195 0.237621460733883 0.292777825073382 0.320316964015501 0.340797961754562 0.985873862949266 0.985161578615679 0.926003725500633 0.916552110560412 0.939292331913747 NA 1 0.688137827692984 0.995874218594016 0.999926471848941 1 0.704539049610334 0.71288722302881 1 1 0.700541663199213 0.292020262932796 1 1 0.976664127541074 0.960058916623436 0.999574325585969 1 0.952858319985644 0.968313701373578
0.362906891424668 0.367024345743785 0.352904853368798 0.346838759513233 0.159888557858097 0.136921124189724 0.129254475024307 0.153641873038176 0.358721602718717 0.357455008683458 0.35100008661415 0.34721723732399 0.353344988233132 NA 0.573426926103266 0.0910281796728428 0.0082376749322352 0.361981243451009 0.361144274642413 0.315882586471281 0.310129236527104 0.356945646882992 0.364309596291423 0.334307213588441 0.123378559349636 0.271990114191172 0.363027743830111 0.360806514040509 0.360907826132883 0.361645688496298 0.368262867005582 0.362756242811679 0.359575690518528
0.999976566085028 1 0.972029546998083 0.976916873467277 0.519699265104932 0.489149450347387 0.465307277070834 0.462901334277011 0.993251111446514 0.994420013489845 0.960041243399412 0.96683017944606 0.971599612812415 NA 1 0.729000420027906 0.988878024430499 1 1 0.877609918762113 0.846854059264269 0.999929698255083 0.999153913864771 0.89310853485873 0.417228042782811 1 0.999802670381506 0.996027295895989 0.983993291555079 1 1 0.995577894768405 0.986866914763706
0 0.000634423645650003 -0.000109885072028683 0.000522169353469165 0.00588814982050102 0.00954875137621578 0.00699468862239333 0.00828954562989516 0.000198072888391797 0.00277873830205398 0.00186535875603522 0.00103409656938573 0.000710989553503698 NA 0 0.00682445104689532 0.000794562573296582 -1.3372335979942e-05 0.00161406013841044 0.00245229211083815 0.000823695993867724 0 -0.000566290986384358 0.00232641987373369 0.00477165713581301 0 0.000166973624037845 -0.000177276335638344 0.000281639472273661 0 -1.99788792252261e-05 -6.54276997059302e-05 1.43856194357199e-05
1 0.999989064887277 0.979106504760385 0.97834747297816 0.355028430393263 0.379328563116726 0.467155757464701 0.391822913412023 0.995301237591245 0.98029710082946 0.970062315474138 0.964319418656169 0.972027022649875 NA 1 0.639460651322266 0.985167747751338 0.998639836457866 1 0.913351410678773 0.908359289394216 0.999940864961619 1 0.948300060708766 0.304698983380932 0.999940864961619 0.999939673965203 0.991852155198492 0.995389386797347 0.999717903309867 0.999958901869878 0.997430366751723 0.998348313890278
0.000398432566327664 0.0711200502921068 0.458083289386007 0.467810695182605 0.150467661238982 0.140352689155777 0.15553977544452 0.161651579940362 0.472288454574117 0.471481084872485 0.447951967607625 0.454607041518218 0.456458340632278 NA 0.582714697225548 0.191805222540918 0.0648638238140982 0.0264035824568449 0.078237735037066 0.381220340591158 0.334046021846171 0.0448108851041616 0.0764488661519227 0.390885078068999 0.160259954803571 0.00255908737091076 0.0623114572722054 0.462210320335692 0.468596094633169 0.00967940629153016 0.0702038206559287 0.408373661362439 0.455287707722729
0.998359975224053 0.987769123793347 0.987244230331907 0.985957946552769 0.889120033962324 0.891591679882748 0.895561300852015 0.905470705203564 0.993720933404454 0.984918328088423 0.984949829632375 0.982928922001208 0.98210653971052 NA 1 0.779422629480848 0.961420836127715 0.999068739657191 0.990630180755127 0.979216896947618 0.966235569058981 0.998579248655914 0.995928774709798 0.989411742494884 0.916909622551845 0.998758856622556 0.998642053387743 0.996274614009124 0.994261160845872 0.998711134962812 0.998102307119084 0.998037068768239 0.994158635212184
0.85918927550944 0.858465615038884 0.83132728947436 0.819915063170869 0.282617419144331 0.368261793576338 0.286273723505072 0.30211654632363 0.850787541790953 0.850398031551392 0.812410546856951 0.821842951488092 0.820899642869133 NA 0.879954997187324 0.554541069860137 0.754943157921928 0.861139851405651 0.859079062534088 0.642823436272239 0.656753374724154 0.860831562551617 0.859268644233437 0.734118679676657 0.248072380990007 0.862321992076196 0.858991200730097 0.835622433874768 0.842773631395 0.862527386244095 0.859780806592052 0.827109219471059 0.8274592155666
1 1 0.944824683131245 0.955170359602451 0.375426550820772 0.34870248271946 0.322662853014253 0.39276877947377 0.987370796867613 0.99269696738444 0.942105868910035 0.956025321481097 0.960105410920718 NA 1 0.706062861600559 0.988929359970134 0.999913591989735 1 0.805074022343694 0.796579076400655 0.999951516093392 1 0.849396741741521 0.311973917881089 1 1 0.982824804949377 0.981870519531277 1 1 0.97616314735684 0.982091373982029
0 0.00520374761479136 0.00357090954538781 0.0061502694920226 0.0503302104017566 0.0512176409910567 0.0415101536408749 0.0488092629806715 -6.86365881669928e-05 0.00947876523830556 0.00865771635480305 0.00211659791871873 0.00219050492911817 NA 0.920809360656797 0.0411698698711358 -0.000144539067641783 0 0.0263535066012828 0.0127801641976262 0.023234273951476 0 0.0193757921556463 0.00339251899435082 0.0497037008572314 0 -4.28494911622941e-06 9.28631190347298e-05 0.00123376549992226 -8.56989823245882e-06 -8.22227638492506e-06 9.83820939274737e-06 0.0002157611238432
1 0.999670747367156 0.867480311539882 0.887588743686104 0.179406632781871 0.180789990176459 0.147487256385051 0.181178619012614 0.958437478153472 0.9639921283125 0.883319641940319 0.886211090837154 0.902007155898723 NA 1 0.489731022303195 0.961848702832536 0.999931759990676 1 0.503120408243602 0.485210446106883 1 0.999990960702063 0.543536643082846 0.164041801411451 1 1 0.968506653854408 0.954955887261721 0.999931759990676 1 0.920712853014856 0.910967408061584
0.999978583907735 1 0.911471931035766 0.951229892186833 0.327843952403439 0.344815871057866 0.356317298369614 0.409526800396609 0.989785203519264 0.981182619199727 0.912977799074863 0.910583783468042 0.924575709968008 NA 0.731046796019125 0.714443675303599 0.982915959956188 1 1 0.690153070926742 0.715829026875326 1 1 0.750193494688654 0.330861290981536 1 0.999393424900553 0.978012699791088 0.976104140438931 0.99991068746304 0.989553699975499 0.912937553017821 0.967640047314871
0.999949162050347 1 0.993208688312888 0.993379393256667 0.772751391154316 0.701096901871477 0.735794682115484 0.782823390640517 0.998660586948167 0.991470582591423 0.991907117099464 0.991558961658756 0.991090913106475 NA 1 0.546970818798586 0.954816871331852 1 0.996305206038578 0.986988829295278 0.98137079795965 0.999941916406562 0.999000941921426 0.995570392460645 0.812226041803313 0.999883724723063 0.99988222315372 0.999616091023971 0.996461156726721 0.99999340427403 0.999519661304361 0.999150271254568 0.999444572546164
0.976978718177695 0.97361206673744 0.962187449579402 0.956483776871744 0.352614738556337 0.407811174332728 0.394963570479928 0.468251278195238 0.972652431027064 0.974110954901106 0.950360658000096 0.958796372634168 0.954910312523469 NA 1 0.654148884587058 0.776631696351173 0.977846426325432 0.976122723797065 0.930431822785318 0.897689188133245 0.976696952702654 0.974339406942834 0.962616253340824 0.358469935762489 0.97787690329634 0.978315798018722 0.972521479829413 0.971118956141129 0.978528801564741 0.97708459516611 0.975679712256379 0.976359582073725
1 0.997872432234634 0.997366745852859 0.997227590847211 0.911905332911747 0.912547973285996 0.917160299054137 0.936023553634355 0.999399110600209 0.995995797660754 0.996384954745445 0.996299866717336 0.996856269296834 NA 1 0.679747381396885 0.99474671606306 1 0.997969719747148 0.994158159762684 0.989044042323146 1 0.999012140167507 0.998459937840416 0.945924061545678 1 1 0.999575767752904 0.999303751690431 1 1 0.999889413577504 0.998747109184159
0.999959952929063 0.999959952929063 0.950887280351624 0.954671190029737 0.3673637717268 0.380977434971513 0.429300060658398 0.412049296355613 0.983800999180163 0.977568996879686 0.946785752946293 0.944748438646923 0.958206899239732 NA 1 0.708979895598503 0.984733102663223 0.999833045367447 1 0.799959126794752 0.796585850053294 0.999935696819831 0.999959952929063 0.840960500349082 0.356378194936712 0.999975743890768 0.999706121004127 0.985580011086488 0.969373077394101 0.999919905858125 0.999929265619005 0.969439674432065 0.970514713674364
1 1 0.99686706608327 0.995751443532156 0.779573682976461 0.790853911651695 0.840770077143536 0.855754748094031 0.998398250369535 0.997943062892899 0.995503484688661 0.994514880080332 0.994513392174535 NA 1 0.526827442968353 0.989449547597754 1 0.997442663934117 0.991055120669352 0.984767925059177 1 0.999302018221441 0.992357155239662 0.891760986462527 1 0.999915892585712 0.999791168364015 0.999207181248928 0.999915892585712 0.999981158110101 0.998332693264301 0.999067761134611
0.899285945796028 0.893070095524413 0.892879762291547 0.89269376456235 0.624053929250834 0.597026542801409 0.630982534341788 0.639590076855508 0.904910349655448 0.889009913180487 0.888598740264944 0.889593621346842 0.886009400440703 NA 0.953826584693661 0.629979825484323 0.768519854562336 0.904755984759721 0.892549001921754 0.873694717572638 0.857485777812816 0.904382430019742 0.899490075356308 0.873879797429526 0.627499701607376 0.90444569226341 0.902819526059144 0.898305639425245 0.902747452349818 0.906086039979779 0.903502772498269 0.898302702768852 0.896326194616941
0.999956177368045 0.999626832777733 0.889895581664937 0.862278634215013 0.168896801328763 0.192886837817742 0.168296206975836 0.186774910997108 0.966968053681876 0.959048642086301 0.855811639087924 0.874314697299641 0.877195377972961 NA 1 0.561061591623712 0.906795880405229 0.999834549322078 0.999780886840226 0.546615437036956 0.51925589933189 0.999737565246066 0.999868532104136 0.498082192588808 0.172381270278993 0.999947086988518 0.999595035151956 0.979821584501196 0.915747203375575 0.999824709472181 0.999824709472181 0.963424112815452 0.96813485896029
0.997628855904387 0.998238487178504 0.998512586467314 0.99855209744882 0.936146810850205 0.931903204992513 0.942917283214034 0.938376889633405 0.99752767353184 0.998563184280713 0.997626779803283 0.997534701375565 0.997551168161528 NA 1 0.685693969193585 0.996117935478411 1 0.99943432187877 0.997882105610163 0.993276025268311 1 0.999987671865404 0.999747069563875 0.965485452579675 1 0.999852498257464 0.999959787207483 0.999335450170632 1 1 1 0.999857274657308
0 0.203710048118126 0.180997421016635 0.181245849955229 0.163953870986216 0.160835169657316 0.164381800809578 0.166497843005421 0.156688656553048 0.194856890982543 0.184139513068862 0.178053273968865 0.181007010627657 NA 0.669137576187601 0.0718591292159656 0.0116715083771412 0.0466573041923847 0.194429951921895 0.186659252998638 0.175935850454099 0 0.205900744185991 0.1834591909288 0.15192237695414 0 3.19175544409067e-06 0.16817107262843 0.183000277170141 0.00651622207521552 0.204165279244035 0.193839569255503 0.164302973142518
0.45717413946272 0.833520682438341 0.82940746185614 0.829861083206244 0.613630758913212 0.615146344924009 0.65315054030843 0.643528951691287 0.831403582829408 0.827510022556443 0.828804953403471 0.823853359663092 0.826311402569081 NA 0.929667668505667 0.57201174447195 0.171729570338272 0.835488067092065 0.835804167235754 0.803134980034574 0.78708985763415 0.835009902831995 0.835089732527335 0.824790179066508 0.629948672083865 0.834610921249816 0.835926654086535 0.829753610798322 0.833697277179629 0.836273803683777 0.84007469899304 0.832019883346136 0.828322848554202
0 0.0625751874088875 0.0300515613704665 0.0285901141804849 0.0751838698410246 0.0770970900044671 0.0724772838815121 0.0867469346814751 0.00471762970456454 0.0612163586251552 0.0480378640495865 0.0288000579879252 0.0258108927307135 NA 0.70265902747172 0.0572754881017098 0.000285019927258156 0 0.061149200432701 0.0703604694814005 0.0742108416897112 0 0.0601391657436474 0.0147888692450656 0.0703552842814765 0 5.54717422475623e-06 0.000593211586749503 0.0110716355359116 3.4787650384115e-06 3.4787650384115e-06 0.00249055109724962 0.00187782765337003
0.998551277956165 0.979879115153284 0.977536523341264 0.974260437982976 0.829608374929576 0.83640136068283 0.831277170919714 0.846125599633081 0.987769046197083 0.976322065406941 0.969202067811593 0.968779840473778 0.976464712777731 NA 1 0.681145147687558 0.963721638179929 0.998881427127195 0.98508669570599 0.958007515960972 0.933105251400671 0.998715011195263 0.988723436951244 0.979811014560284 0.857418838232936 0.998629788084074 0.99826262151107 0.995756764094563 0.992054661522855 0.99892314362028 0.997289134380793 0.98344672954799 0.992031155675841
0.94240279652222 0.935846109507107 0.933142960442191 0.934159830683353 0.813603927165101 0.816363324398624 0.815330197222909 0.82657329588493 0.939941955531688 0.933015845018403 0.933760971419763 0.931682257733059 0.935938110265558 NA 1 0.692132722230958 0.757296594804431 0.943501637101965 0.936273247003165 0.9300978747229 0.915060683295826 0.943597333742329 0.940291854881366 0.937583884182751 0.842720924002923 0.943767911464687 0.943411223149151 0.941160258312139 0.940683922727059 0.944670803800863 0.943187912486337 0.94240892547678 0.940314883021375
0.99987991766623 0.998693420258492 0.969315223199771 0.966488474143448 0.310100636364575 0.368009566295965 0.378679711618255 0.41376929893439 0.992244332071899 0.996064080265948 0.958430757000673 0.95471694549489 0.965999455781618 NA 1 0.738172540717386 0.981805641121428 0.999697225637071 1 0.881388058461318 0.831866550241239 0.99995997255541 0.99995997255541 0.880578204601218 0.319250753601942 0.997622717494755 0.998075341378392 0.981362106109447 0.976259535321196 0.99983989022164 0.99841449048879 0.999215002170229 0.982467695418544
0.870852426091601 0.867151701503642 0.86840392742404 0.866686245519615 0.714645371635318 0.710547360635525 0.703319534246125 0.738446926542261 0.871257314519558 0.863865638914118 0.865632872023404 0.866249996760378 0.857096802813675 NA 0.959333036909719 0.391418363560967 0.00872027342773795 0.871037219403525 0.868979815147601 0.868036350634804 0.852269476561314 0.872913821210135 0.873742721737756 0.868906135146454 0.743886630979771 0.873190523910059 0.872617716946859 0.87116190521589 0.871384876340189 0.87274514357758 0.870634771336776 0.869520894528455 0.869161691469853
0.170904545697782 0.164242081182578 0.158644517513322 0.159980331518226 0.110813949103978 0.106344480499775 0.104755054154673 0.109226749539718 0.168459315353932 0.164077842029369 0.16124755965621 0.16079649032029 0.156924919311286 NA 0.808080808080808 0.0471798604266974 0.000530348906122582 0.0152089009337234 0.170915486914932 0.159341232238007 0.152629803486594 0.0762519848279048 0.167108283170583 0.164671552551542 0.115499341210482 0.163080012653973 0.163998862141207 0.16393319553426 0.164687396102552 0.166513793830818 0.166806235565873 0.164108751717444 0.161621835328992
1 1 0.952517032933802 0.949411675428126 0.401412652781913 0.480056725409414 0.421476366386871 0.419870453706446 0.980000813052093 0.975884159087612 0.950014014493537 0.953221556733696 0.951968109809702 NA 0.676325997291203 0.734892514601342 0.988280276947894 0.999976972335953 1 0.812856196903209 0.814107973266016 1 1 0.860361946292793 0.389515472010644 0.999976972335953 0.999129206224322 0.999030586667482 0.987200119046816 0.999983434554369 0.999953944671905 0.99910420555683 0.993713491705728
0.96202073525607 0.959529682286611 0.884950986288692 0.889705323295919 0.241649895457969 0.251381083534236 0.257086305483868 0.296110115961181 0.94109359576084 0.932539200266846 0.864951679469902 0.880356121773369 0.874410570953383 NA 1 0.48068148838182 0.869243176984829 0.961801851812307 0.961702890704231 0.625331881251101 0.499074462401697 0.961397402406288 0.962615175379364 0.570109150298142 0.266006925368249 0.960585324870928 0.960819664952066 0.91255064029868 0.9253559531546 0.960165448090401 0.960535953933813 0.807222744611532 0.913078487276423
1 0.998903300406227 0.998376955976032 0.998625231570781 0.942627964472622 0.941963402309678 0.929993061400378 0.953708152879241 0.999558423441596 0.998492805134258 0.99786401433102 0.997323439096624 0.998430345165851 NA 1 0.673627193643148 0.996036315716263 1 0.99918883210043 0.99794807088456 0.995622022212753 1 0.9999048739791 0.998109413450153 0.968593612150278 1 1 0.999861593923918 0.999957259417053 1 1 0.999728644746438 0.999620801670095
0 0.104696254568394 0.114287475825864 0.0946091185329827 0.080542718292936 0.0965253484591326 0.0864143071192545 0.105717521062118 0.0273235785063628 0.136783550086418 0.10008592168353 0.12674162008899 0.0939877309286046 NA 0.469977884567419 0.0932527481501763 0.00722468224177415 0.000388266941738908 0.128110489934314 0.153752552677113 0.158584290644612 0 0.151186641286613 0.101898990182538 0.0658679906857989 0 0 0.00020833686219501 0.0117600897897979 0 6.97946564259093e-05 0.020209678599311 0.0151880712818192
0 0.0122065677547405 0.0112931029984323 0.0134985579861186 0.0442846323935952 0.0395094416863182 0.03873981855659 0.0454663649488951 0.000304209759733572 0.0208861105185244 0.0120296146996636 0.0164930549134322 0.0106450252345279 NA 0 0.0521833112255702 0.000290491401745812 0 0.022790222119397 0.0297092917036897 0.0364904951531561 -7.84615138268417e-07 0.0350394449658172 0.0147647807607302 0.0425442992856796 7.13818506545358e-08 -2.92045413061648e-07 0.000394279461491256 0.000983419729623044 0 8.16640245952812e-07 0.00127788318833413 0.00394927262277998
0 0.00510262626262626 0.00308363636363636 0.00321212121212121 0.00892888888888889 0.00828767676767677 0.00952080808080808 0.00873292929292929 0.00101616161616162 0.0036040404040404 0.00431717171717172 0.0028589898989899 0.00222787878787879 NA 0 0.0103139393939394 -0.000275959595959596 8.08080808080808e-07 0.00665737373737374 0.00711313131313131 0.00793010101010101 -3.63636363636364e-06 0.00654828282828283 0.00195151515151515 0.00942262626262626 -3.63636363636364e-06 -2.90909090909091e-05 0.000648484848484849 0.000416565656565657 0 0 5.29292929292929e-05 0.000422222222222222
1 1 0.965291524237604 0.961594039424623 0.3004404989091 0.352342327080439 0.31154819608225 0.431666901770863 0.988580937415693 0.992260948102828 0.95016258567477 0.948471225164699 0.948248221769781 NA 1 0.696860189566485 0.99699135364119 1 1 0.823243106312552 0.777681927514738 1 1 0.808708335962846 0.310856042381827 0.999903857694182 0.999870909828324 0.974269555980188 0.982634763114441 1 1 0.960776543352613 0.980170838507122
0.884607839016057 0.885729253289413 0.858311506229939 0.834628146701138 0.324527713404742 0.321807527956481 0.366547903236097 0.395486643103507 0.867968263384357 0.880167745547839 0.855275889317043 0.8428796706687 0.835426158273264 NA 0.96234335498253 0.665714263503618 0.585575600478563 0.897333893776461 0.890346480993669 0.718705804102365 0.566549311478283 0.888919130448217 0.890185548429242 0.718496720040419 0.335085944100465 0.892826292405675 0.89273937075641 0.844629749458687 0.851318524520511 0.893010744489503 0.891206402797918 0.830110131178233 0.836375602450532
0 0.459928640162252 0.344995064501415 0.456030213306884 0.193144648000075 0.163320587380756 0.209936919692156 0.232150211747578 0.284293590400445 0.484410221169396 0.37622536698278 0.463602827529283 0.342849316445023 NA 0.73690166346045 0.0924473679434209 0.000525011496671329 0 0.495437531755201 0.472094246443108 0.437455085623295 0 0.500750591261324 0.352945071241474 0.158608409482111 0.278362181144085 0.05952804108845 0.166376801019889 0.219467708578956 0 0.522688926736468 0.21568816450894 0.325831189675995
1 0.994863122561202 0.996233175579343 0.996260107505499 0.842262202903514 0.859054086091579 0.857813625821673 0.887199378126768 0.999106586551422 0.996378829098545 0.995307861822499 0.99438961982211 0.993745809540827 NA 1 0.778091597362921 0.993527269649006 1 0.996420904465629 0.991398864150915 0.983828499307072 0.999986187765955 0.998674453447212 0.99674964156421 0.917730815907543 0.999986187765955 1 0.999974026080504 0.998353361340169 1 1 0.999736733545286 0.999328053687691
0 0.0910824729335345 0.107126791947793 0.111237844924386 0.0249235938249916 0.0259220326276404 0.0222304691636908 0.0302823469842853 0.0373534190029587 0.108720415689493 0.109575668470691 0.121625516634017 0.112657859557147 NA 0 0.111789461355039 0.0405354543840064 -5.29813031304551e-05 0.121062388194985 0.0819165013442348 0.111366099907438 0.00578387334557524 0.0732326825435679 0.0792652337507695 0.0157308508255361 0.000149890906096909 0.0219576460495467 0.0290214115037799 0.0317109771453721 0 0.000346283239806041 0.051286593211949 0.0214177229644741
0 0.560571781532414 0.508130766670955 0.482774616492187 0.144178180343098 0.159835175910721 0.162443588444918 0.161610522835386 0.17958402053825 0.544975752931686 0.473108805097417 0.449920424443068 0.434652849367858 NA 0.736981032467288 0.111875538266773 0.000836500851168083 0 0.532459570900638 0.48409453725487 0.442638775492634 2.42124248801056e-05 0.590261192786918 0.449740929490728 0.1382081605005 0 -3.66917835522593e-06 0.1554924898935 0.193657844797927 0 1.25994408890371e-05 0.273215964030865 0.285375353909837
0.999592584785487 0.999368449651204 0.897302988502393 0.900164857104457 0.168114162197804 0.184549177348467 0.181208512013968 0.182225692635345 0.978044023689523 0.962574000038568 0.887592831328594 0.841645363601756 0.876173933278298 NA 1 0.626108359036757 0.860741426849099 0.999033297182917 0.999503503888228 0.467352844946623 0.528014614254633 0.996901561029737 0.999232617068569 0.620024294689594 0.166833817270144 0.999188896232246 0.998220509135466 0.958395924298643 0.948386748781053 0.997645718418818 0.999683835652797 0.943733006063347 0.95467101913486
0.978334514377958 0.97525742836451 0.936245727846161 0.924377210695811 0.296961698353316 0.285906241587364 0.305409522065808 0.366486699278563 0.964488378410748 0.963292638735833 0.918760264293332 0.923074385860686 0.92571867945554 NA 0.959996081648646 0.503995467571626 0.931040212711659 0.97544776446782 0.976198553457435 0.726616383030513 0.735488764890489 0.976815971932331 0.975891022262234 0.759274081917193 0.313513654759193 0.976454715369343 0.974725704910057 0.954565910382927 0.958735508498094 0.976097440575537 0.976579183245599 0.975650594184535 0.958401697345392
1 0.773143481780398 0.774455472161899 0.774865322210559 0.315723993248748 0.325455189061882 0.326168867670353 0.364505753663857 0.898517455719152 0.766321652239812 0.751187227081461 0.768560402613726 0.830548017673557 NA 1 0.680543361672396 0.940310527242972 1 0.769160299368197 0.604553062320861 0.639252869902533 1 0.790919139699776 0.778793441633033 0.339568836270739 0.99508872699252 0.999185160773534 0.842529677301955 0.900191954484108 0.998071346203117 0.945279140892312 0.952176655901016 0.842423543251458
1 0.990816401182762 0.993704069175728 0.991475259077067 0.799185007078888 0.762869348180228 0.774806343220119 0.771079015185116 0.998015874191697 0.993072038315245 0.989349405280933 0.989761069795952 0.989322619855568 NA 1 0.431278355416791 0.974130315829904 1 0.995854356163185 0.986487373849632 0.972079347191594 1 0.998353323514492 0.995148601908824 0.84299502817595 1 0.999816596407833 0.999801543806538 0.998297831267198 0.999923241766188 0.999224899157588 0.996263663193488 0.997072555965412
0.0388208725550202 0.0299139035814764 0.0294089605334879 0.0268903893987102 0.285061182261866 0.295575327989137 0.289537787641183 0.272179219580715 0.0410872685024033 0.0292467599770114 0.0358829251204826 0.0290582663937969 0.0286555523007588 NA 0.631032463610418 0.132170878594018 0.00739443738480578 0 0.015881983582131 0.0325584254779965 0.0653650058792698 0 0.000886227058330642 0.0223352597381651 0.222114323332919 0 0 0.00144971541050671 0.00362031298037655 0 0 0.000258322403347699 0.00405777394811283
1 0.996971699308454 0.997956437603314 0.997399006605491 0.893877685070432 0.901778565683673 0.884651581001874 0.888590609789508 0.999306781644925 0.99739767727323 0.996583935377699 0.997206335267237 0.997109077394474 NA 1 0.795159744253278 0.996719153373379 0.999935370827828 0.998673994181076 0.996983210104448 0.991372787729357 0.999966065054547 0.99996525452185 0.999343985244954 0.928711605159112 1 1 0.999691741318752 0.998895169802561 1 1 0.999982627260925 0.999471201761723
0.999988044760417 1 0.985523815642145 0.983375608628347 0.443263087844096 0.496712579079767 0.453040535095585 0.497284322556302 0.991368133665021 0.995585087064995 0.984380156554049 0.978725856764633 0.982123659053973 NA 1 0.454431747016526 0.970644209634862 0.999972589607818 0.9868605337395 0.952046768990928 0.913064623688151 1 0.999941916406562 0.989668571400886 0.417479400104084 0.99999340427403 1 0.999176992947168 0.997865782488837 0.99999340427403 0.999460373853341 0.993435192492602 0.997631452197932
0.999008406958596 0.999414124781949 0.956481744610014 0.973538161704401 0.297481442469444 0.29306717856144 0.265244869591998 0.335019368054052 0.995115559741478 0.979997204621437 0.962490227831437 0.958277825817774 0.965900551426063 NA 1 0.581486661647533 0.848296748861236 0.999573908932327 0.999000227879905 0.875191920225184 0.856620871028138 0.999318358664923 0.998887608030173 0.926186490322475 0.199443594185979 0.999350830221885 0.998724810571331 0.981247544446836 0.991755530861462 0.999467386165409 0.99916467159736 0.998105268058604 0.979425483007236
0.997988128421134 0.999177201027949 0.749194128843839 0.783298937374941 0.0424849768873247 0.0671648791665304 0.0547604534678206 0.0656259776687387 0.956775700657984 0.899657793966086 0.761803997847078 0.750038629434348 0.830132095345803 NA 1 0.23094088831327 0.667026525026069 0.998357653898532 0.999199880430569 0.343232349545821 0.342397107371822 0.999385508172797 0.998991573285721 0.495472267222303 0.0474621927690169 0.999362828770177 0.999003577541426 0.929919848040836 0.927361733941758 0.99920164394491 0.998175424686415 0.82390387992303 0.880003381393626
0 0.354816721170886 0.490350924501076 0.500573422559595 0.150380309438913 0.14734339326261 0.191493986746766 0.186654169818946 0.439786412335184 0.462174507545099 0.487241299248391 0.4649944468886 0.469865825427338 NA 0.647667635836337 0.182448059817128 0.0616051234607275 0.000248013493642589 0.373450906069068 0.387085555872576 0.315525548458016 0.000267543460730082 0.403146156292056 0.390760460117194 0.178580451196856 0 0.333804140765702 0.429907340277108 0.347180920944446 6.32495127818088e-05 0.424919606597947 0.460957027054216 0.46948723012727
0.828134086479161 0.810142198140629 0.801876432843945 0.795231925155429 0.266926152634229 0.251453700539529 0.293024913224163 0.399056364521006 0.810786694057584 0.813605407339748 0.787940839317483 0.799345299522931 0.799482428864704 NA 0.907626392459297 0.31917037264969 0.0289858389931237 0.820904584453334 0.805144696093864 0.731608393316239 0.731971963911756 0 0.782585430531885 0.777491595207462 0.203067361701634 0.464773933812904 0.0310999168030474 0.81927334782219 0.808765817938043 0.685277622694237 0.824249330557286 0.827426913471104 0.818334652280151
0.841936841095601 0.839527959479381 0.788914410539822 0.793939921801519 0.340128368731958 0.361066202079551 0.404051966837941 0.414000796643518 0.830270943223076 0.825846556378849 0.787590123570995 0.779975351893039 0.78149229257188 NA 0.966271624786493 0.586519245204275 0.464858001566869 0.83635953890564 0.843797984046778 0.623890405463831 0.482165496439244 0.618584585043865 0.457941953039387 0.597183071845072 0.390863453233802 0.835278632156634 0.756245457619184 0.744470550557547 0.793407725382684 0.608208004645969 0.836672839973646 0.565771135315076 0.765302046252825
0.958096794695015 0.95753188279791 0.936048464923757 0.932453598777456 0.407461410001163 0.479756846360589 0.466053641775762 0.47757322504887 0.94890755895814 0.954985641690587 0.926152379588169 0.931541461675701 0.93685816133962 NA 0.9595977733884 0.550536455046034 0.886945469595445 0.958604506914555 0.95660317940337 0.874876912793609 0.853635256792101 0.957167502515629 0.956965581407466 0.894173703788979 0.349538187123575 0.958084920167796 0.956768958797047 0.950836885093319 0.945013890284753 0.957284742587945 0.959818126799702 0.942620065863812 0.946900038226788
0.985 0.983 0.977 0.99 0.577 0.575 0.612 0.587 0.976 0.984 0.978 0.985 0.982 NA 1 0.23 0.923 1 0.991 0.984 0.948 1 0.996 0.997 0.827 1 1 1 0.998 0.999 1 1 0.998
-1.51982901923533e-05 -0.00623149215715898 -0.00859682364263932 -0.00510205776761491 -0.000895218503245255 -0.000897595691326178 -0.00200987893861742 -0.00440297045519832 -0.00178904747185992 -0.0112789588639795 -0.00790285678479673 -0.00814762354302489 -0.00653947206720158 NA 0 -0.00617084275191865 -0.00470522973824718 -4.113180937515e-05 -0.0056722216680208 -0.00766104038380224 -0.0050121931842749 5.40383651283676e-05 -0.00472195427215696 -0.00469074226466755 -0.00107349573378841 0 0 -0.00172421021086941 -0.00251812192370063 0 -0.00196901266733946 -0.00122381545386299 -0.00113960208987295
0.870378727860855 0.871555788804498 0.820985048039776 0.823848722650541 0.375217006542286 0.385870350675212 0.399120965420959 0.455677389579908 0.855280084647125 0.859132619276395 0.814058468313906 0.810196108322316 0.823428624248332 NA 0.920801293040114 0.334578403213974 0.710326016885897 0.869521451574473 0.870353339136552 0.705412433848694 0.661596022063575 0.873393559032064 0.845140441868245 0.712435831095246 0.388541384463188 0.872952576343361 0.87277162454319 0.867258017750771 0.840092769461257 0.870493628861383 0.87177967384341 0.866278415874331 0.858499215666297
1 0.996554322411264 0.996814181593443 0.99642214876625 0.835953607977723 0.865331796510586 0.844392970739291 0.884923252376475 0.999300935676938 0.996201675207186 0.994450418191829 0.994652758202982 0.996647190435208 NA 1 0.759363077618537 0.994247924302624 1 0.997136086816644 0.994476261068981 0.987870520438901 1 0.999876233811796 0.9977785054478 0.896425448885227 1 0.999985417522835 0.999832777252331 0.999713484829235 1 0.999985417522835 0.998778554870617 0.999424866925153
0.999679102311554 0.980530544887387 0.977936536959472 0.987354699071392 0.50157797317364 0.51174816588148 0.508475878638298 0.54205980687449 0.99253685756632 0.970214356423267 0.976625109071341 0.977944165952893 0.979677629795035 NA 1 0.571175287343686 0.951715215662862 0.999614353307887 0.973207740297606 0.964776085878751 0.932263969419562 0.999478578729846 0.997898352406869 0.967277389010009 0.49923497223199 0.999679177258697 0.99963902757407 0.986180812200287 0.990732879930842 0.999704316122556 0.999879663366833 0.999342502848071 0.997949747154108
0.972646607467285 0.982254960915811 0.985805999883346 0.984920361730932 0.898537979965178 0.892834650548784 0.898095559829904 0.909333786943721 0.984388306551965 0.984433777462887 0.985267059260325 0.985454020390535 0.98708427050631 NA 0.972619226693979 0.714832183336749 0.969393704958166 0.972633516963009 0.985178984411661 0.983304832990474 0.977407933736532 0.972714852497761 0.977704366736029 0.982667296733263 0.920270530939877 0.97301631651758 0.975279131364614 0.977905759879221 0.983436904353946 0.972519689510127 0.973498629946011 0.976274235380127 0.980128681159174
0.999953826584694 0.999861479754081 0.818827223270465 0.850170199558222 0.146389689652282 0.133102059012263 0.148849088103282 0.169519882812814 0.956735463075183 0.936148329669477 0.866478679138993 0.827808241791986 0.852158725813021 NA 1 0.588626112806816 0.874380238542527 1 1 0.412956788307048 0.478845798013707 1 1 0.392832613691437 0.152464690243128 1 0.999866263775329 0.941249506642147 0.977109573397728 0.999953826584694 0.999744778840788 0.969887766221115 0.926025791347157
0.936754156749829 0.936750099392623 0.935750627337819 0.935942205016789 0.90824993249512 0.912794410200699 0.912236791384891 0.912546723972625 0.936519366917915 0.935927186803664 0.935720494274333 0.935788189377498 0.935730883705976 NA 0.936754156749829 0.711816164193266 0.931045557770276 0.936740919222543 0.936331811583912 0.935579121738726 0.934256644272973 0.936754156749829 0.936562594832875 0.936219066145066 0.92266264852737 0.936754156749829 0.936729676213982 0.936727095677484 0.936670141313169 0.936754156749829 0.936716578201481 0.936683023431945 0.936695943829409
0.322520066937502 0.326559636873649 0.322081568647179 0.319642713442941 0.303978482745276 0.305030487706607 0.304025839903804 0.310438954344858 0.325459622423448 0.322482769028766 0.327061596890537 0.322415537235687 0.325555018027928 NA 0.50977147099294 0.196453439990172 0.01210223663297 0 0.327075319405618 0.32388463546586 0.323279598801027 0.322220309018859 0.323271748579025 0.323553091729652 0.302822238054779 0.320010498504988 0.323367245803845 0.320631996586059 0.325374003900677 0.319175879573606 0.320479825203115 0.321322305249574 0.322365187432222
0.955920192322919 0.958933577454049 0.935512981252169 0.933609242121386 0.44250623141696 0.509717141483105 0.448688270830457 0.426411320979002 0.951480459017093 0.945957159337539 0.92850573083304 0.926750281032102 0.928702560021763 NA 0.953826584693661 0.643389569184411 0.867246639581453 0.957513429937893 0.956518119591242 0.898543979790649 0.865239885875171 0.956839829374574 0.955537598470463 0.908748117250589 0.398128448185698 0.955408693953738 0.955997538926919 0.954090041188165 0.948339934261925 0.956354590037667 0.953610662385677 0.946330313678324 0.950527843367579
1 1 0.992556860309939 0.98909462556398 0.548584236176849 0.441347002645206 0.576733373851536 0.564333550064251 0.999066972228287 0.996158418551163 0.986662742572001 0.984166496946606 0.98388325058257 NA 1 0.677783370795604 0.992893982489133 0.999986187765955 0.999986187765955 0.973838704551419 0.954424915609528 0.999986187765955 1 0.976953178538567 0.523509166172196 1 1 0.999706481530905 0.998233049062971 1 1 0.999200299408403 0.998751944481693
0.411770187041668 0.41055593176392 0.403067282494006 0.405052304832019 0.228298832414617 0.259615197939724 0.246427752263658 0.189378117925777 0.402979225243032 0.408346098195129 0.399130832045172 0.407138482083471 0.405125440689781 NA 0.404748318770633 0.260960115781056 0.252453410093752 0.411557234231092 0.412267866844119 0.39332156507288 0.384545292402444 0.409436832467351 0.408028168309347 0.392381618078029 0.181891674822595 0.411207563091679 0.410124875484635 0.405099506347194 0.402745805500634 0.411870011284645 0.41097915409308 0.407815870065434 0.406520520919574
0.993720706025162 0.993552186148606 0.822616564617345 0.815248157907555 0.125155634591457 0.116728014994666 0.154405429580128 0.154966442158206 0.932257321077757 0.94370620222913 0.793108851737348 0.800183258707671 0.815284903698227 NA 1 0.45327811419748 0.818459725995455 0.993697925805325 0.99435417648547 0.404425013928341 0.367170341328808 0.993773389954499 0.994500219942203 0.497890873498117 0.132583368869774 0.992334127683268 0.992185216754919 0.878847126807676 0.904870496586998 0.993771131411239 0.992714667505373 0.813974512582335 0.901570199099442
1 0.979861982761149 0.9773084844127 0.977226075470823 0.862636161832654 0.862459219394893 0.864712845094696 0.86217192462571 0.991813251141356 0.969454690649083 0.971053800675155 0.971123976481245 0.974050170875603 NA 1 0.729404338580426 0.997164713056872 0.999988725965809 0.97963594046147 0.96716055276992 0.943492032007294 1 0.988865660762054 0.979859978333938 0.879709505916218 1 1 0.99608542572189 0.988056137085769 1 0.999988725965809 0.993887041061416 0.988279004865191
0 0.000102032789784177 0.000529477871622321 1.79351771740702e-05 0.0107704591056693 0.0115371330777914 0.00758321491032227 0.0124370895879734 1.11856990916664e-05 0.000389886759386171 0.000611809073653266 0.00112178932220148 0.000305688823559085 NA 0 0.00678483698570318 -0.000308227104896048 8.91169547508277e-05 0.00129200843865046 0.00105482873044454 0.00160759184481663 0 -3.62429360471115e-05 0.000167281384911924 0.00945592288763311 -1.24751401193275e-05 0 -0.000152220816025145 -0.000150692316918748 0 -1.24751401193275e-05 5.49830249703688e-05 0.000159946627469277
0.825183057471806 0.780198868509214 0.793574028065605 0.782564392761513 0.365246261376766 0.323788345150654 0.376090530686624 0.35784029382359 0.814721934392859 0.763221821218891 0.789306860521163 0.78151433289641 0.782383361936432 NA 0.718674873403693 0.623824837558847 0.811918051668501 0.825183057471806 0.780621487660824 0.768536867438014 0.687796530883882 0.825183057471806 0.825183057471806 0.741077501200934 0.364015987924399 0.825183057471806 0.822390866539423 0.810419102622554 0.805672588105166 0.825183057471806 0.825099612800532 0.819373120364612 0.823127271771233
0.636145640884838 0.628845257480452 0.602591248244332 0.60712261834641 0.19886781752606 0.210422255784551 0.224454829930262 0.25711342910545 0.633038637776855 0.596954910007936 0.60229693284138 0.600738082204888 0.602131889047225 NA 0.808087575240689 0.0994440749225899 -0.000254204085942705 -1.7278602284428e-05 0.633542432717088 0.564291418514093 0.53655341888594 0.630949650002838 0.629020253913898 0.566043730278348 0.209019030973968 0.629613087483265 0.486552295522293 0.617206470985907 0.620361007585767 -1.73138384880592e-05 0.634177544824085 0.628839813881059 0.616880856048802
0 0.0238898620824954 0.0195807199172521 0.025858372636511 0.0265726322745697 0.028863872823192 0.0389615266015968 0.0324924968688191 0.00040525744225869 0.0231590452580131 0.0237566051969977 0.0223632210120689 0.0099725985411684 NA 0 0.0375664353002824 0.00174496449554035 -6.37420322459693e-06 0.0378658554800084 0.0430999197110095 0.038612349300382 2.77146024525993e-05 0.0279006434177486 0.0311591418464956 0.030523676664122 5.84148397976391e-05 4.87439070116235e-06 0.00460783579247744 0.00263618193270757 0 2.71639590294058e-06 0.00167692168019725 0.00396497122846283
0.00855483078836313 0.391570077799754 0.38271226326615 0.377458634100191 0.122719138486957 0.148808540538882 0.111838429161574 0.101815962776287 0.337206832240841 0.390000179891182 0.386676316848972 0.392498397473956 0.370713437837629 NA 0.772224006490982 0.234229293838452 0.251458896662463 0.0352204183578632 0.383204339248443 0.363392842369258 0.345203171627954 0.0315475760480146 0.343334754219009 0.37233615933867 0.0745181377485159 0.0183052104533543 0.240373015464391 0.289272422758721 0.344731600359004 0.0139914112400846 0.335456880792259 0.337283778197442 0.366162294060828
0.998793272433227 0.990861346326967 0.990853536893269 0.991058115637699 0.810522675782874 0.820844624186315 0.82860888514043 0.836438708161341 0.996578204156698 0.986542737826219 0.98807784047906 0.988896790204641 0.991454947909469 NA 1 0.743978857119372 0.955064193244118 0.999073881928685 0.990916408646204 0.976094646072617 0.973663004750833 0.998794815171027 0.998464897983895 0.983895088282107 0.84427476216207 0.998952836690946 0.998993432772699 0.99821335766005 0.99594009213176 0.999158188434279 0.998331316605129 0.997915052975848 0.995718972003282
1 0.998411405635326 0.997888276148313 0.997647924525585 0.926245607004169 0.905696551345383 0.898815091231916 0.918733791606337 0.996867593433276 0.998019911626061 0.997997042970126 0.996617431250193 0.998001999186918 NA 1 0.822369190582141 0.994682637949052 1 0.998791940966801 0.997097252965338 0.992467706460702 1 0.999941801764465 0.998508966645552 0.9496025785428 1 0.999980600588155 0.99996120117631 0.999785790994028 1 0.999921571981178 0.999867410823215 0.998444863260975
0 0.00117249126147278 0.000562740190346017 0.000468019137014002 0.0199457925365524 0.0207108972073052 0.0210989265167359 0.0185044351021697 2.25191529338246e-05 0.000924522159308923 0.000551293958129201 0.000760289176333585 0.000490610555462379 NA 0.213243237559707 0.0102674113776469 0.000110085887085937 0 0.00136895176205778 0.0014667185646654 0.00157058449584042 0 2.74689377462319e-06 0.000474045215203657 0.0182646090802827 0 3.25923182007975e-06 8.72154977551237e-07 1.127968008927e-05 0 0 3.74266780881287e-05 2.21128369206697e-05
1 0.997893786138078 0.99684003782408 0.995802196960605 0.840730424329906 0.842131321948733 0.89032971443199 0.892287186372753 0.999252657468329 0.99606540017679 0.996144982677688 0.995409995995351 0.997031797667992 NA 1 0.717124746551974 0.98513289675657 1 0.997814857740282 0.992258641002388 0.987125767503477 1 0.999809231427955 0.998396068027287 0.9219508856752 0.999959996708636 1 0.99990138401029 0.998543829923119 1 1 0.998716481912518 0.999583685786222
1 1 0.907010897092597 0.903295965276654 0.206046356129129 0.187268008604021 0.185435103088747 0.238972010157882 0.976032379615036 0.932790972572144 0.896944545057236 0.896072774119239 0.896513070357796 NA 1 0.453619631390025 0.97233157150845 0.999907670647945 1 0.613277889440811 0.642014441326179 1 1 0.736628186087868 0.173784337616258 0.999797856700712 0.998751927796039 0.937489590859261 0.952251839466749 0.999925105873061 1 0.89637831385844 0.928234542126105
0.997591683828626 0.995554972684257 0.982561136469199 0.979261213113488 0.395193753365562 0.396794772369709 0.423826852290792 0.505807772466634 0.98972508119138 0.987012848009648 0.976055480796769 0.963846962430802 0.973222016775373 NA 0.68671986496638 0.697165862853954 0.961089875000628 0.994154574789504 0.973590646944401 0.897773731670034 0.850164605145912 0.981638950751327 0.995031204443594 0.924867462480564 0.379297759342038 0.99634381540835 0.99016807205405 0.985143976839974 0.970558003029325 0.980922423570618 0.996347284580537 0.976379583042488 0.983223918722849
0.636594837827416 0.646290665861967 0.612634794077788 0.612355008850197 0.219133216978062 0.228394311121094 0.225171303453667 0.212027801382495 0.639774457938765 0.643838012013104 0.597274148681005 0.599825825532715 0.611149932312195 NA 0.66436877187806 0.328341942394643 0.46444332171403 0.64323827222423 0.636832461203195 0.491770775771415 0.48270838181338 0.640783633803713 0.640112101206329 0.5191240333861 0.175503670303284 0.642059544489581 0.645834004933433 0.629771759371569 0.633245903946246 0.64441342496643 0.633364296294141 0.627028534531876 0.63372076135518
0 0.0225211943849134 0.0174575099927974 0.0116732349096871 0.175644540348531 0.177970168478631 0.181467977858289 0.183880048967992 0.00447997191881464 0.0205979290785989 0.0231700277470401 0.0196709474003092 0.015911052477503 NA 0 0.0822270810538118 0.00879075642927423 0 0.0172978709856563 0.0212906237865175 0.0490824049106481 0 0.000451102549084761 0.00984727695898948 0.144538618851307 0.00019186652763295 0.00019186652763295 0.000457932630118781 0.0025496696824269 0 0.00151869231885782 2.77943374305762e-05 0.00194493268461312
1 1 0.996859762300348 0.996559329932905 0.812752717275837 0.885363333166321 0.897526163141696 0.888525708005204 0.993049043520893 0.996434377127139 0.994896384660762 0.996461264404829 0.997283908179116 NA 1 0.69529037829692 0.99313376275719 0.999894509735842 0.998466230622238 0.994846576070565 0.987996011307035 1 0.998756729493447 0.997897541950523 0.89491392701354 1 1 0.999669648552433 0.999227416077623 1 0.9996677766531 0.999648695764929 0.998770304118994
0.999079955959476 0.992186692752267 0.989125710140205 0.989868444434742 0.573993709064402 0.662118976005898 0.618846252297808 0.697102655635947 0.996844338262438 0.996248474997685 0.986872999579289 0.988245425739173 0.991291939319286 NA 1 0.625286058539949 0.966466658356182 0.999239958466413 0.993850278506607 0.986192923467627 0.9618980524178 0.999200763882217 0.998722843739264 0.994789895687138 0.671391651409524 0.998759946556619 0.998920751814357 0.997838856117829 0.992970778217908 0.998999930566599 0.998517810403947 0.997388815034297 0.998845610586876
0 -0.00505601595557032 -0.00457987386491606 -0.00457953215109344 -0.00661107937016835 -0.00727246819314704 -0.00983686416204907 -0.00865777044541699 -0.00174957936397742 -0.00476143447349032 -0.00622346491762719 -0.00543148410871547 -0.00432678794234328 NA 0 -0.0162204931219774 -0.00433963066606278 0 -0.00434126957323135 -0.00908821433710347 -0.0118510433049367 0 -0.000215221358243249 -0.00428375776539315 -0.00384541122089802 3.36004644629726e-05 1.10155845379189e-05 2.47461123513631e-05 -0.000453133079371051 -1.62395759478711e-05 -1.62395759478711e-05 0.000292374383484655 -0.000408166534884557
1 0.996219454173848 0.993929430833975 0.995430471923938 0.809428476178644 0.792097059485436 0.834656547354822 0.82610346575933 0.99932896715555 0.994022141818292 0.995444826832111 0.993391968262745 0.995512951875456 NA 1 0.808330586871579 0.992344889239844 1 0.997027412897674 0.994074183345775 0.984583574435686 1 0.999748462249213 0.993222420465107 0.85093836040982 1 1 0.999600623377609 0.99880681895245 0.999980600588155 0.999980600588155 0.999942603223227 0.998192772064659
1 0.989051677484693 0.986292374410629 0.981567516976119 0.42466480235158 0.43356340761933 0.413192368662244 0.429197952912325 0.994868561054692 0.990540176252015 0.983327042700759 0.982941863779525 0.980324971264544 NA 1 0.416049696810671 0.975731611278332 0.999985868966783 1 0.958275801212027 0.937967127147627 0.999993912562258 1 0.989752079153789 0.344973996844146 1 0.999556052041189 0.998767471214712 0.985282182566298 1 0.999941805861024 0.999290912709268 0.987321737019386
0 0.00478134165598554 0.00466309552871573 0.00407921905937595 0.0139131419234972 0.0111143839033006 0.0109000407675812 0.0117273306631146 -0.000582340795286318 0.00549333578591723 0.00370851103853456 0.00487811371132824 0.00219489223830381 NA 0 0.0242704683991305 0.00306874663925488 -7.07806977373759e-05 0.0105257126799632 0.00526986623035981 0.00601594360688998 0 0.00592789758705228 0.00954383170563633 0.00838538487450213 1.82770860900342e-05 -1.62395759478711e-05 -0.000379379862334327 0.00105140206595063 0 8.04218295109152e-05 6.48337190071348e-05 0.000518893220927735
0.999906621762339 0.978083101486753 0.978709165201433 0.975744030558209 0.723923162451307 0.731615783626124 0.736365677795977 0.747259393557589 0.991122181784833 0.973396001207719 0.973784502555978 0.972652236864947 0.971714433495795 NA 1 0.712243134850237 0.98893074240136 0.999961079965437 0.983949084265729 0.963214921504204 0.920177667886783 1 0.999974026080504 0.958941405782406 0.765175181963907 1 0.998866896811124 0.997904010421206 0.995169824028268 1 0.997880526940701 0.995353334982049 0.996359336334156
0.00205727748801754 0.0127188784853792 0.0102844693951216 0.0095135904526722 0.0945956722369962 0.0856933596127765 0.090614770292336 0.088747441367092 0.0317967868793692 0.0175920017546087 0.0102159723394798 0.0117966012479733 0.0111687398621363 NA 0.165037640893399 0.0404607125871085 0.00107263095607253 0 0.00331551181334346 0.0147604460223092 0.0236093512897614 0 0.00116177921521935 0.00328602286533271 0.0748606830428103 0.000114724548137401 0 0.00155381765055046 0.00418527044868388 0 0.00143361760968867 7.53802988326918e-05 0.000482262545610679
0.246233931168913 0.239362615457703 0.232190491435826 0.231528539593279 0.0834783461230156 0.0591491775627497 0.086479041363328 0.0730759210706176 0.232988221745779 0.235359301509908 0.228390851333092 0.233454443471562 0.229728926969447 NA 0.669188117357618 0.0247826709485509 -0.00212200706635987 0 0.241015927886971 0.218641374668772 0.20949044536551 0 0.250145660632368 0.221215738475383 0.0751690066249534 0.0737308885910555 0.241517515104125 0.0186692992662647 0.23705398648591 0.242423817865629 0.258393630638943 0.23751905235779 0.23580747758066
0.997529517664838 0.991544421281735 0.992144414875719 0.989693181254065 0.667928776779481 0.721132385710418 0.676453555317048 0.687458840637973 0.99518989603335 0.990127961559498 0.985530739735012 0.987468134254377 0.988795650799377 NA 1 0.593832074139262 0.875644566091282 0.998549838528046 0.993166867398924 0.984151281864457 0.975937478808892 0.998328151986183 0.997255522994134 0.994016866593189 0.783958881793848 0.9977512042067 0.998682806425796 0.996815720337501 0.995076307376885 0.998191407261016 0.997726654315405 0.995932961096188 0.996040883077179
0.948075716224735 0.934903984521922 0.932749937075392 0.932443491513207 0.744230118956842 0.744650302158391 0.727833587859656 0.724257184147586 0.94511586816409 0.93295654783949 0.93236704959132 0.932244578466568 0.934989844931787 NA 0.959838557639968 0.668585103888574 0.893489264679355 0.948127344161311 0.936138314324494 0.93113784960665 0.899858279687372 0.947103162357644 0.943062844045511 0.922283731550058 0.737886513079795 0.947414495467755 0.947620100786299 0.946159729478437 0.946366257616103 0.947970728609247 0.947476827608466 0.940528757808458 0.940217925270408
0.999994435839042 0.990969184883728 0.987839287481428 0.982202547565545 0.468194504804037 0.408873463089018 0.414356727914807 0.566527643681866 0.997380530668815 0.985415617115793 0.980632218118764 0.986475959436732 0.990219049849122 NA 1 0.396508480004655 0.947818766289749 1 1 0.966931686178841 0.937860126216655 0.999855418431483 1 0.988342739765142 0.495181429569276 0.999863963773243 0.999745585156122 0.998746660872939 0.996382358499526 1 0.9995454800611 0.994579803818291 0.998428084671203
0.967545605740966 0.967924276289384 0.911868253583935 0.935577816859766 0.280028738072933 0.338016554326964 0.27890831812869 0.311751318686545 0.954964321456193 0.964762695281049 0.908689595858221 0.924457982692769 0.924130105642526 NA 1 0.42396307248321 0.197164275243983 0.969747780431063 0.96903160727486 0.812282336536707 0.816260102060361 0.970318998571247 0.969145452279313 0.95240681563563 0.238898660719638 0.970378597440195 0.969808613452768 0.960803591138523 0.964816736278993 0.968977766949944 0.970464111025871 0.970127714169473 0.963855189615313
0.999975743890768 1 0.930805025694378 0.926194760378759 0.262161955708694 0.308166388538192 0.31097953469144 0.334646532365643 0.989974861779748 0.972887712074544 0.923894507065164 0.915687982159935 0.908126736193596 NA 1 0.698701539845423 0.98902426527218 0.999975743890768 0.999970090697938 0.685643586848081 0.6450717707572 0.997975685786818 0.99998463249607 0.696307012954158 0.289969423000325 0.999905526694379 1 0.94767925722107 0.963393177694501 1 0.99965806717897 0.999495522585706 0.964078245284956
1 0.998783087686938 0.999103673566277 0.998679646141313 0.968651505814478 0.95869306044453 0.953761195281893 0.956268465924115 0.998214475950626 0.99800628936541 0.998616627671777 0.998670767389683 0.998255497518841 NA 1 0.3929240785791 0.000351320531209931 1 0.999268117296258 0.998467459373209 0.996829065831797 1 0.999514606601551 0.999679116111584 0.977244165161357 0.999959999059666 0.999941408936901 0.999959997805818 0.999637084061742 0.999959999059666 0.999959997805818 0.999941408936901 0.999941808428794
