"U_1_Gam_alpha2F" "U_2_Gam_alpha2F" "U_5_Gam_alpha2F" "U_10_Gam_alpha2F" "U_1_Gam_alpha1F" "U_2_Gam_alpha1F" "U_5_Gam_alpha1F" "U_10_Gam_alpha1F" "U_1_Gam" "U_2_Gam" "U_5_Gam" "U_10_Gam" "Sylvia_Sparse" "FM_RevJump" "MBC" "DPM" "FM_Raffaele" "U_1_PC_alpha2F_01" "U_2_PC_alpha2F_01" "U_5_PC_alpha2F_01" "U_10_PC_alpha2F_01" "U_1_Gam_ProbKp_01" "U_2_Gam_ProbKp_01" "U_5_Gam_ProbKp_01" "U_10_Gam_ProbKp_01" "U_1_PC_alpha2F_09" "U_2_PC_alpha2F_09" "U_5_PC_alpha2F_09" "U_10_PC_alpha2F_09" "U_1_Gam_ProbKp_09" "U_2_Gam_ProbKp_09" "U_5_Gam_ProbKp_09" "U_10_Gam_ProbKp_09"
0.116233473665666 0.122750344404404 0.117303182986987 0.11589758156957 0.12753597191992 0.128674021503503 0.126237765883884 0.122901370744745 0.118188449635636 0.113751488458458 0.116395896890891 0.114330857973974 0.115804310874875 NA NA 0.781003003003003 0.124631792204204 0.125049411985986 0.120545981525526 0.0923746383623624 0.0985059353553554 0.122594663315315 0.121838635245245 0.112338374624625 0.103087147811812 0.12206013587988 0.117886385885886 0.122034689985986 0.120924066446446 0.118525874636637 0.12132133601001 0.123371542156156 0.106415928874875
0.0594864446566567 0.060690431997998 0.0608896902722723 0.0616411073033033 0.0547932335315315 0.0538099794414414 0.0531270580680681 0.0523749880680681 0.0588320535955956 0.060497948042042 0.0613771144144144 0.0631184501421421 0.0630345927887888 NA NA 0.762162162162162 0.248958596646647 0.0627624063903904 0.0611676640980981 0.060883486996997 0.0615925283043043 0.0623031737577578 0.0607427805525526 0.061665988034034 0.0618775514234234 0.0631428136676677 0.0618676037897898 0.062394037041041 0.0617735686226226 0.0624038073553554 0.0622165749449449 0.0621850487167167 0.0610755085805806
0.0405139956696697 0.041078744964965 0.0414062024944945 0.0411047385985986 0.0657927251911912 0.0669040911571572 0.0820246371471472 0.0702383333913914 0.0410843149069069 0.041063857019019 0.041234891019019 0.0410339885725726 0.0410617625585586 NA NA 0.776162162162162 0.329388060918919 0.0410627776456456 0.040766788016016 0.0413113389469469 0.0422901391671672 0.0408697830650651 0.0408633613653654 0.0409766225245245 0.0415018449049049 0.040835531011011 0.0408488924584585 0.0408560378758759 0.0410775731331331 0.0407726489009009 0.0408239737237237 0.0408647728428428 0.0412392386406406
0.131086106780781 0.131008518854855 0.131226766988989 0.131006605921922 0.12375297378979 0.123204233743744 0.122312906596597 0.121367860850851 0.130401071167167 0.130752131535536 0.130447451707708 0.130905860228228 0.13029404638038 NA NA 0.762960960960961 0.283805318516517 0.131345264246246 0.131260516232232 0.130365206358358 0.130991725527528 0.131210779551552 0.131148784324324 0.131625366082082 0.130123636598599 0.131117875061061 0.131379719901902 0.131158302708709 0.130655795457457 0.131113990518519 0.130609314730731 0.130874433951952 0.131569912308308
0.139509744906907 0.139670388810811 0.079607345041041 0.0760939164984985 0.0970842621381381 0.0895507914374374 0.0889167544704705 0.0868712774634635 0.0755693046706707 0.0820300229249249 0.0761970568308308 0.0760863563763764 0.0804652100580581 NA NA 0.796172172172172 0.154835143543544 0.139923629091091 0.0822593570570571 0.075256301947948 0.0769254353553554 0.139787716996997 0.139352238818819 0.078678465967968 0.0768656423623624 0.13988254986987 0.0772320161461462 0.0913210088208208 0.0757170274234234 0.139733683571572 0.13968514587988 0.0760363504344344 0.0940707003263263
0.0200550411351351 0.0205282786126126 0.0208716457897898 0.0208473937317317 0.0237426722362362 0.0229391891151151 0.023512185993994 0.022477749997998 0.0206832035315315 0.0206380941801802 0.0205798134214214 0.0203972354894895 0.0206000653853854 NA NA 0.781221221221221 0.0370293554794795 0.0207949320940941 0.0207379092852853 0.0204951961041041 0.0206765550630631 0.0207153686246246 0.0207534021621622 0.0204226314434434 0.0208272538398398 0.0212251138038038 0.021127869013013 0.0208252461941942 0.0206617178718719 0.0209290955355355 0.0211856316916917 0.0207851772872873 0.0207044472952953
0.114247797755756 0.0956428766626627 0.094282792036036 0.0948370712512513 0.0928846632992993 0.0934979157197197 0.0927792854214214 0.092694013987988 0.1038982855996 0.0943173428408408 0.0950695302682683 0.0948947741041041 0.0952979652712713 NA NA 0.697655655655656 0.116656279367367 0.114036891185185 0.0984415856436437 0.095316589029029 0.0947958286106106 0.114055589183183 0.0960790521701702 0.0966784066806807 0.0953072518538539 0.104313940558559 0.100346012686687 0.106852954072072 0.112735925131131 0.114499294874875 0.114394319211211 0.114251335707708 0.0984346758478478
0.11331554216016 0.113193546376376 0.111046339301301 0.112019285091091 0.121215052658659 0.114378683671672 0.118976598794795 0.116027358148148 0.113238242288288 0.113663460978979 0.111133949453453 0.110154654992993 0.111648593947948 NA NA 0.785275275275275 0.184899453697698 0.113434734674675 0.113413301269269 0.109176510846847 0.11095809043043 0.113363697269269 0.113026753661662 0.111661939941942 0.108597272852853 0.113505196398398 0.112982878776777 0.112508913325325 0.112082413985986 0.113572989217217 0.113691362492492 0.113187521195195 0.113092081683684
0.141390911329329 0.141134854846847 0.132726540922923 0.132212280492492 0.114400220328328 0.10941899609009 0.112181136476476 0.112649769255255 0.136660082844845 0.139692446742743 0.131485527633634 0.134742704016016 0.130640556346346 NA NA 0.75958958958959 0.134228937091091 0.141392544770771 0.140943782716717 0.116726858482482 0.116978569867868 0.141133594602603 0.141289456438438 0.109089139683684 0.126249107913914 0.141517894902903 0.14145103645045 0.122262244454454 0.135708938944945 0.141302098964965 0.141165140576577 0.125055677425425 0.134873356948949
0.0264454693673674 0.0265651277997998 0.0263029912132132 0.0264358406466466 0.0505443009069069 0.0506529359079079 0.0511946424964965 0.0472881991451451 0.0263063336176176 0.0263495175995996 0.0264724193153153 0.0264955501301301 0.0266599055335335 NA NA 0.788754754754755 0.126486107405405 0.0263557100520521 0.0265004987807808 0.0272120410530531 0.0267431381661662 0.0264193244304304 0.146770456608609 0.0264910317817818 0.0263199929449449 0.0264015791831832 0.0263348521981982 0.0263690299319319 0.0263312131691692 0.0263450046726727 0.146882267863864 0.0265139632532533 0.0263371994914915
0.186539350570571 0.186895626228228 0.177446342810811 0.171177007573574 0.104503487541542 0.1073107678999 0.104793534682683 0.103033667445445 0.182767068586587 0.187014106076076 0.175701217175175 0.177237399565566 0.181512479377377 NA NA 0.799215215215215 0.164835682588589 0.186971253305305 0.187396725311311 0.167718568152152 0.167264088600601 0.186255319711712 0.187000528136136 0.185428776708709 0.184560967975976 0.187331101093093 0.187700072530531 0.171299198152152 0.179043752358358 0.187445987049049 0.186011741783784 0.185782975285285 0.18526938157958
0.0478729660900901 0.0453031005025025 0.0466465998638639 0.0469820894994995 0.0295896801881882 0.0294675009309309 0.0294774855555556 0.0297435485125125 0.0473714079119119 0.0448679696776777 0.0461420228508508 0.0465287304024024 0.0462820077297297 NA NA 0.727991991991992 0.186130808536537 0.0478230694374374 0.0470608525305305 0.0460942921561562 0.0452485362582583 0.0479227294954955 0.0477787065445445 0.0476352200500501 0.0457653088908909 0.0480006395635636 0.0477712141141141 0.0476102386926927 0.0472459653533534 0.0478691645705706 0.0479100601361361 0.0477836858178178 0.0476178965245245
0.0598005123863864 0.0599961631571572 0.0616580431011011 0.0626379537977978 0.0909665271471471 0.0876464737357357 0.0899679179259259 0.0881066592152152 0.0604865045785786 0.0606626074074074 0.0633743199279279 0.0627466288968969 0.062254410004004 NA NA 0.780802802802803 0.120834694002002 0.0595983557037037 0.059729067023023 0.0621027665045045 0.062782233005005 0.0599772816456456 0.0599556301401401 0.0618295495615616 0.0620785232892893 0.0602509742082082 0.0601935309469469 0.0603529847687688 0.0624382892292292 0.0598223356816817 0.0602599126006006 0.0610207545165165 0.060438729009009
0.174275221855856 0.158877593687688 0.151714132998999 0.15122632615015 0.166441760802803 0.166765774222222 0.166479102142142 0.165295718234234 0.166000238730731 0.154864826102102 0.146596283353353 0.14637326005005 0.149721526892893 NA NA 0.752658658658659 0.214941823175175 0.173977223403403 0.152362064 0.154032837577578 0.145990912894895 0.173995255853854 0.174387246284284 0.163274571905906 0.156988117393393 0.173796306508508 0.174028972694695 0.174465854382382 0.157844887101101 0.173809165465465 0.174257637121121 0.155097203489489 0.160747658288288
0.131444787367367 0.131486417321321 0.110768323835836 0.106949367993994 0.102228448662663 0.0895913164444444 0.0951862995615616 0.0945001144824825 0.113753405555556 0.115339576980981 0.109386885185185 0.108587847363363 0.109307081941942 NA NA 0.786742742742743 0.130915363393393 0.127558332954955 0.129908947269269 0.0968480893013013 0.104797011537538 0.131544359275275 0.131510427463463 0.0943250306366366 0.106592180654655 0.130655747415415 0.117557427439439 0.120017507039039 0.109636817445445 0.118831737327327 0.13153890956957 0.110794748426426 0.117369653497497
0.0660297457977978 0.0649361492492493 0.058392474960961 0.0548577274274274 0.0956308198538539 0.0890927031151151 0.0987028248088088 0.0925929872152152 0.0619143112772773 0.0626878077177177 0.055068144978979 0.0536054918118118 0.0540804987547548 NA NA 0.778372372372372 0.0672420169109109 0.0652976409169169 0.0653532882762763 0.0495432975595596 0.0552410064944945 0.0661591413313313 0.0648879468868869 0.0498624825645646 0.0559307065465465 0.0653435532852853 0.0658655777557558 0.0571904296196196 0.0584665847387387 0.065471665985986 0.0651305482862863 0.0581745384464464 0.0521164623123123
0.0574979469189189 0.0467534952372372 0.0457196590650651 0.0470110306626627 0.061087551967968 0.0603574622022022 0.0597735325705706 0.0586381568368368 0.0484771425505506 0.0477728921121121 0.0477181304304304 0.0472551457217217 0.0469058184404404 NA NA 0.783493493493494 0.0510633156696697 0.0573465284224224 0.0481359501021021 0.0471569572952953 0.0464056562562563 0.0573936864104104 0.051048602034034 0.0478903201981982 0.0470725869029029 0.0574733193053053 0.0573419034334334 0.0468551512552553 0.0554604236236236 0.0575351496276276 0.0560294029469469 0.0492943690490491 0.0479551093953954
0.147718295497497 0.147586556988989 0.138553106828829 0.135498051277277 0.123853757277277 0.122075858422422 0.111431745985986 0.119124628970971 0.1453739136997 0.144688267985986 0.142474375823824 0.137603336478478 0.126069915845846 NA NA 0.778520520520521 0.179189487019019 0.158478143721722 0.147738089463463 0.123982715397397 0.128960265465465 0.153760034844845 0.136903754458458 0.101872146182182 0.135572524088088 0.147402508652653 0.158701920652653 0.146648998516516 0.126405346728729 0.158789573827828 0.158702624718719 0.146451250576577 0.145397424786787
0.0545989215675676 0.0522256729109109 0.0490777363483484 0.0514817793993994 0.106332664860861 0.109291471815816 0.113315409251251 0.107842799547548 0.0503565521941942 0.0497102886686687 0.050616191971972 0.0520166376116116 0.0491921760580581 NA NA 0.74351951951952 0.0558020543783784 0.0546329682862863 0.0545034989029029 0.0505661661901902 0.0493197133833834 0.0545359053273273 0.0545001707107107 0.0498366046066066 0.0503842787727728 0.0545081082042042 0.0546048924544545 0.0546137534774775 0.0538482773813814 0.054266771017017 0.0544526735055055 0.0528660300980981 0.0512450494414414
0.0876728382822823 0.0875442326366366 0.0886278448188188 0.087761740996997 0.0951400656316316 0.094344267993994 0.0942038086166166 0.094413535049049 0.0882839234534535 0.0870153596756757 0.0882025132372372 0.088675831021021 0.088549854944945 NA NA 0.790148148148148 0.10500775246046 0.0876774227687688 0.0877283143203203 0.087795521977978 0.0874715329209209 0.0878337417157157 0.0877305412232232 0.0868203691371371 0.0882451764424424 0.0876706044824825 0.0877875171211211 0.0866697474414414 0.0871733176076076 0.087674490952953 0.087598434978979 0.0877825531271271 0.0869105351271271
0.258105899987988 0.257826923227227 0.155828093077077 0.152910959631632 0.151425936694695 0.147010723903904 0.144084186194194 0.139473961441441 0.239511662964965 0.201099236084084 0.166022813463463 0.16496773432032 0.171829732428428 NA NA 0.787717717717718 0.243852603445445 0.257699736312312 0.258122947045045 0.124560893525526 0.13786654205005 0.258182806662663 0.257968120294294 0.12518943970971 0.134336924772773 0.257828068372372 0.231673133571572 0.216558689499499 0.256074587413413 0.257693881443443 0.258085368884885 0.125829342796797 0.170636635333333
0.133484156512513 0.133769265853854 0.135205456868869 0.136530779241241 0.129251223407407 0.126752516514515 0.126456062528529 0.126895545237237 0.133173715957958 0.135156378922923 0.136465693029029 0.136228998810811 0.137305368386386 NA NA 0.77754954954955 0.274107551995996 0.136877792656657 0.135702078842843 0.136058866998999 0.135127654504505 0.135732965631632 0.133931941561562 0.136856803145145 0.1367281416997 0.136563105095095 0.136436413615616 0.135919653757758 0.135755518054054 0.136186815421421 0.135950061061061 0.136384396386386 0.137082703987988
0.133476140426426 0.133167346374374 0.132996493495495 0.133065588712713 0.110602515325325 0.110778315035035 0.11084493387988 0.112856776942943 0.133026304784785 0.133173759111111 0.132570213313313 0.133107942842843 0.133633167617618 NA NA 0.746748748748749 0.234328083211211 0.133897943883884 0.133227375935936 0.132412977857858 0.132135281507508 0.133451977389389 0.132653004540541 0.133554928358358 0.133857813721722 0.133104809697698 0.134061444642643 0.133251379299299 0.133070423735736 0.13387291602002 0.133713703059059 0.133877816872873 0.13322979401001
0.285269931503503 0.284320082036036 0.260212226940941 0.242256426790791 0.111467382844845 0.116549904382382 0.114207885443443 0.110994449387387 0.262499660838839 0.28130607217017 0.243073763685686 0.244178204618619 0.238050680518519 NA NA 0.763547547547548 0.282181499773774 0.285273490266266 0.285296334946947 0.252394231961962 0.22900444633033 0.284903775761762 0.285039119305305 0.259654151957958 0.248397918860861 0.285256282624625 0.285299911885886 0.279627790722723 0.280653048896897 0.285265212856857 0.285099481581582 0.26695348373974 0.281872035463463
0.136134647701702 0.134975101289289 0.129776059577578 0.131279071053053 0.0911326692712713 0.0973223843883884 0.0923666085045045 0.0933533157697698 0.130934180302302 0.133284503099099 0.12629787425025 0.130998876242242 0.132249870218218 NA NA 0.751693693693694 0.286927824990991 0.134091972646647 0.133732731115115 0.130286341991992 0.125123441725726 0.133429731147147 0.134843337217217 0.132958884058058 0.13268456411011 0.133146544720721 0.134134479593594 0.133308585721722 0.135984856134134 0.133444412618619 0.133827649805806 0.134343831995996 0.134044739927928
0.0421518741981982 0.039466616970971 0.0411905586966967 0.0403488961981982 0.0255579669049049 0.0264473507967968 0.0258133031651652 0.0266246277217217 0.0417548121621622 0.0376791127667668 0.0384778461621622 0.0398145258498498 0.0406120744044044 NA NA 0.783369369369369 0.0418248368688689 0.0421371632652653 0.0407120044224224 0.0409912961021021 0.0400608914514514 0.0422089421441441 0.0416446738358358 0.0413622969089089 0.0409472114814815 0.0421730928708709 0.0421703602902903 0.042174871039039 0.0420238123243243 0.0421647312012012 0.0420713023823824 0.0417312653693694 0.0417705591511512
0.114159501705706 0.114061672750751 0.112829330606607 0.112378529283283 0.0795201848348348 0.0752341076676677 0.0798690227867868 0.076670165025025 0.113717132428428 0.113164861697698 0.108279620684685 0.109300473675676 0.108707745917918 NA NA 0.775811811811812 0.108675456228228 0.114242571397397 0.113516062366366 0.1092660843003 0.109825601411411 0.114402347623624 0.114114845203203 0.111655247527528 0.112971328028028 0.114371077693694 0.11430304392993 0.113828083493493 0.113064809101101 0.114316710482482 0.11429173029029 0.114224543145145 0.114003325443443
0.121532415553554 0.121144392736737 0.110957902766767 0.104168322650651 0.1470634265005 0.144965183227227 0.14284148217017 0.142678031587588 0.102659663951952 0.122303065349349 0.105295268522523 0.101554870560561 0.108241435903904 NA NA 0.77578978978979 0.156909364744745 0.124455304520521 0.129204824004004 0.099401939003003 0.116647374552553 0.124635483801802 0.119026982688689 0.0980967215375375 0.100302675687688 0.127074556968969 0.126350575957958 0.112173422578579 0.103529582148148 0.128091160912913 0.117739774628629 0.0996048394974975 0.102801326912913
0.0397414441621622 0.0362592547127127 0.0375554224544545 0.0382257824084084 0.0253050688868869 0.0258677566946947 0.0240015624364364 0.025158975025025 0.0394027651911912 0.0335502295335335 0.0349071506286286 0.0373225199219219 0.0371516077237237 NA NA 0.751977977977978 0.0395858200920921 0.0397449451411411 0.0392648464944945 0.0378486783283283 0.0359653396176176 0.0397261672452452 0.0397210801101101 0.0391913243223223 0.0355250496116116 0.0397158412192192 0.0397266184464464 0.0389550253193193 0.0397114376236236 0.039754206976977 0.0397448945085085 0.0396897247527528 0.0368351654694695
0.162936932756757 0.139315158106106 0.140482989617618 0.138605741349349 0.128669437323323 0.129561557913914 0.127230309727728 0.128994128964965 0.142151058818819 0.13951141957958 0.138144903063063 0.139640411145145 0.139709069325325 NA NA 0.77618018018018 0.15208704613013 0.162056335419419 0.142260246734735 0.140125928056056 0.138411639409409 0.162356114556557 0.14217892155956 0.138717993289289 0.141824917953954 0.162009040288288 0.162162143941942 0.136611378536537 0.13981002413013 0.162306448442442 0.162256988602603 0.144821380422422 0.140306432884885
0.128940022224224 0.128267087987988 0.11079754838038 0.110620759387387 0.11147100404004 0.111201112426426 0.109464040748749 0.109205538416416 0.11923452353954 0.105687712890891 0.11379994614014 0.11431210755956 0.116396058708709 NA NA 0.794880880880881 0.16632915841041 0.127975846564565 0.128998988744745 0.103745124322322 0.112157735805806 0.128537822568569 0.122212649393393 0.0946362349409409 0.115732075955956 0.127758861653654 0.128994593057057 0.126952650332332 0.123193711473473 0.128981081707708 0.130407279507507 0.112364828216216 0.115768246392392
0.0859637522202202 0.0867946761961962 0.0872497024404404 0.0872032725925926 0.0763717152112112 0.0789594005165165 0.0781431884144144 0.0791606606046046 0.0857516638198198 0.0872399279239239 0.0875716094814815 0.0878743308748749 0.0873988923963964 NA NA 0.766978978978979 0.105770186754755 0.0879522074674675 0.0873112762122122 0.0872273895655656 0.0869763862122122 0.0874910376936937 0.0883562823923924 0.0878246283563564 0.0876650416376376 0.0880236672072072 0.088076979003003 0.0877567677217217 0.0874135924824825 0.0880574993313313 0.0876162612432432 0.08803430204004 0.0878376034894895
0.50549506417017 0.505511939331331 0.192467989179179 0.235690853479479 0.146781795545546 0.15538569182983 0.147721910186186 0.146133843533534 0.367977260868869 0.447396989607608 0.252651429803804 0.257655084134134 0.218239473875876 NA NA 0.789415415415415 0.490268788602603 0.505534432446446 0.214780431055055 0.167148695023023 0.184830227815816 0.505497882172172 0.505507902902903 0.152488677717718 0.298706966154154 0.458477857881882 0.410653211905906 0.288818128732733 0.492336733167167 0.503997393299299 0.505509727309309 0.248093784840841 0.393445189037037
0.0283862344544545 0.0283966156336336 0.0285392373313313 0.0286986107287287 0.0451758907947948 0.0432601875835836 0.0431921689369369 0.0424071218018018 0.02853123604004 0.0286653346626627 0.0286556586486486 0.0286325865185185 0.0284851785665666 NA NA 0.766518518518518 0.0458867273433433 0.0283390202342342 0.0285025726666667 0.0287675410870871 0.0289646532492492 0.0284705963023023 0.0283161895835836 0.0284675918958959 0.0287066387907908 0.0284582816356356 0.0284394067247247 0.0285270351751752 0.0283456215815816 0.0282166739179179 0.0284134362702703 0.0284785697937938 0.0283838533553553
0.176021984998999 0.166943336292292 0.168809078544545 0.168395971083083 0.150029059215215 0.151307759811812 0.150063323353353 0.149751977251251 0.175545719621622 0.171223893025025 0.166770688820821 0.169740146434434 0.167640954606607 NA NA 0.734084084084084 0.175213107083083 0.176181826734735 0.175850489093093 0.166233233397397 0.166192948412412 0.176625627099099 0.170053712028028 0.171531637059059 0.167383914406406 0.176093573269269 0.176221657935936 0.17352030355956 0.171201221837838 0.17580685194995 0.174601143045045 0.169214097405405 0.168370222646647
0.0699943037557557 0.0709036141241241 0.0719826144384384 0.0720531411731732 0.114431734452452 0.105607654698699 0.106457177197197 0.104557827667668 0.0704664686286286 0.0729628272892893 0.0715602911151151 0.073031967021021 0.0742036573913914 NA NA 0.775207207207207 0.0993824751971972 0.0705627606886887 0.0692678187187187 0.0712099187767768 0.0823126117837838 0.0712507033013013 0.0706776596516517 0.072172811973974 0.0802355315655656 0.0712809161121121 0.0708689107247247 0.0724412522402402 0.0726708685305305 0.0718504901941942 0.0714057128988989 0.0710851354994995 0.0746109654814815
0.352650468824825 0.353315679833834 0.350686441465465 0.348124013337337 0.156053714472472 0.153143381785786 0.154502788540541 0.156344262284284 0.323026301503504 0.351771721883884 0.330805545145145 0.35162456003003 0.346130703657658 NA NA 0.780740740740741 0.339618290658659 0.358005858760761 0.355692287023023 0.341263355953954 0.326864390002002 0.354514891423423 0.350900031583584 0.305807833953954 0.355491868342342 0.35089148415015 0.355235595469469 0.357467370312312 0.353488090560561 0.356832771927928 0.352507207187187 0.357889220890891 0.355615505219219
0.090900627011011 0.0909829407447448 0.0879287671891892 0.0827092346206206 0.121534838158158 0.121312885255255 0.117377170168168 0.116558178942943 0.0866505777577578 0.0872237684724725 0.084233651021021 0.0841504801981982 0.0836357232052052 NA NA 0.779955955955956 0.083044534044044 0.0909153655855856 0.0912903885265265 0.0791068654694695 0.0950227987247247 0.0911553371231231 0.0912995585165165 0.0792288174094094 0.0942397976116116 0.0913790915135135 0.0910342018758759 0.0860483638398398 0.0875861959339339 0.0909597617177177 0.0909434658778779 0.08923247202002 0.0866352216096096
0.172232098318318 0.173986006756757 0.174877811775776 0.17453836631031 0.138001826038038 0.140207234018018 0.141149414756757 0.143127260044044 0.176508391453453 0.172518759935936 0.17381354435035 0.171737266076076 0.173457338164164 NA NA 0.775299299299299 0.170454479353353 0.178338629937938 0.174745401885886 0.173915950274274 0.172224638326326 0.176045050006006 0.175335560088088 0.175122780630631 0.176841454612613 0.175203437403403 0.175145148638639 0.174700112600601 0.177753958618619 0.176194863255255 0.176298126282282 0.179528962002002 0.176879363025025
0.12286973639039 0.130223735449449 0.130488969673674 0.136968302468468 0.122200909075075 0.122658880402402 0.120097977707708 0.122238200602603 0.131592354714715 0.128107529423423 0.13004251806006 0.135162368066066 0.129223211073073 NA NA 0.795881881881882 0.162053253547548 0.132184797261261 0.130104498516517 0.131089987867868 0.131116142314314 0.139379149275275 0.127942428892893 0.127981299811812 0.137648259489489 0.133422344026026 0.13214126209009 0.130133231303303 0.130216114932933 0.13682490173974 0.127036471843844 0.129991853249249 0.134293158432432
0.0887426629329329 0.0644476297217217 0.0676053881201201 0.0664793970590591 0.0705465438938939 0.0722553792292292 0.0714656794514514 0.0700810752992993 0.0667821133373373 0.0647566117597598 0.0665198872532533 0.0666354513773774 0.0670505770990991 NA NA 0.799515515515515 0.101888547489489 0.0886812456816817 0.0696233620800801 0.0636105120500501 0.0668140766446446 0.0883407553033033 0.0839780344124124 0.0658447088408408 0.0660261643003003 0.0888660656516517 0.0890629330910911 0.066189391015015 0.0680623342282282 0.0869913088668669 0.089001191015015 0.0749177222882883 0.0674010894134134
0.0780198362562563 0.0782378712592593 0.0794814684504505 0.0797622967267267 0.113897804142142 0.111291998990991 0.113627715875876 0.112208626442442 0.0777878722462462 0.0787368676076076 0.0802288464964965 0.079742417981982 0.0794641885085085 NA NA 0.774906906906907 0.0981290857837838 0.0782036273473474 0.0789733942462462 0.0790919793553553 0.0801880893993994 0.0783223834254254 0.0782753242922923 0.0793590155015015 0.0804038565205205 0.0783625902562563 0.0783184594214214 0.0782308782122122 0.0790547924944945 0.0783241689389389 0.0783363833313313 0.0781718081941942 0.0783280971111111
0.0596902465165165 0.0595247746146146 0.0615914853213213 0.0620064498558559 0.109983803085085 0.112393030444444 0.114960394746747 0.105510742870871 0.0607813636216216 0.0605969999399399 0.0626086298338338 0.0626148974994995 0.0619095067147147 NA NA 0.76375975975976 0.0984525647487487 0.0595106967687688 0.0594791753273273 0.0642421591871872 0.0656640935615616 0.0593913446406406 0.0593145562762763 0.0615893313873874 0.0614220574934935 0.0595693238058058 0.0591924463183183 0.0611276104744745 0.0633500414374374 0.0595967542362362 0.0594486221101101 0.0635900858758759 0.0673367471831832
0.167525549231231 0.16393730849049 0.167093737613614 0.165692235441441 0.146681950082082 0.149476025883884 0.148452790998999 0.150821552132132 0.16813502578979 0.165010157105105 0.164316939937938 0.165897982600601 0.166649585545546 NA NA 0.770694694694695 0.222647533083083 0.16860062977978 0.168747215075075 0.164852430760761 0.16880767776977 0.169680620072072 0.168697907227227 0.169193198446446 0.169463960942943 0.168903159587588 0.168942181495496 0.169420655219219 0.168329061773774 0.168987970652653 0.1680788824004 0.167670124298298 0.167280563735736
0.269788778464464 0.123169700678679 0.1116681997998 0.109633252846847 0.110481561711712 0.108814564678679 0.111623051975976 0.109174003487487 0.137040546678679 0.111065972138138 0.119679927867868 0.105593403299299 0.137044232732733 NA NA 0.797311311311311 0.299469077049049 0.269505166298298 0.269602878670671 0.114856062542543 0.102904725597598 0.269472283133133 0.1212685621001 0.199747394436436 0.148204663357357 0.269515974262262 0.269912839785786 0.269584344288288 0.210716478834835 0.269711823399399 0.251857943179179 0.269446952902903 0.124089692912913
0.123460705645646 0.0743826984244244 0.0860829533573574 0.0782573575275275 0.0894957525345345 0.0850964853233233 0.0895638877297297 0.0849657275955956 0.0932809190930931 0.0636350623063063 0.0694204303043043 0.0712851626646647 0.0733928190770771 NA NA 0.791177177177177 0.122223344504505 0.123489851175175 0.0763679775075075 0.0658302346666667 0.0754003783323323 0.123482920448448 0.123474937081081 0.0938300701101101 0.0696359313673674 0.123449513813814 0.123487423411411 0.123421523573574 0.090990347947948 0.123449742338338 0.123451908790791 0.0784755861081081 0.0755832358678679
0.0256412512432432 0.0257859623103103 0.0259336996776777 0.0261408864124124 0.0456586038618619 0.0412301428608609 0.0408676353593594 0.0384115054194194 0.0257066950550551 0.0260541649009009 0.0261688462642643 0.0263019177257257 0.0262381618838839 NA NA 0.798252252252252 0.0809357482262262 0.0260780513853854 0.0256323375275275 0.0260647927987988 0.0264680556396396 0.025695160008008 0.0258974201001001 0.0262145664744745 0.0260402303123123 0.0258420657317317 0.0257605501501501 0.0258018317137137 0.0262756278558559 0.0261723815315315 0.0257969927347347 0.0261313836396396 0.026243324016016
0.128003534478478 0.128992681673674 0.106798904732733 0.100069935455455 0.122843444992993 0.120440787651652 0.119488684026026 0.118318972642643 0.122346151355355 0.110521491621622 0.100504485003003 0.10409686639039 0.105746845705706 NA NA 0.727405405405405 0.152318051461461 0.130027915461461 0.129050998094094 0.100277588998999 0.0995083557677678 0.129972030096096 0.129741122084084 0.0996150475055055 0.0987643924904905 0.129889455319319 0.12969045766967 0.12569917039039 0.120542929235235 0.129956482072072 0.130215668378378 0.128085815567568 0.103020649673674
0.0489360112212212 0.0488132844204204 0.0490259474774775 0.0488386613553554 0.0477416152612613 0.0479135949089089 0.0472014737217217 0.0478246690770771 0.0488515179359359 0.0488531011291291 0.0488776964744745 0.0489279007587588 0.0489342781161161 NA NA 0.756402402402402 0.215422882952953 0.0490228821461461 0.0490871646746747 0.0488407147787788 0.0488746203443443 0.0489881792632633 0.0490559864124124 0.0487530462282282 0.0486767859079079 0.0490984212312312 0.0489507268868869 0.0489793081881882 0.049021159045045 0.0490327131951952 0.0490789782762763 0.0489102765345345 0.0488629447807808
0.163250777175175 0.162731858756757 0.16017850998999 0.161132795611612 0.173537854728729 0.176306576580581 0.177215939325325 0.175762723573574 0.162903962336336 0.162792947289289 0.158030150208208 0.160222295507507 0.161018403581582 NA NA 0.754382382382382 0.195940287457457 0.163300599059059 0.163485839311311 0.157775725319319 0.158497902262262 0.163029140646647 0.163125507351351 0.160324102126126 0.160829496024024 0.163537224414414 0.163179609079079 0.162693864398398 0.163025223537538 0.162602511259259 0.163327903305305 0.162853319683684 0.161983969511512
0.0636203121361361 0.0649663866906907 0.0646587623663664 0.0646760547447447 0.0871536578178178 0.0856478422902903 0.0860343771811812 0.0842492107707708 0.0640217434394394 0.0653048562022022 0.0656904143143143 0.0659406248068068 0.0653518115135135 NA NA 0.787457457457457 0.148279853795796 0.0636784416616616 0.0634416501441441 0.0653452326446446 0.0667032421981982 0.0633868343043043 0.0639772513293293 0.0637439706566567 0.0679732477357357 0.0630979317737738 0.063108647033033 0.0642302617537537 0.0644688044904905 0.063164816038038 0.0634979224904905 0.0635498426666667 0.0647188293693694
0.177770656986987 0.179132198118118 0.175377141143143 0.172049717285285 0.177623305233233 0.191273238026026 0.189938120242242 0.187620250534535 0.177064089607608 0.178833575171171 0.169745946022022 0.172002761257257 0.168222038978979 NA NA 0.708266266266266 0.175602862588589 0.178532115281281 0.1800413642002 0.145251670988989 0.155579892016016 0.179329605031031 0.178760739953954 0.179743190558559 0.161143505245245 0.179353727827828 0.179366421383383 0.17897203049049 0.175629630682683 0.178635751961962 0.18095882821021 0.166938019071071 0.168172213467467
0.0338115506406406 0.0309228154074074 0.0312619423483484 0.0307575711731732 0.0564290311151151 0.0546096623423423 0.0471266889309309 0.0428275247447448 0.0315683864844845 0.0298399360900901 0.0302490746326326 0.0301287944184184 0.0304893964464465 NA NA 0.65980980980981 0.0735204852172172 0.033808487013013 0.0337502837037037 0.0312232232712713 0.0297433204644645 0.0748634416256256 0.0335088871171171 0.0310127849029029 0.0317732599379379 0.0748853173673674 0.0335594575395395 0.0323542633853854 0.0321142755835836 0.0337376804284284 0.0336947411691692 0.0334482658618619 0.032031562960961
0.0770272748708709 0.0773627188368368 0.0762397477797798 0.0736202232112112 0.132881765675676 0.137723775401401 0.142135524096096 0.132879931079079 0.073771127035035 0.0770634124544545 0.071122088026026 0.0706708061801802 0.0755809138618619 NA NA 0.726134134134134 0.0787844413193193 0.077461940016016 0.0772554847027027 0.0685772412052052 0.0705641902022022 0.0772412991711712 0.077358321993994 0.069816212954955 0.0709318934734735 0.0778675151731732 0.0774799476396396 0.0775155312032032 0.0753523557537537 0.0775742179259259 0.0768180322602603 0.0765740416016016 0.0760219680960961
0.180418617841842 0.182959287963964 0.117919402992993 0.121630473179179 0.132812003419419 0.130337963461461 0.131047584882883 0.123419437329329 0.131545265033033 0.181412165469469 0.114908126516517 0.116692575961962 0.125951867863864 NA NA 0.794226226226226 0.165236414680681 0.184934707817818 0.184993536504505 0.106028444434434 0.107455005449449 0.183610113221221 0.182198141005005 0.105787415243243 0.109092055239239 0.175817175875876 0.186236940518519 0.111461266908909 0.124537202376376 0.186675345049049 0.185805118938939 0.137768162472472 0.110430177223223
0.0278102913933934 0.0278531815635636 0.0280916055975976 0.0279234763603604 0.049853774944945 0.0519546537977978 0.0486438739539539 0.045568491041041 0.0279796476316316 0.02797427197998 0.0280389131231231 0.0282352583883884 0.028212389947948 NA NA 0.773187187187187 0.0676302633613614 0.0277339366306306 0.0279087893853854 0.0284060541901902 0.0287416933373373 0.0278061395815816 0.02787645196997 0.0287951875155155 0.0288081053573574 0.0278573026026026 0.027834073015015 0.0279134259399399 0.0281931652672673 0.0277527355435435 0.0278146725585586 0.0277172423503503 0.0280890702342342
0.111550527735736 0.112094590850851 0.111441753505506 0.112499330388388 0.120688997635636 0.11977829155956 0.118385303179179 0.117522481597598 0.110165006558559 0.109102132778779 0.111716095943944 0.111556061455455 0.110641188634635 NA NA 0.795059059059059 0.209298438114114 0.114127165711712 0.112528959791792 0.112729905755756 0.108370231991992 0.113719407813814 0.109964574178178 0.112920186660661 0.110169473201201 0.111620078932933 0.11444039632032 0.111963445691692 0.11243527646046 0.111863938630631 0.110158981169169 0.109630337521522 0.113137018358358
0.0703094343523523 0.0701759998058058 0.070238452968969 0.0702262236336336 0.0720920962462463 0.0705901562662663 0.0711972796736737 0.0720926117017017 0.234084646628629 0.0701964898658659 0.0701574245425425 0.233640238332332 0.0702161171311311 NA NA 0.794354354354354 0.21006252377978 0.0702336899419419 0.0701531304284284 0.0701183108988989 0.234079428864865 0.0701854363643644 0.0701411375855856 0.0702355676696697 0.0703583942362362 0.0701479358318318 0.0703027628888889 0.0702035879159159 0.0702688422802803 0.0701839971471471 0.0702829628548549 0.234575200680681 0.0701723499239239
0.241076034814815 0.120082243937938 0.112688741643644 0.110035833349349 0.124023632604605 0.117400098162162 0.118632532852853 0.11968799828028 0.156513521317317 0.114410618466466 0.109614977795796 0.108556495085085 0.131231892266266 NA NA 0.759677677677678 0.170523699353353 0.240911438414414 0.113904546168168 0.112390868876877 0.108264932482482 0.24102217151952 0.147480124348348 0.147325399005005 0.108837617761762 0.241016921149149 0.240861194518519 0.213830253605606 0.23070928445045 0.240680008216216 0.128460834944945 0.104606523277277 0.114016800866867
0.325637555225225 0.371867075855856 0.414642948244244 0.402464354598599 0.15962184161962 0.174856264242242 0.173764044572573 0.171698757725726 0.432091530178178 0.377748411067067 0.392525382188188 0.401341713213213 0.400238981997998 NA NA 0.773897897897898 0.494958111371371 0.420262086352352 0.381210436616617 0.394250278424424 0.410128621877878 0.45454496238038 0.328231343281281 0.3987788197998 0.41563509985986 0.423405978672673 0.408543172248248 0.402127703209209 0.418218799925926 0.518607203197197 0.452373025041041 0.38249554786987 0.417788160624625
0.165223043309309 0.164552875515516 0.161699562272272 0.160446962756757 0.144386862522523 0.144153044442442 0.144352449601602 0.143646782806807 0.159905761367367 0.163198094046046 0.160258283847848 0.157859892084084 0.158622502062062 NA NA 0.781263263263263 0.170954599237237 0.165035790504505 0.164462676898899 0.15779476783984 0.15511360048048 0.165633496264264 0.16465217570971 0.143298776578579 0.158715099463463 0.164931320736737 0.16481545562963 0.164119255479479 0.162143971743744 0.164775300600601 0.164038056322322 0.16482071647047 0.163841478986987
0.124280208794795 0.0881586987327327 0.0892030221021021 0.0885361490830831 0.128887379287287 0.125276671623624 0.126443852076076 0.12379571639039 0.0877548719439439 0.0881658085905906 0.0896149747087087 0.0895756423003003 0.0883776914774775 NA NA 0.777983983983984 0.100040493511512 0.122028059231231 0.0876505952192192 0.0879762284764765 0.0995251531491491 0.0877231931531531 0.0877957200840841 0.088685902044044 0.0899938103043043 0.122615870968969 0.0870505214214214 0.0892769827667668 0.0901274956776777 0.0878547183743744 0.0879681684964965 0.0896470308028028 0.0897308586206206
0.0807765207367367 0.0746413391451451 0.0776417838418418 0.0789572475735736 0.0533649443283283 0.0529238428008008 0.0517694554954955 0.0532851804224224 0.0801301904664665 0.0805157396516517 0.0573143124524525 0.071582052034034 0.0672468542422422 NA NA 0.777827827827828 0.0808006087407407 0.0807999013293293 0.0807854852012012 0.0752684954554555 0.0781061142682683 0.0807804953753754 0.0808120764844845 0.0800757404964965 0.0798920691651652 0.0807649625545546 0.0807885712972973 0.0807198475095095 0.0798251248588589 0.0808021135835836 0.080800404052052 0.0803032575375375 0.0789276387587588
0.221551551551552 0.118947816720721 0.107754008558559 0.151897346836837 0.105131200674675 0.10610434408008 0.105508622304304 0.101380373239239 0.123565273051051 0.128709103953954 0.138830812108108 0.148347499035035 0.216624510810811 NA NA 0.755127127127127 0.219869248494494 0.221500139207207 0.221551551551552 0.126158650738739 0.148656801471471 0.221551551551552 0.109398040336336 0.203510624946947 0.217397003085085 0.221540752336336 0.221514773463463 0.221176446578579 0.218254162582583 0.221550447001001 0.221170794364364 0.221076143347347 0.219151444838839
0.101508645957958 0.104372215427427 0.104476904336336 0.110250097855856 0.108625732786787 0.106799973365365 0.103282620636637 0.101673785159159 0.115871761551552 0.114459915491491 0.107060174710711 0.102870797861862 0.109617074188188 NA NA 0.776016016016016 0.159547566402402 0.113730836804805 0.107123315425425 0.0986798706486487 0.101758821003003 0.120683680716717 0.0995320011651652 0.0984712759299299 0.102620759335335 0.115522418276276 0.11182108834034 0.103535463187187 0.110406354302302 0.113897405827828 0.115506034732733 0.108811640528529 0.110380134552553
0.26124668631031 0.260270698980981 0.253060134964965 0.252292277439439 0.159513951357357 0.154316620816817 0.153244019099099 0.154926813853854 0.257835894646647 0.260621798238238 0.2432031474995 0.250369171221221 0.245277280786787 NA NA 0.798540540540541 0.235360573371371 0.263970878678679 0.261753917677678 0.192852233727728 0.242639267017017 0.261716802572573 0.260827129517518 0.216044965201201 0.251840478098098 0.260972680898899 0.260352537615616 0.26054673836036 0.246367567975976 0.260764832094094 0.261539242970971 0.261771573677678 0.258692599537538
0.0245001135675676 0.0248129726286286 0.0250256842202202 0.0254005299119119 0.0917836359419419 0.0874581538298298 0.0899765378358358 0.081678021011011 0.0243723730530531 0.0250893222562563 0.0250584291811812 0.0255135543903904 0.0263801941381381 NA NA 0.790516516516517 0.0750162837077077 0.025010825017017 0.0245127281741742 0.0265539877477477 0.0275597407047047 0.0247947449129129 0.0246007813253253 0.0274070887707708 0.0503674387507508 0.0245107874274274 0.0242978825125125 0.0261797815995996 0.0339155521101101 0.0246268117177177 0.0248927271671672 0.0266356848928929 0.0332567278658659
0.0741556109329329 0.0754503157637638 0.0752092263443443 0.0752750806726727 0.121447075617618 0.117567035647648 0.12809217841041 0.12439789609009 0.0746979793413413 0.0750432771571572 0.0767432554634635 0.075712606046046 0.0751010501841842 NA NA 0.769503503503503 0.179467993281281 0.0738804701621622 0.0747380151291291 0.0758795056336336 0.0757990111011011 0.0743224291711712 0.0740831054414414 0.0746881344324324 0.075043350954955 0.074010933965966 0.0740141352872873 0.0744174709089089 0.0745229906226226 0.0743494027167167 0.151961865927928 0.0742782817197197 0.0743943350950951
0.0848569263003003 0.0844628681861862 0.0753250645205205 0.0774518638898899 0.0734336014234234 0.0832418598478478 0.0874536390850851 0.0829091438778779 0.0808956306706707 0.0759779562502503 0.0771446006666667 0.0754524442782783 0.0772546191511511 NA NA 0.772866866866867 0.105952500694695 0.0851747314534535 0.0847451323923924 0.0705051636296296 0.0715749902462463 0.0843076017177177 0.0841480902902903 0.0795522881221221 0.0775676199319319 0.085049213047047 0.0851382818438438 0.0810383257177177 0.0841673767607607 0.0851566546366366 0.0844141476676677 0.0799303237777778 0.0801895151051051
0.066354694942943 0.0665496727447447 0.0666931071991992 0.0663961911491491 0.0668633047167167 0.0677588192732733 0.0668500117897898 0.0670649791051051 0.0666006581081081 0.0665840000740741 0.0666836753853854 0.0668177708408408 0.0665012522762763 NA NA 0.73432032032032 0.295467510820821 0.0665718621361361 0.0665555521621622 0.066206947007007 0.0668235241241241 0.0665763541741742 0.0663581722602603 0.0665416895815816 0.0665843062002002 0.0666035107247247 0.0667463991651652 0.0665798258638639 0.0666081702142142 0.0664285154694695 0.0669600327447447 0.0665040684264264 0.0666220623943944
0.100846849591592 0.100619281727728 0.10124198406006 0.101649167865866 0.117778687581582 0.119521287757758 0.116691178924925 0.117208986102102 0.100888854704705 0.100696664768769 0.10120152756957 0.101018021915916 0.101408824754755 NA NA 0.77428028028028 0.192883843531532 0.10113085634034 0.10056615973974 0.101078941205205 0.101459738566567 0.101405656142142 0.101283599377377 0.101022522776777 0.101299972604605 0.107875426724725 0.101374309603604 0.100713009955956 0.101232214048048 0.101618452716717 0.10153126150951 0.101121844898899 0.101370682142142
0.152836883523524 0.152966650614615 0.140068328744745 0.127664016932933 0.121985036992993 0.121586397523524 0.118312770530531 0.111689219105105 0.146217014594595 0.132067400582583 0.131914343877878 0.139483164214214 0.128197599399399 NA NA 0.786066066066066 0.139578188464464 0.15305948417017 0.153065557049049 0.0960617297317317 0.0946498482762763 0.153158494994995 0.15007072768969 0.0884597985725726 0.0990758688348348 0.153258544134134 0.152642092074074 0.113772225883884 0.148089036314314 0.152701890018018 0.152738915821822 0.152452061311311 0.137352147817818
0.103614999837838 0.102055722854855 0.10065266202002 0.102007475737738 0.0890307057437437 0.0897001159019019 0.0875353153753754 0.0906302961021021 0.102655338432432 0.102951918500501 0.102121274600601 0.102848109043043 0.103160189895896 NA NA 0.793221221221221 0.265190259283283 0.103747276294294 0.102823848912913 0.10193980609009 0.100003341331331 0.10368476365966 0.103665325303303 0.103044530956957 0.102216644556557 0.103646321439439 0.103733655285285 0.103568409225225 0.103630821525526 0.10357521953954 0.103662270598599 0.103564349105105 0.103059182812813
0.111988699051051 0.110732946438438 0.112236234204204 0.112737542614615 0.102291832872873 0.102362254552553 0.102204220722723 0.101712076984985 0.112394750784785 0.110344853131131 0.112372405405405 0.11186020834034 0.112587551605606 NA NA 0.781551551551552 0.128317958162162 0.11219205605005 0.11233428388989 0.113283264508509 0.111681776186186 0.113894177825826 0.112868712204204 0.113374276272272 0.112890761633634 0.112507039441441 0.114943872034034 0.11178535751952 0.112630144138138 0.112975473409409 0.11450320585986 0.114195837461461 0.114907687647648
0.09581713994995 0.0445700935955956 0.0445083008668669 0.0952002874254254 0.0616397221841842 0.0672690667447447 0.0570194510870871 0.057314710982983 0.0951447687627628 0.0444751841241241 0.0443698616156156 0.0445201479339339 0.0448700399179179 NA NA 0.778982982982983 0.0961297454114114 0.0952905592912913 0.0959580541841842 0.0445897382302302 0.0953367019279279 0.0953369335515516 0.0443794663043043 0.0448818672952953 0.0953099833893894 0.0445631757817818 0.0956236244704705 0.0956345051171171 0.0447556488308308 0.0957802961401401 0.0954114788588589 0.0443967622162162 0.0953854235335335
0.11161729561962 0.0732269764684685 0.0744370674574575 0.0750961758658659 0.0833981219499499 0.0861996616656657 0.0857303183623624 0.0840632548028028 0.0755644304064064 0.0754658007967968 0.075034114966967 0.0751829013893894 0.0744725263863864 NA NA 0.798748748748749 0.132346056336336 0.112253901551552 0.0732437107847848 0.0734466308528529 0.0753731577357357 0.0741649622682683 0.0734583789369369 0.0741695282662663 0.0744876875255255 0.11212443975976 0.112075761241241 0.0738002791691692 0.0740087965965966 0.111848323383383 0.111898644014014 0.0742064842062062 0.083360798
0.476897362816817 0.476161545233233 0.418372933089089 0.417027273029029 0.213835846226226 0.203532782926927 0.20533615645045 0.200453175225225 0.462209282622623 0.474142583245245 0.438329849471471 0.388871691645646 0.398990195651652 NA NA 0.719953953953954 0.443453270466466 0.476563439173173 0.476739029411411 0.274598942922923 0.349515944764765 0.476644993271271 0.476629250524525 0.448975503121121 0.466840677287287 0.476579398194194 0.468720406232232 0.476299005887888 0.464113088148148 0.476565114738739 0.470334832592593 0.47680232814014 0.473893123703704
0.0428741272132132 0.0435459056036036 0.0429386316796797 0.0396269370630631 0.0782232256676677 0.0706686636796797 0.0811095544224224 0.0659189873573574 0.0424186376116116 0.0421020058738739 0.0419809265025025 0.039884778982983 0.0406424336256256 NA NA 0.748792792792793 0.0394957602822823 0.0435547870590591 0.0434965275715716 0.037147169981982 0.0393591050710711 0.0430977756916917 0.0432524554274274 0.0388713631271271 0.0419965174414414 0.0436864844944945 0.0434138103043043 0.0415868564704705 0.0432232549089089 0.0430367634374374 0.0434309512972973 0.0428590362102102 0.0420953451031031
0.381318910302302 0.277512496148148 0.267684302332332 0.293710194904905 0.157750510778779 0.155200655303303 0.157564437205205 0.155110085279279 0.357407448616617 0.253578878866867 0.286110716972973 0.319420446638639 0.324677197445445 NA NA 0.786042042042042 0.315629312066066 0.380847952592593 0.247086571209209 0.292044097483483 0.289168349435435 0.380036549145145 0.381622321015015 0.380214200746747 0.342598559279279 0.381084908632633 0.381583719153153 0.379472978978979 0.368733477345345 0.380826131667668 0.380737346 0.362201105135135 0.358542657219219
0.121274411273273 0.121199247985986 0.121640649127127 0.121181157785786 0.14251556776977 0.144823703691692 0.145973663169169 0.143172341445445 0.121431253157157 0.121071478064064 0.12189478216016 0.121643411971972 0.121892687029029 NA NA 0.79176976976977 0.254151223507508 0.12108527151952 0.12092120413013 0.121587973611612 0.122374072428428 0.121153895319319 0.120984934606607 0.122117926174174 0.121458509267267 0.121119498958959 0.121088178824825 0.122464600154154 0.121267613397397 0.121033864028028 0.120775702368368 0.121353527295295 0.121563203791792
0.00178573032032032 0.00178717677077077 0.00186881168168168 0.00205378208208208 0.0655899481201201 0.0637840887307307 0.0551974977777778 0.0598518283863864 0.00189391811011011 0.00184115707507508 0.00207911153353353 0.00190213342542543 0.00212056906506506 NA NA 0.766942942942943 0.00445268294094094 0.00175546609209209 0.00176751594594595 0.00334573924724725 0.00249996621421422 0.00177792395995996 0.00177645419219219 0.00183219078878879 0.00205538671071071 0.0017545605025025 0.00181502321321321 0.00174880948948949 0.00178964397597598 0.00176117407607607 0.00177483481681682 0.0017590087967968 0.0025242732012012
0.165743355217217 0.121105584988989 0.105719882856857 0.0926011623483484 0.153319955181181 0.149060748892893 0.147224107721722 0.14691751043043 0.109297289511512 0.0965027118558558 0.0948800176276276 0.0917089829229229 0.0976382474054054 NA NA 0.764194194194194 0.178509866348348 0.165488990334334 0.165552964446446 0.0956211527327327 0.129050619393393 0.165582260362362 0.165464425021021 0.0920249588928929 0.100143665795796 0.165749817385385 0.165675632728729 0.0946551309389389 0.0950152367087087 0.165818348424424 0.164411352704705 0.0933866408608609 0.109352887027027
0.0506680553553554 0.0510528425645646 0.0505498570810811 0.0501116932912913 0.082986444958959 0.081227356980981 0.0783886333513514 0.0816484250830831 0.050052285023023 0.0505726053293293 0.0507440113713714 0.0511641736416416 0.0507450025925926 NA NA 0.789231231231231 0.164734286946947 0.0501340644284284 0.0501814766426426 0.050668441001001 0.0504138839079079 0.0504594258158158 0.0508268954994995 0.0506946078038038 0.0504016161901902 0.050673775041041 0.050474151991992 0.0504672461401401 0.0502185397517518 0.050751910976977 0.0503401894674675 0.0503951482222222 0.050644589023023
0.477186886758759 0.414287945725726 0.472049747737738 0.447761000882883 0.155519114496496 0.136536271631632 0.15649798813013 0.152146129635636 0.475673741271271 0.468272907495495 0.461418397931932 0.471878125179179 0.464913586714715 NA NA 0.786536536536537 0.474690135191191 0.477187611403403 0.475315689887888 0.471053391903904 0.469619815841842 0.477187594946947 0.475110245249249 0.475705301913914 0.475134256742743 0.477165931691692 0.477182380224224 0.477087768772773 0.475655062472473 0.477189915345345 0.477176982598599 0.477185126142142 0.476666516754755
0.208666055055055 0.207032220522523 0.188679057165165 0.189737534750751 0.162798974628629 0.16092859580981 0.163045188574575 0.148310835221221 0.206525599425425 0.199848992056056 0.154048859111111 0.179849157181181 0.165376716698699 NA NA 0.740334334334334 0.202212181893894 0.209912989403403 0.207441877817818 0.158943614378378 0.197670618988989 0.212145959383383 0.20549121956957 0.141286806700701 0.1959662984004 0.210638285409409 0.208709939013013 0.179393398524525 0.191320845941942 0.213250565905906 0.206908800168168 0.206118988936937 0.191231805111111
0.105524943715716 0.151182945703704 0.108731991349349 0.109858999147147 0.120427532344344 0.123793026098098 0.123505585825826 0.118887989057057 0.108881249943944 0.11069272243043 0.107387302022022 0.11004500638038 0.108453800830831 NA NA 0.786568568568569 0.170348061853854 0.118049015013013 0.111840237995996 0.105341413235235 0.107474836720721 0.151570785637638 0.108985884636637 0.102074975013013 0.108573709235235 0.116920427975976 0.111646325967968 0.107290698166166 0.11201622573974 0.108725223323323 0.109988345139139 0.111021845421421 0.110164330162162
0.0636156828408408 0.0635540396236236 0.0600632813093093 0.061786586014014 0.0602503544264264 0.0596294124224224 0.0579777969269269 0.0584892391651652 0.062228050016016 0.0633319348968969 0.0616994725565566 0.060700296006006 0.0614143837897898 NA NA 0.783351351351351 0.067637163023023 0.0635349254754755 0.0635777853953954 0.0568813738478479 0.0574354251391391 0.0636949121581582 0.0636238098038038 0.0617587201721722 0.0609415896216216 0.0636626717217217 0.0634816124924925 0.0607564703783784 0.0630834733133133 0.0636473507967968 0.0633980414954955 0.0630908250710711 0.0629687593813814
0.190013476186186 0.189633588266266 0.179668399155155 0.162976808138138 0.158807601315315 0.152724471083083 0.151305721123123 0.144441461219219 0.187436623355355 0.181459856122122 0.163906200922923 0.16145659986987 0.168707168044044 NA NA 0.774748748748749 0.180311669215215 0.191067768768769 0.189585353197197 0.124622571165165 0.121096543375375 0.191644947009009 0.189651848670671 0.122269200640641 0.121215753925926 0.191923012526527 0.254504138508509 0.174529303257257 0.170333590922923 0.189887721291291 0.191700645917918 0.189560520984985 0.171827426918919
0.134755722888889 0.13466660954955 0.0871109254654655 0.0829510081701702 0.0922969463443443 0.103086901715716 0.0999549756016016 0.095440266012012 0.0857908385645646 0.0865286295235235 0.0831924861901902 0.0888302276296296 0.085922331027027 NA NA 0.792756756756757 0.156462894102102 0.134974057181181 0.134673139917918 0.0805299273933934 0.08240673398999 0.13466500829029 0.134618402028028 0.0803572644584585 0.0839482988968969 0.134680702606607 0.134553593381381 0.0826488970650651 0.0930358695575576 0.134637120980981 0.134536087035035 0.111724631447447 0.0868451366286286
0.0711052921641642 0.0709919495755756 0.0666674622822823 0.0637644261861862 0.115781408424424 0.120813120772773 0.108440409215215 0.105400032532533 0.0704618582682683 0.0686274524604605 0.0621852597697698 0.0653400529429429 0.067154711013013 NA NA 0.757571571571572 0.0731159644324324 0.0709909234874875 0.0711546671971972 0.0619994307407407 0.0661907947947948 0.0711730159139139 0.0710411991431431 0.0638827136996997 0.060848094026026 0.0711157712192192 0.0710781905985986 0.0711188320520521 0.0703864500960961 0.0711680707447447 0.0711357055335335 0.0709837128588589 0.066964558976977
0.107446447663664 0.107270694512513 0.0581521542102102 0.0581956828988989 0.0661810546986987 0.0686766219499499 0.066107812984985 0.0647083280520521 0.0632438295955956 0.0677581935895896 0.0582270031431431 0.0611928708708709 0.0592610504784785 NA NA 0.783697697697698 0.108180478556557 0.10741334755956 0.107401444272272 0.0576851698638639 0.0583911638818819 0.107523750006006 0.107272768612613 0.056667174970971 0.0575851327487487 0.107577974704705 0.10739085763964 0.0647375500820821 0.0576039677657658 0.10779316834034 0.107602877365365 0.0577256696576577 0.0594638683503503
0.0902163215015015 0.0903211664264264 0.0875237118498498 0.0815659726346346 0.0880361513753754 0.0933489288768769 0.0859185507187187 0.0841981401021021 0.0835896432672673 0.0817570121221221 0.0830093631171171 0.0753831297517518 0.0844468845885886 NA NA 0.793753753753754 0.085476258002002 0.0902560080760761 0.0904366174614615 0.0644233710670671 0.071030409995996 0.0903060626626627 0.0905440681061061 0.0798087922002002 0.0786722538458458 0.0905379362542543 0.0900687496216216 0.079131694994995 0.0904350074114114 0.0901997039119119 0.0903657649009009 0.088361199001001 0.088034254048048
0.0251707531391391 0.0250727382602603 0.0251341263223223 0.0253819072672673 0.0645492994974975 0.0654188888508509 0.0611018368748749 0.0575191599419419 0.0251845998278278 0.0250895312152152 0.0252172783583584 0.0253741833053053 0.0252218616796797 NA NA 0.782524524524524 0.055143506978979 0.0251448628668669 0.0248970025285285 0.0256728026346346 0.0272725581041041 0.0251689358978979 0.0250370058018018 0.0250889016856857 0.0251889807927928 0.0250652298418418 0.025181941005005 0.0253111895395395 0.0251703899199199 0.0251323965245245 0.0251140507967968 0.0252272840820821 0.0251745192612613
0.212546228730731 0.206192880278278 0.205795191551552 0.199939123221221 0.173113000246246 0.173566329513514 0.173407724586587 0.172877183299299 0.205102301883884 0.198147701595596 0.19752702774975 0.211295315547548 0.203317510974975 NA NA 0.787325325325325 0.253706749181181 0.203994582384384 0.195154172486486 0.19503949619019 0.196314805717718 0.212977763131131 0.203648822524525 0.183586945247247 0.19522378760961 0.21002865570971 0.207514263131131 0.195938841457457 0.209242099665666 0.22147517367968 0.212319592758759 0.2190240145005 0.213300240488489
0.00858698045245245 0.00885226534534535 0.00871993305705705 0.00863236440840841 0.019880842976977 0.0254079857657658 0.0304085823743744 0.0261748553513514 0.00866493088688689 0.00873611094694694 0.00871090040840841 0.00898993237437437 0.00883574334134134 NA NA 0.762572572572573 0.012461624032032 0.00864083206806807 0.00870559808208208 0.00861105205405406 0.00889955601801802 0.00880117332132132 0.00866029900900901 0.00902726916716716 0.0087229553993994 0.00871568530930931 0.00851020132732733 0.00869354232232232 0.00868428766966967 0.00852304268068068 0.00867956952552553 0.00868324075675676 0.00864438096296296
0.165655060748749 0.173486316414414 0.131244313871872 0.127854908466466 0.146898485557558 0.153215200508509 0.15653826032032 0.145930338900901 0.132970056988989 0.130537796812813 0.128421252674675 0.127811679101101 0.128192080782783 NA NA 0.766524524524525 0.148015326272272 0.169511215715716 0.169105205087087 0.120775317405405 0.120227787623624 0.168372848888889 0.133105215805806 0.120715296676677 0.127630402294294 0.172102869141141 0.134210238988989 0.131759233391391 0.13057187235035 0.171799870852853 0.141177863571572 0.121879113927928 0.123903725497497
0.106701961803804 0.107388105393393 0.105118543661662 0.104678774680681 0.0950628230670671 0.0947692536936937 0.095319920036036 0.0948335900780781 0.105595344202202 0.103410154112112 0.104842546536537 0.105083273467467 0.104760204998999 NA NA 0.777555555555556 0.151874700576577 0.107226145557558 0.105673809645646 0.105558564092092 0.104296761009009 0.107464504956957 0.10716234842042 0.106997009267267 0.104572190496497 0.107140968760761 0.107129040052052 0.106913113395395 0.105529360880881 0.107359686372372 0.106871573299299 0.107457779003003 0.10553746218018
0.13841894804004 0.13842777596997 0.109402476524525 0.101451380562563 0.146959201115115 0.147369504632633 0.146082538218218 0.146149074224224 0.109124735701702 0.106332510316316 0.119260857155155 0.101642550406406 0.104626316882883 NA NA 0.743311311311311 0.125356260538539 0.138455787167167 0.138249573301301 0.0965603509069069 0.117058384902903 0.13833594387988 0.138163363871872 0.0956696855855856 0.126257373871872 0.13811365634034 0.124996656716717 0.0962676317797798 0.105232163965966 0.138407678048048 0.138223465803804 0.0963675726626627 0.104794579693694
0.325931596892893 0.325582836914915 0.226225294108108 0.24835487419019 0.134557277893894 0.128786044650651 0.129197717725726 0.127523555753754 0.272651478986987 0.250333192158158 0.170672800514515 0.209565675043043 0.225580688188188 NA NA 0.765761761761762 0.250010545409409 0.325833268346346 0.325849652556557 0.125422372684685 0.138743034704705 0.327277791733734 0.326282335973974 0.174416508776777 0.268708369551552 0.326463250474474 0.326186847961962 0.321710540640641 0.237131347341341 0.32607739785986 0.32650558157958 0.282822880770771 0.317031116136136
0.116527183231231 0.122519989835836 0.123310903235235 0.125684993441441 0.123702166658659 0.124634260186186 0.12405665832032 0.124201171385385 0.127471981041041 0.120989773215215 0.125950161215215 0.125513528890891 0.123026948896897 NA NA 0.798324324324324 0.299497571057057 0.116543135035035 0.116126366032032 0.123681801079079 0.122462453293293 0.116766432576577 0.121123884268268 0.122797918454454 0.122621847863864 0.116444961471471 0.117653554226226 0.119898642194194 0.123717238604605 0.116414505135135 0.117473930956957 0.124651447595596 0.123419621099099
