"U_1_Gam_alpha2F" "U_2_Gam_alpha2F" "U_5_Gam_alpha2F" "U_10_Gam_alpha2F" "U_1_Gam_alpha1F" "U_2_Gam_alpha1F" "U_5_Gam_alpha1F" "U_10_Gam_alpha1F" "U_1_Gam" "U_2_Gam" "U_5_Gam" "U_10_Gam" "Sylvia_Sparse" "FM_RevJump" "MBC" "DPM" "FM_Raffaele" "U_1_PC_alpha2F_01" "U_2_PC_alpha2F_01" "U_5_PC_alpha2F_01" "U_10_PC_alpha2F_01" "U_1_Gam_ProbKp_01" "U_2_Gam_ProbKp_01" "U_5_Gam_ProbKp_01" "U_10_Gam_ProbKp_01" "U_1_PC_alpha2F_09" "U_2_PC_alpha2F_09" "U_5_PC_alpha2F_09" "U_10_PC_alpha2F_09" "U_1_Gam_ProbKp_09" "U_2_Gam_ProbKp_09" "U_5_Gam_ProbKp_09" "U_10_Gam_ProbKp_09"
0 6.66408080808082e-05 0.000111837373737374 0.000146985252525253 0.186715361818182 0.238923400606061 0.170304603636364 0.156795718787879 8.35939393939395e-06 0.000230702020202021 8.41371717171719e-05 0.00019438 0.000153948686868687 NA NA 0.0772356387878788 3.65109090909092e-05 0 0.000216832121212122 0.000516845252525253 0.00106006040404041 4.9139393939394e-06 8.04040404040406e-07 0.000109253535353536 0.200010387474747 0 0 3.07070707070708e-07 9.39959595959598e-06 0 2e-08 3.73333333333334e-07 3.64444444444445e-07
0 0.000345736363636364 0.000411469696969698 0.000208317575757576 0.377648136767677 0.433170366868687 0.310945779393939 0.376142115353535 3.82686868686869e-06 0.000233940202020202 0.00068380585858586 7.74795959595961e-05 0.000394100808080809 NA NA 0.0836682753535354 7.09806060606062e-05 0 0.000819881212121214 0.000773150505050506 0.00233785818181819 0 3.08484848484849e-07 0.00072200585858586 0.498030218181818 0 2e-08 2.57777777777778e-07 3.24646464646465e-07 0 0 6.04040404040405e-08 1.35353535353536e-06
0 2.74470707070708e-05 2.72167676767677e-05 4.00721212121213e-05 0.136588563030303 0.120320940606061 0.109762656161616 0.13093402 3.21454545454546e-06 0.000131184444444445 7.13357575757577e-05 0.000130596363636364 4.31876767676768e-05 NA NA 0.0709164745454545 3.92626262626263e-05 0 1.59933333333334e-05 0.000256524646464647 0.000685182828282829 0 1.22828282828283e-07 1.45951515151515e-05 0.148247620808081 2e-08 3.2888888888889e-07 7.1818181818182e-07 2.10949494949495e-06 0 0 5.72929292929294e-07 2.64848484848485e-07
0 0.000261081212121213 7.09098989898991e-05 0.000176498787878788 0.250653044242424 0.260827954141414 0.219213801010101 0.156358746464646 3.50222222222223e-06 0.000170570303030303 0.000241901010101011 8.95597979797981e-05 5.8159191919192e-05 NA NA 0.0751953052525253 4.08333333333334e-05 0 0.000161482828282829 0.000370857373737374 0.00190315252525253 0 6.12121212121213e-08 3.75272727272728e-06 0.173168947272727 0 0 2e-08 3.35272727272728e-06 0 0 4.34666666666667e-06 9.80202020202022e-07
0 0.000286886464646465 7.9678383838384e-05 8.05915151515153e-05 0.163451595353535 0.230128884646465 0.195426934747475 0.158432283030303 2.16571717171718e-05 0.000249257373737374 0.000141689292929293 9.90997979797982e-05 5.63725252525254e-05 NA NA 0.0773955470707071 5.34450505050506e-05 0 0.000601337373737375 0.000345374747474748 0.00198538444444445 3.95959595959597e-08 4.66262626262627e-07 3.09911111111112e-05 0.240588547272727 0 0 8.24242424242426e-08 7.47575757575759e-06 0 0 2.989898989899e-07 4.33131313131314e-07
2e-08 7.81210101010102e-05 6.31137373737375e-05 8.8678181818182e-05 0.377287114343434 0.22916382969697 0.206619762828283 0.147463701010101 8.1208080808081e-06 0.000168380404040404 0.000293746868686869 6.76208080808082e-05 0.000101339797979798 NA NA 0.0762198284848485 5.69806060606062e-05 0 0.000140571111111111 0.000278107676767677 0.0011249103030303 0 9.59191919191921e-06 5.57636363636365e-05 0.152097435555556 3.95959595959597e-08 0 3.04646464646465e-07 3.23878787878788e-06 0 0 1.6e-07 2.66747474747475e-06
0 4.00151515151516e-05 5.25604040404041e-05 3.32222222222223e-05 0.154424683232323 0.039939258989899 0.110615245252525 0.172930068888889 3.35979797979799e-06 9.58719191919194e-05 9.51668686868689e-05 5.52232323232324e-05 4.67577777777779e-05 NA NA 0.0683993175757576 4.30804040404041e-05 0 1.12537373737374e-05 0.000165187474747475 0.000359549696969698 0 2.22828282828283e-07 2.4709090909091e-06 0.0803040149494949 0 2e-08 4.06464646464647e-07 1.01959595959596e-06 0 0 1.54343434343435e-07 8.52525252525254e-07
0 0.0013594802020202 0.000549448282828284 0.000958009696969698 0.39287988989899 0.37322541010101 0.432341972525253 0.360153266262626 7.26464646464648e-06 0.000489366464646465 0.000580086262626264 0.0006172698989899 0.000475039595959597 NA NA 0.0870827939393939 0.000104524646464647 0 0.00231459050505051 0.00298649555555556 0.00620150848484848 6.04040404040405e-08 1.1189898989899e-06 6.26969696969698e-06 0.508238353535354 0 2e-08 6.62626262626264e-07 4.0759595959596e-06 5.87878787878789e-08 1.65454545454546e-07 1.21212121212121e-07 2.44646464646465e-05
0 0.00024159595959596 8.95218181818183e-05 0.000195693737373738 0.337033876969697 0.227373188282828 0.233414053131313 0.208710274343434 4.08707070707071e-06 0.000152021212121212 0.000126715757575758 0.000110545050505051 8.44763636363638e-05 NA NA 0.0729001604040404 2.59507070707071e-05 2e-08 0.000123281616161616 0.000755232929292931 0.00166602040404041 2e-08 2.32525252525253e-07 7.64775757575759e-05 0.235462957575758 0 0 1.35252525252525e-06 1.89151515151515e-06 0 0 1.17818181818182e-06 3.0589898989899e-06
0 4.88735353535354e-05 5.64402020202021e-05 8.20056565656567e-05 0.308887470707071 0.414293642020202 0.309784768888889 0.145741821010101 3.2119191919192e-06 0.000130536161616162 5.12557575757577e-05 0.000159015353535354 8.63812121212123e-05 NA NA 0.0774186072727273 2.97272727272728e-05 2e-08 0.000337746060606061 0.00018605696969697 0.000977172525252527 0 2.83545454545455e-05 9.61862626262628e-05 0.217052341414141 0 9.72727272727275e-07 1.01535353535354e-05 1.26525252525253e-06 7.75757575757577e-08 0 1.93131313131313e-07 2.45515151515152e-06
0 0.000247273333333334 0.000170615151515152 0.000190074141414142 0.323483872929293 0.274310367272727 0.251996293737374 0.139521184444444 3.62262626262627e-06 0.00025919292929293 0.000198660808080808 0.000124769494949495 0.000137878585858586 NA NA 0.0824617907070707 5.34642424242425e-05 7.56969696969698e-07 0.000400115353535354 0.00060809292929293 0.00137226646464647 0 4.68264646464647e-05 7.71064646464648e-05 0.269349625252525 0 0 1.40404040404041e-07 3.15979797979799e-06 0 2e-08 9.91919191919194e-08 1.20080808080808e-06
0 0.000117120808080808 2.6479595959596e-05 0.000125987676767677 0.19948069010101 0.255820632323232 0.172757687676768 0.24833203050505 3.82686868686869e-06 0.000207265858585859 4.59084848484849e-05 4.75418181818183e-05 2.72056565656566e-05 NA NA 0.0826248438383838 3.96422222222223e-05 0 0.000103125454545455 0.00019367191919192 0.00101023373737374 0 4.04040404040405e-08 1.71757575757576e-06 0.178475647272727 0 2e-08 6.99797979797981e-07 6.209898989899e-06 0 0 4.57171717171718e-07 2.5139393939394e-06
0 0.000168004848484849 4.46860606060607e-05 2.72418181818182e-05 0.269219795555556 0.194218946464646 0.284903700606061 0.260106134545455 2.82404040404041e-06 0.000120616363636364 0.00018775393939394 4.41981818181819e-05 3.93563636363637e-05 NA NA 0.0740074947474748 3.25101010101011e-05 0 0.000104349494949495 0.000341785656565657 0.000966970303030305 0 1.23636363636364e-07 1.09254545454546e-05 0.156779870505051 0 1.31515151515152e-07 2e-08 3.31717171717172e-06 0 0 1.68080808080808e-07 5.54141414141415e-07
0 0.000106422626262626 0.000119574545454546 9.14559595959598e-05 0.217284036363636 0.33090064949495 0.10535704969697 0.241699343232323 4.28929292929294e-06 0.000209612727272728 0.00024751393939394 0.000273561818181819 6.68866666666668e-05 NA NA 0.0783129371717172 5.63559595959597e-05 0 0.00032269898989899 0.000474368080808082 0.00103122747474748 0 0.000487134343434344 3.2019797979798e-05 0.260187889494949 0 8.00000000000001e-08 4.29898989898991e-07 1.13236363636364e-05 0 9.59595959595961e-08 2.05252525252526e-07 1.04212121212121e-05
0 0.000771354343434345 0.000140661414141414 0.000420217777777779 0.381930217373737 0.349669739191919 0.36565927010101 0.370582991313131 9.45696969696971e-06 0.000574654141414142 0.000285185454545455 0.000309547878787879 0.000273482424242425 NA NA 0.0873081335353535 8.74357575757577e-05 0 0.00238936808080808 0.00158854868686869 0.00538758828282828 0 2.30101010101011e-07 0.000286075555555556 0.418985358181818 0 3.95959595959597e-08 1.08848484848485e-06 1.3789696969697e-05 0 0 7.41555555555557e-06 7.46909090909092e-06
0 0.000608485454545455 0.000868748686868688 0.000248240202020202 0.278745295555556 0.309070072929293 0.311170234343434 0.345623537373737 7.47838383838385e-06 0.000589098787878788 0.000643138585858586 0.000807173535353536 0.000384218787878788 NA NA 0.0877721824242424 0.000153988282828283 1.60808080808081e-07 0.00110009838383839 0.0022239797979798 0.00559923252525253 0 6.11919191919193e-07 0.000344829494949495 0.390895776363636 0 0 6.05252525252526e-07 2.29333333333334e-06 2e-08 7.31717171717173e-06 3.32626262626263e-05 6.51393939393941e-06
0 0.0010831393939394 0.000476497979797981 0.000391954141414142 0.40993414020202 0.269130590707071 0.310981830505051 0.313543172727273 8.60020202020204e-06 0.000922527474747476 0.000612213737373738 0.000555320606060607 0.000621669292929294 NA NA 0.0863605496969697 0.000128100202020202 2.97979797979799e-07 0.00258032707070707 0.00187416262626263 0.00563888323232323 6.04040404040405e-08 9.15555555555557e-07 0.000289635353535354 0.459473139393939 3.95959595959597e-08 2e-08 1.64040404040404e-07 7.86903030303032e-05 2e-08 8.00000000000001e-08 3.93333333333334e-07 5.10484848484849e-06
0 7.04054545454547e-05 0.000275071919191919 0.000110401818181818 0.189209936565657 0.263697453131313 0.0734958802020202 0.134282323030303 2.01858585858586e-06 0.000371896767676768 0.000164687070707071 0.000131025454545455 0.000106707878787879 NA NA 0.0728804090909091 7.03103030303032e-05 0 0.00019409191919192 0.000309601010101011 0.00117366767676768 2e-08 2.24303030303031e-06 0.000112122424242424 0.159181902222222 3.95959595959597e-08 8.16161616161618e-08 1.66464646464647e-07 8.38101010101012e-06 0 1.13939393939394e-07 2e-08 1.17355555555556e-05
0 0.000512388484848486 8.79620202020204e-05 0.000157244848484849 0.223704656767677 0.193219495353535 0.283438235757576 0.274039355959596 3.62909090909092e-06 0.000309272525252526 0.00031505595959596 0.000261327676767677 0.00015077393939394 NA NA 0.0823708335353535 5.9519191919192e-05 0 0.000191198383838384 0.000515745050505051 0.00160231313131313 3.95959595959597e-08 6.78949494949496e-06 6.56678787878789e-05 0.350026896565657 0 0 5.54828282828284e-06 3.17400000000001e-05 3.95959595959597e-08 1.95652525252526e-05 4.91919191919193e-07 8.16161616161618e-08
0 0.00010684101010101 8.11890909090911e-05 7.40779797979799e-05 0.287523245656566 0.169332707272727 0.15691633959596 0.136791723232323 9.13737373737375e-07 0.000144349494949495 0.000129604444444445 4.93230303030304e-05 0.000166662828282829 NA NA 0.0693284444444444 3.99472727272728e-05 0 5.05727272727274e-05 0.000610913737373738 0.00125180202020202 0 4.00808080808082e-07 2.56448484848485e-05 0.222775688484848 0 0 1.42828282828283e-07 5.29939393939395e-06 0 2.10565656565657e-06 8.70909090909093e-07 1.16121212121212e-06
0 0.000392739393939395 0.000112325858585859 0.000135251717171717 0.197478522626263 0.241075825252525 0.185519521616162 0.234302995959596 4.58909090909092e-06 0.000435726464646465 0.000387830909090909 0.000141258181818182 0.000136993131313132 NA NA 0.0797553595959596 5.00276767676769e-05 0 2.69343434343435e-05 0.000724802020202021 0.00179362282828283 6.04040404040405e-08 1.6969696969697e-07 0.000148582424242424 0.256102333939394 2e-08 2.53737373737374e-07 6.79575757575759e-06 7.56161616161618e-07 0 5.35555555555557e-07 4.28080808080809e-07 1.61272727272728e-06
0 0.000444692323232324 7.68719191919193e-05 9.94987878787881e-05 0.107704117777778 0.299809321616162 0.240791541616162 0.215185976161616 3.86808080808081e-06 0.000266230707070708 0.000191412121212122 0.000145118585858586 9.28452525252527e-05 NA NA 0.0810481418181818 4.60715151515152e-05 0 0.000562250303030304 0.000497843030303031 0.00202053191919192 0 4.3359595959596e-06 6.08246464646466e-05 0.285560970909091 3.95959595959597e-08 9.59595959595961e-08 7.26464646464648e-07 2.24729292929293e-05 0 0 2.53070707070708e-06 1.54020202020202e-06
0 0.000380458989898991 0.000163360404040404 0.000186143030303031 0.279507970707071 0.191334754343434 0.239209383232323 0.274320084646465 1.13006060606061e-05 0.00122576383838384 0.000347934343434344 0.000667189696969698 0.000168955757575758 NA NA 0.0902714412121212 0.000111419393939394 2e-08 0.000742134949494951 0.00111717878787879 0.00506739555555556 0 0.00122097757575758 0.000425430505050506 0.250928827272727 0 2e-08 1.62424242424243e-07 8.38848484848486e-06 0 9.47676767676769e-07 1.65454545454546e-07 4.72727272727274e-07
0 0.000517904646464647 0.000219788282828283 0.000163705656565657 0.199772933131313 0.242823052929293 0.236180786868687 0.145756657171717 4.32242424242425e-06 0.000426792323232324 0.000394281818181819 0.000206989898989899 9.66424242424244e-05 NA NA 0.0769681953535354 5.57775757575759e-05 4.04040404040405e-08 8.01202020202022e-05 0.000576942626262627 0.00246168060606061 0 2.90909090909091e-07 7.34434343434345e-05 0.193635880808081 5.87878787878789e-08 1.03232323232323e-07 2.989898989899e-07 4.23838383838385e-06 0 5.87878787878789e-08 4.98383838383839e-07 1.09252525252525e-06
0 8.01696969696971e-05 3.63755555555556e-05 2.37325252525253e-05 0.252325360606061 0.102515309494949 0.123991764242424 0.159435945858586 1.64363636363637e-06 0.00012126 2.94644444444445e-05 6.43604040404042e-05 2.2669090909091e-05 NA NA 0.0703184515151515 2.6909696969697e-05 2e-08 4.46050505050506e-05 8.6038383838384e-05 0.000565915959595961 3.95959595959597e-08 3.30303030303031e-07 4.90585858585859e-06 0.139857082424242 0 0 1.21212121212121e-07 5.61434343434344e-06 0 0 4.04040404040405e-08 1.11979797979798e-06
0 0.000254239191919192 0.000116485050505051 0.000132493333333334 0.154509306868687 0.131951313939394 0.203372925858586 0.0996239426262626 8.69070707070709e-06 0.000434591515151516 0.000442193737373738 0.000150684646464647 0.000197705656565657 NA NA 0.0763928721212121 6.94927272727274e-05 1.00808080808081e-07 3.14585858585859e-05 0.000540852727272728 0.00130696 0 0.000167326666666667 0.000188270707070707 0.173189134545455 0 2e-08 5.13737373737375e-07 1.34929292929293e-06 0 1.9959595959596e-07 6.04040404040405e-08 4.49919191919193e-06
0 7.7118383838384e-05 0.000156802828282829 0.000321305252525253 0.321813478787879 0.216777891919192 0.0815587391919192 0.21781582040404 9.5668686868687e-06 0.000512065252525253 0.000204183838383839 0.000177021616161616 9.47694949494951e-05 NA NA 0.0736450739393939 7.40468686868688e-05 5.58181818181819e-07 0.000384341616161617 0.00028895090909091 0.00157624363636364 0 1.24747474747475e-06 4.6279191919192e-05 0.155203038787879 0 2e-08 1.03460606060606e-05 9.32323232323234e-07 6.04040404040405e-08 2e-08 5.2929292929293e-07 1.25090909090909e-06
0 0.000858033737373739 0.000433312525252526 0.000480532323232324 0.337452094343434 0.243550638989899 0.375206998383838 0.251228512323232 1.25846464646465e-05 0.00144383373737374 0.000261850101010101 0.000391218181818183 0.000281155555555556 NA NA 0.093632616969697 8.24949494949496e-05 0 0.000651624242424244 0.000734000808080809 0.00327562505050505 0 8.25656565656567e-07 0.000305739595959597 0.396187757575758 6.04040404040405e-08 1.31515151515152e-07 1.69070707070707e-05 4.06464646464647e-06 0 5.87878787878789e-08 2.68343434343435e-05 4.9939393939394e-06
0 3.87159595959597e-05 0.000234400606060606 0.000302053535353536 0.431145030707071 0.327876164242424 0.351084703636364 0.225606287474747 1.74745454545455e-05 0.000905222020202022 0.000974831919191921 0.000339183232323233 0.000126937171717172 NA NA 0.0888669676767677 6.03903030303031e-05 1.81818181818182e-07 0.000447387272727274 0.0016360193939394 0.0037045595959596 3.01212121212122e-07 1.21212121212121e-07 7.67414141414143e-05 0.395752872727273 0 0 3.91111111111112e-07 9.54141414141416e-07 0 0 2.86060606060607e-07 2.20262626262627e-06
0 0.000120202626262626 0.00011231494949495 0.000127326868686869 0.371357161212121 0.327529964444444 0.213835923838384 0.222130354747475 3.02929292929293e-06 0.000156437575757576 0.000157067676767677 0.000245298383838384 0.000192598383838384 NA NA 0.0738040224242424 6.27440404040405e-05 1.41212121212121e-07 0.000732491111111112 0.000696043636363637 0.0030903402020202 2.98787878787879e-07 0.00235502141414142 6.67153535353536e-05 0.355890683838384 0 0 4.04040404040405e-08 9.02424242424244e-07 0 0 1.16747474747475e-06 1.72202020202021e-06
0 4.9159393939394e-05 4.49141414141415e-05 7.45064646464648e-05 0.267043582424242 0.196711292525253 0.0882119086868687 0.107894594343434 2.88303030303031e-06 5.47577777777779e-05 7.26525252525254e-05 4.53551515151516e-05 3.31907070707071e-05 NA NA 0.0684269165656566 2.33666666666667e-05 0 3.54802020202021e-05 9.19565656565658e-05 0.000376970101010102 0 1.43636363636364e-07 2.60606060606061e-06 0.0959828331313131 0 6.12121212121213e-08 2.38181818181819e-07 2.98787878787879e-07 1.00808080808081e-07 0 5.87878787878789e-08 8.24242424242426e-08
0 3.65307070707071e-05 0.000113771313131313 0.000101591515151515 0.237141992121212 0.213510246868687 0.181324232929293 0.176139127474747 3.16747474747475e-06 0.000108338585858586 9.26874747474749e-05 0.000101731111111111 0.000136310707070707 NA NA 0.0773224680808081 5.79919191919193e-05 0 2.30446464646465e-05 0.00038921696969697 0.00183922121212121 3.95959595959597e-08 0.000451684848484849 7.40646464646466e-05 0.17160881979798 6.04040404040405e-08 2e-08 3.01212121212122e-07 4.16181818181819e-06 0 0 6.04040404040405e-08 1.3400202020202e-05
0 0.00132338585858586 0.000858503636363638 0.00149374404040404 0.349924478989899 0.404236564848485 0.463843254747475 0.317082628686869 2.60107070707071e-05 0.00583308767676768 0.00148530202020202 0.0012057597979798 0.00203014565656566 NA NA 0.0981037751515152 0.000154289090909091 1.00808080808081e-07 0.00404534606060606 0.00706124060606061 0.0100807680808081 0 1.98545454545455e-06 0.000523957575757576 0.466841942626263 0 0 2.91787878787879e-05 5.52022222222223e-05 1.65454545454546e-07 2.70707070707071e-07 2.14290909090909e-05 2.49583838383839e-05
0 0.000621337373737375 0.000259887070707071 0.000327286060606061 0.301012552525252 0.246330774141414 0.317024332323232 0.276372452525252 2.89537373737374e-05 0.00020089797979798 0.000136960404040404 0.000316436767676768 0.00017695595959596 NA NA 0.0818983242424242 8.10680808080809e-05 0 0.000624063838383839 0.00103499797979798 0.0025823197979798 2e-08 3.81414141414142e-07 0.000163693131313132 0.349140132727273 0 2e-08 8.00000000000001e-08 2.24646464646465e-06 2e-08 2.04848484848485e-06 7.64242424242426e-07 9.71111111111113e-07
0 0.000310051717171718 0.000230622020202021 0.000177779191919192 0.42341801010101 0.475704599393939 0.427725870505051 0.304423451111111 1.04016161616162e-05 0.000292858585858586 0.000263699191919192 0.000354697373737374 0.000272513535353536 NA NA 0.0831417517171717 5.68656565656567e-05 0 0.000250221414141415 0.00088110383838384 0.00444056505050505 0 3.9919191919192e-07 3.52323232323233e-06 0.40541422020202 0 1.61616161616162e-07 6.12121212121213e-08 5.31717171717173e-07 0 3.95959595959597e-08 2.42424242424243e-07 1.33252525252525e-06
0 0.000130484646464647 0.000171111111111111 0.000253321414141415 0.163570742222222 0.188268215555556 0.0994479533333333 0.160807976565657 3.90848484848486e-06 0.000524445454545455 0.000295115757575758 0.000283543030303031 0.000113567070707071 NA NA 0.0727638446464646 6.41272727272728e-05 0 0.000742753131313132 0.000276519393939394 0.00179058101010101 0 2.55151515151516e-07 7.77333333333335e-06 0.112428169292929 0 0 3.83232323232324e-07 1.29307070707071e-05 0 0 6.04040404040405e-08 6.26727272727274e-06
0 0.000230646464646465 0.000162676161616162 9.22745454545456e-05 0.338299592727273 0.322454956161616 0.257498340606061 0.269295343030303 2.4579797979798e-06 0.000587069696969698 0.000233769292929293 0.000174889898989899 0.00029421898989899 NA NA 0.0883927680808081 8.41951515151517e-05 0 0.000567819797979799 0.0012656002020202 0.00133213919191919 4.04040404040405e-08 0.000174342626262627 5.74802020202021e-05 0.394817230505051 8.0808080808081e-08 0 2.3919191919192e-07 8.22424242424244e-07 0 0 3.1569696969697e-06 3.36337373737374e-05
0 0.000561416565656567 7.74648484848486e-05 0.000194904242424243 0.11080506949495 0.133842437171717 0.282501327070707 0.108399627070707 6.63656565656567e-06 0.00010627494949495 0.000191835757575758 0.000179498787878788 4.88212121212122e-05 NA NA 0.0702147185858586 3.99981818181819e-05 2e-08 9.94852525252527e-05 0.000136263232323233 0.00109884666666667 1.37979797979798e-07 1.42828282828283e-07 7.31294949494951e-05 0.16012980989899 3.95959595959597e-08 0 1.21212121212121e-07 6.56161616161617e-07 0 2.06060606060606e-07 3.05252525252526e-07 9.46262626262628e-07
0 0.000240412727272728 0.000106997777777778 7.40492929292931e-05 0.158875437777778 0.237524714949495 0.0991756260606061 0.176205194545455 1.85373737373738e-06 8.65137373737375e-05 0.000295329292929293 7.57800000000001e-05 0.000110147878787879 NA NA 0.0755425163636364 2.45866666666667e-05 0 5.52216161616163e-05 0.000188335353535354 0.000776484040404041 3.95959595959597e-08 2.39656565656566e-06 5.86155555555557e-05 0.130630573535354 0 0 2.06868686868687e-07 1.07474747474748e-06 0 7.53737373737375e-07 1.67353535353536e-06 2.30464646464647e-06
0 0.0012656 0.00121716747474748 0.0012296797979798 0.279231334343434 0.244298726868687 0.209558623030303 0.239579404848485 6.45565656565658e-05 0.00200442585858586 0.00180094767676768 0.00115163616161616 0.00122446646464646 NA NA 0.0834771583838384 8.90107070707072e-05 0 0.00247455494949495 0.0032880995959596 0.00841702888888889 0 0.000411042424242425 9.02711111111113e-05 0.221912485454545 6.04040404040405e-08 2.78585858585859e-07 7.52121212121214e-07 9.29575757575759e-06 0 4.07272727272728e-07 4.70909090909092e-07 6.61333333333335e-06
0 0.000186807878787879 0.000140481818181818 5.83640404040405e-05 0.210808930505051 0.182413325656566 0.210324283838384 0.208139167070707 7.19454545454547e-06 7.68909090909092e-05 0.000308995555555556 0.000116563636363637 7.5558181818182e-05 NA NA 0.078895636969697 2.95618181818182e-05 3.95959595959597e-08 8.13212121212123e-05 0.00030571191919192 0.000727364040404041 0 7.83838383838385e-07 0.000157699595959596 0.192289262222222 0 0 1.03232323232323e-07 2.3709090909091e-06 0 8.12727272727274e-07 4.04040404040405e-08 2.15232323232324e-06
0 0.000371154545454546 0.000365853333333334 0.000281869090909091 0.184184518989899 0.112947829292929 0.157064431111111 0.158988202424242 5.94323232323233e-06 0.000354392323232323 0.000279962626262626 0.000359611717171717 0.000169305656565657 NA NA 0.0826691951515152 6.57212121212122e-05 0 0.000644241616161617 0.000450423838383839 0.00231670848484849 0 2.08141414141414e-06 0.000269730505050505 0.160892424848485 1.59191919191919e-07 1.17979797979798e-07 1.13454545454546e-06 2.42858585858586e-05 2e-08 0 6.04040404040405e-08 3.7509090909091e-06
0 0.000212827474747475 0.000162451515151515 0.000135745454545455 0.307888716767677 0.10163425030303 0.133905604242424 0.339417662424242 1.4449898989899e-05 0.000238467676767677 0.000279508080808081 0.000173110707070707 0.000273377171717172 NA NA 0.0845267757575758 6.20482828282829e-05 3.95959595959597e-08 0.000206131515151516 0.000570334343434344 0.00132059858585859 0 0.000156821616161616 0.000100690101010101 0.318232937373737 2e-08 0 3.82222222222223e-07 3.46666666666667e-07 7.75757575757577e-08 2e-08 4.65797979797981e-06 7.96969696969698e-07
0 0.000370985858585859 0.000149749090909091 0.000758799595959597 0.317203805050505 0.43134733010101 0.342053718181818 0.337219081212121 1.01519191919192e-05 0.00127371696969697 0.000463238383838384 0.000351650505050505 0.00101779878787879 NA NA 0.0864523426262626 0.000120932727272727 0 0.000625817373737375 0.00190359272727273 0.00544846262626263 0 0.00458351838383838 0.00153518363636364 0.471967892121212 0 3.11717171717172e-07 1.29454545454546e-06 6.10957575757577e-05 0 2e-08 3.95151515151516e-07 2.66080808080809e-06
0 0.00109899454545455 0.00115095353535354 0.000957130101010101 0.257347607272727 0.293510689090909 0.216638862626263 0.171172451515152 6.91876767676769e-05 0.00180226242424243 0.00154337757575758 0.00154125111111111 0.00102539878787879 NA NA 0.0898335446464646 0.000379848888888889 9.91919191919194e-08 0.00229865111111111 0.00340829777777778 0.00788152505050505 5.87878787878789e-08 2.15575757575758e-06 0.000634772525252526 0.312983875555556 0 2e-08 7.0248484848485e-06 0.00022420202020202 4.04040404040405e-08 4.04040404040405e-08 2.04020202020202e-06 2.94547474747475e-05
0 0.000288748080808081 0.000274364242424243 0.000344819595959596 0.316625387676768 0.331916961616162 0.326047809090909 0.288596073535354 7.60080808080809e-06 0.000575687070707071 0.00052297393939394 0.000778752727272728 0.000301168888888889 NA NA 0.0862990185858586 9.14416161616163e-05 2e-08 0.00123518040404041 0.00187320161616162 0.00377590606060606 2e-08 2.52929292929293e-07 0.000120163030303031 0.349527083030303 0 1.21212121212121e-07 5.20202020202021e-07 9.91010101010103e-06 2e-08 6.04040404040405e-08 2.96565656565657e-07 4.28080808080809e-07
0 4.2699595959596e-05 0.000315439797979799 3.6889292929293e-05 0.268316617777778 0.26759643979798 0.18496382020202 0.182186785454545 4.11878787878789e-06 7.06947474747476e-05 0.000114940202020202 0.000116498787878788 6.09660606060607e-05 NA NA 0.0746370460606061 5.11460606060607e-05 0 3.76901010101011e-05 0.000559237171717173 0.000800855151515153 0 8.16161616161618e-08 8.76828282828284e-06 0.17399899030303 0 6.04040404040405e-08 3.38787878787879e-07 9.36363636363638e-07 0 0.000721585252525254 5.67878787878789e-07 1.4919595959596e-05
0 0.000190331111111111 0.000218516767676768 8.60066666666668e-05 0.254526503434343 0.213387447272727 0.218692465252525 0.195002768686869 3.43919191919193e-06 0.00028379898989899 0.000615665454545456 0.000418937575757577 0.000132814545454546 NA NA 0.0849700541414141 5.8178787878788e-05 0 0.000321023838383839 0.000878429292929294 0.00228782121212121 2.05858585858586e-07 6.86666666666668e-07 0.000174514545454546 0.288290529292929 0 0 1.68888888888889e-07 4.53656565656566e-06 0 0 2e-08 4.94262626262627e-06
0 0.000119680606060606 0.000136066666666667 4.87662626262627e-05 0.172109739393939 0.16552845979798 0.129489410707071 0.134181894545455 4.25272727272728e-06 0.000119361818181818 0.000226861616161617 0.000159130101010101 4.35068686868688e-05 NA NA 0.0733975208080808 2.198e-05 2e-08 0.000230538181818182 6.77844444444446e-05 0.000945215353535355 7.75757575757577e-08 5.58626262626264e-06 0.000110326464646465 0.204288321616162 0 0 4.04848484848486e-07 3.02282828282829e-06 0 0 8.0808080808081e-08 1.2169696969697e-06
0 0.000209865050505051 0.00012184202020202 8.25008080808082e-05 0.174093354343434 0.250667045252525 0.281073801010101 0.276403656767677 4.04444444444445e-06 0.000190593131313132 0.000118027878787879 0.000125727878787879 4.25943434343435e-05 NA NA 0.081947024040404 5.47460606060607e-05 0 0.000257210505050505 0.000714720808080809 0.00174127373737374 0 2.06060606060606e-07 7.57333333333335e-06 0.260404964040404 3.95959595959597e-08 0 1.42828282828283e-07 7.03030303030304e-07 0 0 5.87878787878789e-08 3.35818181818182e-06
0 0.000140103434343435 0.000215133535353536 0.000328540808080809 0.227022955151515 0.187070403232323 0.162887143232323 0.182293007070707 3.45212121212122e-06 0.000386572121212122 0.000191927676767677 0.000114167272727273 9.70616161616163e-05 NA NA 0.0874699024242424 4.93797979797981e-05 2e-08 0.000584517979797981 0.00081708888888889 0.00175329131313131 0 8.0808080808081e-08 0.000226686464646465 0.224574516161616 0 0 1.25313131313132e-06 7.0848484848485e-07 0 2e-08 9.69494949494951e-07 3.64242424242425e-07
0 2.40135353535354e-05 3.56884848484849e-05 7.33195959595961e-05 0.193463706060606 0.223966797979798 0.264702136565657 0.228766213737374 1.34941414141414e-05 0.000104767474747475 0.00011842 8.42351515151517e-05 3.81238383838385e-05 NA NA 0.0751321416161616 5.02802020202021e-05 0 0.000174142222222223 0.000110782828282828 0.000720182222222223 0 2.38181818181819e-07 2.44541414141415e-05 0.182540445858586 1.21212121212121e-07 1.01616161616162e-07 6.12121212121213e-08 9.04040404040406e-07 2e-08 0 1.38727272727273e-06 1.63232323232324e-07
0 0.000234231111111112 0.000202900606060606 0.000342464444444445 0.194268798383838 0.207379989292929 0.217016227878788 0.306186977171717 3.48828282828283e-06 0.000163823030303031 0.000284350707070708 0.000144843434343435 7.66426262626264e-05 NA NA 0.0840508735353535 5.92894949494951e-05 0 0.000709870505050506 0.00109199878787879 0.00172265535353536 2e-08 1.73151515151515e-06 5.48080808080809e-05 0.338347835353535 0 2e-08 2.5939393939394e-07 3.42545454545455e-06 4.04040404040405e-08 7.75757575757577e-08 2.51313131313132e-07 2.06060606060606e-07
0 0.00144137171717172 0.000634050101010102 0.000349826262626263 0.347668571919192 0.274944132929293 0.260140878989899 0.318291246666667 9.57313131313133e-06 0.000911101010101011 0.000668102020202021 0.000594927878787879 0.000513343232323233 NA NA 0.0913938804040404 0.000195349292929293 1.96363636363637e-07 0.00166292585858586 0.00396419333333334 0.00727296565656566 0 1.26060606060606e-06 0.000160927070707071 0.357364534747475 0 8.00000000000001e-08 1.73737373737374e-06 1.03989898989899e-05 0 0 6.04040404040405e-08 1.214e-05
0 0.000161129696969697 6.47418181818183e-05 0.00016475393939394 0.264505797575758 0.125782197171717 0.223641407272727 0.265819052121212 4.56969696969698e-06 0.000210514747474748 0.000219361818181819 9.69721212121214e-05 8.12397979797981e-05 NA NA 0.0775348171717172 4.84715151515152e-05 0 0.000756243030303032 0.00106738242424243 0.00176424040404041 0 1.46868686868687e-07 2.25163636363637e-05 0.26889037030303 6.04040404040405e-08 2e-08 5.61616161616163e-07 8.30707070707072e-07 0 0 0 1.02480808080808e-05
0 0.000398251111111112 0.000222801414141414 0.000351067474747475 0.13180198 0.26303283010101 0.203015236767677 0.209365865656566 1.49216161616162e-05 0.000627612727272728 0.000560943636363637 0.00032775797979798 0.000270248888888889 NA NA 0.0729100539393939 5.9559393939394e-05 6.04040404040405e-08 0.000694206060606062 0.000734145858585859 0.00322786363636364 2e-08 4.12929292929294e-07 6.24323232323233e-06 0.170534594949495 2.9929292929293e-06 0 5.78424242424243e-06 2.76282828282829e-06 0 8.04040404040405e-08 1.92929292929293e-07 1.99090909090909e-06
0 0.000141678383838384 0.000122686262626263 0.000124448484848485 0.118313503030303 0.17704504949495 0.31978964020202 0.215911159393939 9.36646464646466e-06 0.000423667676767678 0.000130660808080808 0.000242959191919192 0.000155089090909091 NA NA 0.0745264034343434 4.06232323232324e-05 6.12121212121213e-08 0.000142600606060606 0.000414149292929294 0.000996174141414143 3.95959595959597e-08 8.16161616161618e-08 6.36909090909092e-06 0.218767607474747 0 1.03232323232323e-07 4.57171717171718e-07 3.44808080808081e-06 0 7.75757575757577e-08 8.24242424242426e-08 5.31878787878789e-06
0 9.86618181818184e-05 0.000199226060606061 0.000133460808080808 0.190562901616162 0.25039959959596 0.160778383838384 0.102243166464646 3.49656565656566e-06 0.000401435151515152 0.00011000101010101 0.000402432727272728 0.000348602020202021 NA NA 0.0709614254545455 5.43527272727274e-05 0 0.000354978585858587 0.000736270707070708 0.00156340343434344 0 5.01818181818183e-07 9.02460606060608e-05 0.15164777959596 0 0 2.95757575757576e-07 1.40531313131313e-05 3.95959595959597e-08 9.71111111111113e-07 3.71717171717172e-07 3.21111111111112e-06
0 0.000158439393939394 5.14153535353536e-05 7.98901010101012e-05 0.18683857010101 0.209509074949495 0.235206276161616 0.167364492121212 2.06686868686869e-06 0.000319324242424243 9.48264646464648e-05 6.1738383838384e-05 0.000138860404040404 NA NA 0.0775393048484849 4.21735353535354e-05 4.04040404040405e-08 0.000378286868686869 0.000195064444444445 0.00113052565656566 0 2e-08 3.0929292929293e-06 0.185839255353535 1.66626262626263e-06 3.95959595959597e-08 0 9.28929292929295e-06 3.95959595959597e-08 0 2.71434343434344e-06 7.14949494949496e-07
2e-08 0.000193218585858586 8.20824242424244e-05 0.000171492323232324 0.241373509292929 0.245688351111111 0.170699423030303 0.178126365858586 4.88242424242425e-06 0.000219487878787879 9.68965656565658e-05 6.37735353535355e-05 9.88193939393941e-05 NA NA 0.0754193943434344 4.28634343434344e-05 2e-08 0.000515844646464647 0.000380530505050506 0.00077030888888889 0 1.21212121212121e-07 9.17397979797981e-05 0.225898292525253 0 2e-08 9.06868686868688e-07 5.91575757575759e-06 3.95959595959597e-08 7.04646464646466e-07 1.25252525252525e-07 2.57353535353536e-06
0 0.000318504242424243 0.000216571111111112 0.000353101616161616 0.322491543030303 0.303982743636364 0.228351929292929 0.278565468080808 1.47743434343435e-05 0.000380299595959597 0.000331205656565657 0.000112996767676768 0.000104275555555556 NA NA 0.0815870371717172 7.72729292929294e-05 0 0.00158742202020202 0.00139959373737374 0.00254807676767677 0 4.04040404040405e-08 0.00015307595959596 0.38002766969697 0 0 6.54747474747476e-06 5.27838383838385e-06 0 2.32484848484849e-06 2.97979797979799e-07 1.01921212121212e-05
0 0.00138414303030303 0.000936156969696971 0.00115745212121212 0.319514937373737 0.510407571515151 0.314256762222222 0.276076151515152 6.04282828282829e-06 0.00127674222222222 0.00108515131313131 0.000584406262626263 0.000283726262626263 NA NA 0.0886967157575758 0.000133408484848485 2e-08 0.00174076686868687 0.00272669151515152 0.00626813535353535 0 5.28484848484849e-07 0.00114791414141414 0.381341356767677 0 8.16161616161618e-08 2.27818181818182e-05 1.40070707070707e-05 0 0 5.28282828282829e-07 5.38181818181819e-07
0 0.000725571515151516 0.000723696363636364 0.000569349494949495 0.265099054545455 0.299263883636364 0.24244509010101 0.190279333333333 8.36969696969699e-06 0.00111176646464647 0.000888933535353536 0.00058552101010101 0.000366633131313132 NA NA 0.0856012129292929 6.68056565656567e-05 1.31515151515152e-07 0.000823251515151516 0.00164539838383839 0.00504434181818182 8.0808080808081e-08 1.08424242424243e-06 1.56210101010101e-05 0.295839268686869 2e-08 3.3939393939394e-07 8.52323232323234e-07 3.13286868686869e-05 0 1.00808080808081e-07 2.00404040404041e-07 8.27878787878789e-06
0 0.000305541818181819 8.09806060606062e-05 7.13254545454547e-05 0.334062341616162 0.377510084040404 0.167474907474747 0.170826238181818 2.55252525252526e-06 0.00021385191919192 0.000153895353535354 0.000213802222222223 0.000127074545454546 NA NA 0.0842870680808081 7.02806060606062e-05 0 0.00066420585858586 0.000319050505050506 0.00203722545454546 2e-08 4.04040404040405e-08 9.52131313131315e-05 0.270338260808081 5.87878787878789e-08 1.33147474747475e-05 6.04040404040405e-08 6.67070707070708e-06 0 2e-08 2e-08 8.60848484848486e-06
0 0.000966102424242425 0.000717537575757576 0.000855836161616162 0.208366011919192 0.241067756767677 0.197321168686869 0.199807634141414 1.96145454545455e-05 0.0014525195959596 0.00121467090909091 0.00109675838383838 0.000688063232323233 NA NA 0.0845788856565657 0.000121078383838384 2e-08 0.000720409494949495 0.00304875494949495 0.00872576525252525 0 1.8779797979798e-06 0.000288020404040405 0.302076059191919 3.36767676767677e-07 4.16161616161617e-07 2.13070707070707e-06 1.97438383838384e-05 9.59595959595961e-08 2.45656565656566e-07 6.12121212121213e-08 1.17656565656566e-06
0 0.00018951595959596 6.34769696969698e-05 4.45527272727274e-05 0.259726204242424 0.340827941616162 0.245000094545455 0.168636665858586 1.08747474747475e-06 0.000107582222222222 0.000151659797979798 9.33094949494951e-05 4.73860606060607e-05 NA NA 0.081212738989899 5.62282828282829e-05 0 2.68315151515152e-05 0.000365794545454546 0.00150183696969697 2e-08 4.30397979797981e-05 4.16161616161617e-06 0.222677971313131 0 0 9.29090909090911e-07 4.20909090909092e-06 0 5.73737373737375e-07 1.17979797979798e-07 1.29791919191919e-05
2e-08 0.000654000808080809 0.000297617373737374 0.000141351717171717 0.265218109090909 0.246599171717172 0.260876691111111 0.326163736969697 2.16258585858586e-05 0.000666748080808082 0.00017577696969697 0.000128271313131313 9.59266666666668e-05 NA NA 0.0772713632323232 4.74727272727274e-05 0 0.000296810303030304 0.000513940404040405 0.00290346363636364 2e-08 6.32727272727274e-07 1.36575757575758e-05 0.288821772525253 1.00808080808081e-07 0 1.00808080808081e-07 6.59555555555557e-06 0 6.04040404040405e-08 1.8969696969697e-07 4.89696969696971e-07
0 0.000150457171717172 9.40949494949497e-05 5.06240404040405e-05 0.23628804040404 0.122797913535354 0.207726631111111 0.112836884848485 2.7149494949495e-06 0.000220239595959596 0.000102015555555556 5.88228282828284e-05 9.04115151515153e-05 NA NA 0.0934457036363636 4.44430303030304e-05 1.20646464646465e-06 0.00013665696969697 0.000379774545454546 0.000633871515151516 1.00808080808081e-07 1.2589898989899e-06 1.96521212121212e-05 0.180535618181818 0 1.01616161616162e-07 1.24444444444445e-07 1.32282828282829e-06 0 5.87878787878789e-08 2e-08 8.76767676767678e-07
0 7.48759595959597e-05 6.10842424242425e-05 6.89151515151516e-05 0.0611484575757576 0.12136626969697 0.169486929494949 0.100045351313131 9.48909090909093e-06 0.000102384040404041 5.80024242424243e-05 9.55705050505052e-05 9.6687878787879e-05 NA NA 0.069593195959596 3.56173737373738e-05 6.04040404040405e-08 9.40531313131315e-05 0.000165613535353536 0.000633950505050506 2e-08 4.75959595959597e-07 4.77325252525253e-05 0.0616884408080808 0 2e-08 1.35252525252525e-06 8.00000000000001e-08 2e-08 0 4.04040404040405e-08 5.36565656565658e-07
0 0.000208752323232324 0.000290668484848485 0.000505870303030303 0.294818834545455 0.248136561818182 0.201487859191919 0.20587475030303 2.27432323232324e-05 0.000243447070707071 0.000279403434343435 0.000322810909090909 0.000612681414141415 NA NA 0.0861613709090909 0.000101927878787879 1.3959595959596e-07 0.000466460404040405 0.0013443098989899 0.00359300202020202 0 0.000787463434343436 0.000279342626262627 0.226930901414141 2e-08 2e-08 1.14484848484849e-06 1.70632323232324e-05 2e-08 2e-08 5.58383838383839e-07 4.04848484848486e-07
0 0.00023079191919192 0.000198349696969697 0.000383882626262627 0.298896961818182 0.290029453535354 0.30828503959596 0.234787072323232 1.09446464646465e-05 0.000878008080808082 0.000376400808080809 0.000174796161616162 0.000221058383838384 NA NA 0.083391755959596 0.000108321212121212 0 0.00112623595959596 0.00165561373737374 0.00238457656565657 2e-08 6.3919191919192e-07 1.19515151515152e-05 0.344268239191919 2e-08 0 1.10303030303031e-06 3.52842424242425e-05 0 0 8.00000000000001e-08 1.86464646464647e-07
0 0.000408900404040405 0.000332956565656566 0.000434478787878789 0.388191435959596 0.407078617575758 0.358800882424242 0.260634657373737 7.55559595959597e-05 0.000495453333333334 0.000611700808080809 0.000212879595959596 0.000170104444444445 NA NA 0.0911003478787879 5.60929292929294e-05 0 0.000620092121212122 0.00087604484848485 0.00446299555555556 0 2.33616161616162e-06 0.000379903434343435 0.432177092323232 0 0 9.86666666666669e-07 1.06343434343435e-06 0 0 1.03232323232323e-07 9.17777777777779e-07
0 0.00011923797979798 0.000550193333333334 0.000272958383838384 0.27180508969697 0.375847828484848 0.256933462424242 0.250765961818182 4.5519191919192e-06 0.000473348080808082 0.000391114747474748 0.000505472727272728 0.000106223232323233 NA NA 0.0691383511111111 7.36006060606062e-05 0 0.00123697050505051 0.000935115151515153 0.0045033 2.55959595959596e-07 0.00536888404040404 0.000110488080808081 0.374536536565657 2e-08 0 6.22020202020203e-07 2.57676767676768e-06 2e-08 0 1.58383838383839e-07 2.15757575757576e-07
0 6.59901010101011e-05 0.000259630303030303 8.88921212121214e-05 0.266530622020202 0.278605902020202 0.311392364848485 0.271943976767677 2.02343434343435e-06 0.000313618585858586 0.000249923434343435 6.99757575757577e-05 0.000160913737373738 NA NA 0.077880296969697 2.9949090909091e-05 0 7.31408080808082e-05 0.000539095151515152 0.00129744929292929 0 0.000830789292929294 0.000118947070707071 0.231446281010101 0 0 7.64242424242426e-07 3.62181818181819e-06 2e-08 2e-08 1.40323232323233e-06 2.27616161616162e-06
0 0.000325520606060607 0.000488052121212122 0.000230735555555556 0.223011897373737 0.226254162020202 0.169920948080808 0.177255343030303 7.21757575757577e-06 0.000464007070707071 0.000410992323232324 0.000244824646464647 0.000118729090909091 NA NA 0.0818241313131313 7.68898989898991e-05 0 0.000270149494949495 0.000758202828282829 0.00290173313131313 2e-08 1.41173737373738e-05 8.69777777777779e-06 0.175872019191919 0 8.00000000000001e-08 2.51151515151516e-06 5.20747474747476e-05 0 0 2.63030303030304e-06 5.24424242424243e-06
2e-08 0.000293979595959596 5.6368686868687e-05 7.98842424242426e-05 0.15606180989899 0.249882484646465 0.237166767676768 0.0749507248484848 2.2359595959596e-06 0.000244061818181819 8.09173737373739e-05 9.45389898989901e-05 9.34436363636365e-05 NA NA 0.0796450244444444 1.09640404040404e-05 0 3.57567676767677e-05 0.000317660404040405 0.000811476161616162 0 9.1848686868687e-05 5.44626262626264e-06 0.133321615151515 0 0 1.11434343434344e-06 6.75393939393941e-06 2e-08 0 1.34929292929293e-06 1.46868686868687e-07
0 0.00160855757575758 0.000679885656565657 0.00052279191919192 0.246377483636364 0.370079014343434 0.276075617979798 0.294788559191919 1.59036363636364e-05 0.00148265030303031 0.000585082222222223 0.000963995757575759 0.000136771313131313 NA NA 0.0810766115151515 0.000150192323232323 0 0.00093346282828283 0.00233468787878788 0.00349733858585859 0 6.90101010101011e-07 0.000258012929292929 0.393056378787879 2e-08 8.16161616161618e-08 2.32484848484849e-06 2.1079191919192e-05 1.13939393939394e-07 1.21212121212121e-07 2e-08 6.96565656565658e-07
3.95959595959597e-08 0.000552761010101011 0.000812340808080809 0.000424383030303031 0.350885361818182 0.394450166666667 0.484010526262626 0.279421679393939 0.000320200606060607 0.00281917151515152 0.00109599494949495 0.000492380202020203 0.000816806464646465 NA NA 0.0866238070707071 0.000138071313131313 0 0.00128656 0.00264365616161616 0.01027024 2e-08 0.00149770888888889 0.000399171313131314 0.407191868080808 2e-08 1.00808080808081e-07 8.78989898989901e-07 9.02747474747476e-06 2e-08 0 8.16161616161618e-08 1.57555555555556e-06
0 0.000844726262626264 0.000739580202020203 0.00028483595959596 0.293701988080808 0.28997573959596 0.496531997373737 0.342097804848485 3.83404040404041e-05 0.00153400161616162 0.00148554121212121 0.000501762828282829 0.000369609292929294 NA NA 0.0903696715151515 2.09250505050505e-05 0 0.00298628848484849 0.00309910121212122 0.0113485701010101 0 0.00182500343434344 0.000425592323232324 0.515716675555556 0 1.00808080808081e-07 7.789898989899e-07 7.69515151515153e-06 0 0 4.42626262626263e-07 7.71191919191921e-06
0 0.00125227636363636 0.000913975353535355 0.000794667474747475 0.432202292323232 0.288621768686869 0.279278068484848 0.264555294545455 2.60620202020202e-05 0.00154186141414142 0.00142348585858586 0.00101326808080808 0.000847733131313132 NA NA 0.0957174438383838 0.000130400606060606 0 0.00427203373737374 0.00437964767676768 0.0127298812121212 3.95959595959597e-08 9.40606060606062e-07 0.000265182424242425 0.395595682626263 0 3.95959595959597e-08 4.04040404040405e-08 1.70155555555556e-05 1.20404040404041e-07 2e-08 1.22060606060606e-05 2.17628282828283e-05
0 5.62941414141415e-05 5.88654545454547e-05 9.86658585858588e-05 0.121933804848485 0.148274024848485 0.145099684444444 0.0951749703030303 2.87474747474748e-06 0.000241075555555556 0.000119009494949495 6.71365656565658e-05 5.18535353535354e-05 NA NA 0.0671242046464647 4.22109090909092e-05 0 6.39335353535355e-05 0.000275737373737374 0.000529162424242425 0 2e-08 2.61555555555556e-06 0.0749377494949495 5.87878787878789e-08 0 8.16161616161618e-08 1.24040404040404e-06 2e-08 0 4.86464646464647e-07 5.55757575757577e-07
0 0.000139540808080808 0.000281861010101011 5.00935353535354e-05 0.11582500969697 0.286657490707071 0.166772997575758 0.168682978383838 2.78444444444445e-06 0.000215475353535354 6.64648484848486e-05 0.000102476565656566 5.14826262626264e-05 NA NA 0.0751823436363636 2.99220202020203e-05 4.04040404040405e-08 0.000221106262626263 0.000343793131313132 0.000766160202020203 0 6.95353535353537e-07 6.12228282828284e-05 0.184474441818182 0 4.04040404040405e-08 1.77212121212122e-06 2.71757575757576e-06 0 0 3.95959595959597e-08 6.65656565656567e-07
0 0.000455364848484849 0.000161898787878788 0.000217703838383839 0.259802807474747 0.358499141010101 0.274597821010101 0.269424995959596 2.14747474747475e-05 0.000671740404040405 0.00041971090909091 0.000471110505050506 0.000317396363636364 NA NA 0.0885364701010101 8.5538787878788e-05 0 0.000562106464646466 0.000698044444444445 0.00427875535353536 0 4.63636363636365e-07 0.000262135151515152 0.371631742828283 0 2e-08 1.62424242424243e-07 6.28381818181819e-05 0 0 7.1078787878788e-06 1.95707070707071e-05
0 2.79862626262627e-05 6.68573737373739e-05 3.95860606060607e-05 0.0935366018181818 0.139057722828283 0.132356636363636 0.117243082828283 8.44444444444446e-07 0.000106171515151515 6.77600000000001e-05 0.000155740808080808 2.68078787878788e-05 NA NA 0.0746721715151515 2.91725252525253e-05 0 2.67579797979798e-05 0.000141357777777778 0.000519546464646465 2e-08 1.83737373737374e-06 3.19010101010102e-06 0.0542567092929293 0 0 1.34686868686869e-06 3.70909090909092e-07 0 3.95959595959597e-08 6.43838383838385e-07 3.36565656565657e-06
0 5.97468686868688e-05 0.000139538181818182 4.41606060606061e-05 0.223462992525253 0.142489597575758 0.148687973737374 0.122019350505051 1.28868686868687e-06 0.000137865050505051 0.000106355757575758 5.0228888888889e-05 4.55672727272728e-05 NA NA 0.0770179460606061 4.26945454545455e-05 0 0.000103415757575758 0.000110951111111111 0.000744579393939395 0 2.22020202020202e-07 5.65571717171718e-05 0.122545841616162 2e-08 0 1.68080808080808e-07 1.07292929292929e-06 0 0 4.54949494949496e-07 8.60424242424244e-06
0 9.21705050505052e-05 0.00017117595959596 6.76519191919193e-05 0.295377584646465 0.176686288686869 0.268348015353535 0.0906746501010101 2.70626262626263e-06 0.000303101818181819 0.000151170909090909 0.000166327474747475 8.3148080808081e-05 NA NA 0.0747324551515152 6.20654545454547e-05 0 0.000121584444444445 0.00024471797979798 0.00108419616161616 0 1.26060606060606e-07 6.87036363636365e-05 0.213400433333333 0 4.04040404040405e-08 1.00549494949495e-05 6.25252525252526e-07 0 6.38181818181819e-07 6.34949494949496e-07 1.11818181818182e-06
0 0.000206399191919192 5.8668888888889e-05 0.000132588282828283 0.151354346868687 0.194148889292929 0.197284511717172 0.214165430505051 1.11737373737374e-06 0.000184425656565657 0.000154188484848485 6.62002020202021e-05 0.000102591111111111 NA NA 0.0755239408080808 4.56474747474748e-05 0 0.000200289090909091 0.0005845298989899 0.000671224646464648 2e-08 1.71919191919192e-07 2.99339393939394e-05 0.178125907474747 0 2.31717171717172e-07 2.24444444444445e-07 5.54646464646466e-06 0 0 3.95959595959597e-08 2.30545454545455e-06
0 0.00019177595959596 0.00024239191919192 0.000221442424242425 0.195594593939394 0.269144632727273 0.281963607878788 0.218018947878788 4.56242424242425e-06 0.000875393131313133 0.000284977373737374 0.000247803030303031 0.000108817575757576 NA NA 0.0770389456565657 7.76379797979799e-05 0 0.000394117777777778 0.00107149373737374 0.00211232161616162 1.97777777777778e-07 0.000494297373737375 0.000238808484848485 0.208052684242424 0 2e-08 5.92929292929294e-07 7.83961616161618e-05 0 0 8.16161616161618e-08 2.60402020202021e-05
0 0.000581061616161617 0.000114683838383839 0.000156127070707071 0.318190606868687 0.33562371030303 0.313267801616162 0.227910365454545 2.12767676767677e-06 0.000456470707070708 8.78961616161618e-05 0.000134528282828283 9.51822222222224e-05 NA NA 0.0749750674747475 4.37761616161617e-05 0 0.000317952323232324 0.000966892727272729 0.00132963212121212 0 8.5468888888889e-05 2.19822222222223e-05 0.268787844646465 2e-08 0 1.04404040404041e-06 2.69858585858586e-06 0 2.1010101010101e-07 3.67474747474748e-07 3.93535353535354e-07
0 0.000123705858585859 7.11698989898991e-05 0.000167211717171717 0.316012685454545 0.223057742020202 0.150000545454545 0.188337196363636 7.95959595959597e-07 8.9288080808081e-05 0.000193903232323233 0.000126080404040404 0.000224945454545455 NA NA 0.0773142808080808 4.93866666666668e-05 0 0.000166043232323233 0.000469378383838385 0.00143733272727273 2e-08 8.00000000000001e-08 6.42828282828284e-05 0.22688318040404 0 2e-08 2.37575757575758e-07 1.1569696969697e-06 2e-08 8.16161616161618e-08 4.57979797979799e-07 6.12121212121213e-08
0 0.000174361212121212 0.000124118585858586 0.000131131313131313 0.185673945050505 0.133173730909091 0.259217719393939 0.198232537171717 1.59232323232324e-06 0.000377280808080809 0.000118290707070707 0.000106926262626263 4.51141414141415e-05 NA NA 0.0787654806060606 6.07547474747476e-05 0 0.000363831111111112 0.000463287676767678 0.00218272808080808 0 3.3939393939394e-07 8.36466666666668e-05 0.21664781010101 0 0 1.01818181818182e-06 5.90707070707072e-06 0 0 8.16161616161618e-08 5.86666666666668e-07
0 0.000101913333333334 0.000157066666666667 6.23917171717173e-05 0.34816431010101 0.353582057373737 0.347833058787879 0.214341759393939 1.00886868686869e-05 0.000326326464646465 0.00013867292929293 8.82864646464648e-05 6.82719191919193e-05 NA NA 0.0795506917171717 5.61739393939395e-05 0 0.000207129696969697 0.000460042020202021 0.0021259296969697 0 1.05454545454546e-06 5.75250505050506e-05 0.31283015030303 0 0 4.04040404040405e-08 3.2949494949495e-07 5.87878787878789e-08 3.95959595959597e-08 1.17979797979798e-07 3.82141414141415e-06
0 8.893797979798e-05 0.000124236565656566 7.52004040404042e-05 0.192153445656566 0.143893031111111 0.156522256969697 0.110141394141414 1.50767676767677e-06 9.27808080808082e-05 0.00015489898989899 0.000107366060606061 6.49430303030304e-05 NA NA 0.0687677618181818 4.57668686868688e-05 0 0.000359112525252526 0.000410808686868687 0.00199174161616162 0 1.01333333333334e-06 1.19187878787879e-05 0.113893890707071 0 0 8.33131313131315e-07 4.23434343434344e-06 0 0 4.04040404040405e-08 3.68707070707071e-06
0 0.000781244242424243 0.000431154747474748 0.000325789494949495 0.263306057575758 0.155523002626263 0.165139322828283 0.177252361010101 3.53987878787879e-05 0.000689773333333334 0.000847421616161617 0.000353673333333334 0.000233049090909091 NA NA 0.0768349923232323 9.49951515151517e-05 1.62424242424243e-07 0.000590016767676768 0.00106438606060606 0.00408736565656566 0 1.66363636363637e-06 2.6629494949495e-05 0.23114780040404 0 1.96363636363637e-07 3.34222222222223e-06 7.56905050505052e-05 0 3.91111111111112e-07 6.00000000000001e-07 1.50040404040404e-06
0 3.88800000000001e-05 0.000135361818181818 3.2149494949495e-05 0.20449650989899 0.118849377373737 0.228621999191919 0.130863753737374 1.46424242424243e-06 0.000285365050505051 0.000114989898989899 0.000227122626262627 7.3568888888889e-05 NA NA 0.0743307816161616 4.40983838383839e-05 0 6.623898989899e-05 0.00014596202020202 0.000898760202020203 0 4.85818181818183e-06 2.76606060606061e-05 0.169263530707071 0 2e-08 7.92525252525254e-07 4.47818181818183e-06 2e-08 0 2e-08 2.00949494949495e-06
0 0.000264722222222223 0.00023975494949495 0.000230422424242425 0.188464067272727 0.139602550707071 0.318778441818182 0.145913277575758 0.000212683434343435 0.000253526464646465 0.000196132323232324 0.000160948686868687 0.000228800808080808 NA NA 0.085293961010101 7.49397979797981e-05 0 0.000357767878787879 0.000353760606060606 0.00169244303030303 0 3.11717171717172e-07 7.59052525252527e-05 0.225734989494949 3.95959595959597e-08 2.08484848484849e-07 8.21616161616163e-07 1.29921212121212e-05 0 2e-08 0 2.56161616161617e-07
0 0.000293224040404041 0.000125294747474748 0.000306800000000001 0.268564456363636 0.307827695353535 0.314979086464646 0.280254994343434 1.00684848484849e-05 0.000384967676767677 0.000267585454545455 0.000522562828282829 7.40844444444446e-05 NA NA 0.0758959024242424 7.23640404040405e-05 0 0.0010775797979798 0.000570076565656567 0.00203239434343435 0 0.00023497292929293 8.2358787878788e-05 0.261718577373737 0 2e-08 5.87878787878789e-08 4.78383838383839e-06 0 2e-08 4.04040404040405e-08 1.23636363636364e-07
0 3.93430303030304e-05 9.55995959595961e-05 8.52991919191921e-05 0.158325793737374 0.267940407474747 0.171086374747475 0.143672171111111 4.13232323232324e-06 0.000149492323232323 0.000355217575757576 0.000116166464646465 7.59296969696971e-05 NA NA 0.0800188381818182 5.07868686868688e-05 0 0.000323055353535354 0.000284478787878788 0.00109025151515152 2e-08 3.95757575757577e-07 8.20206060606062e-05 0.182119371515152 3.95959595959597e-08 0 1.39763636363637e-05 4.94949494949496e-06 0 0 2.7779797979798e-06 3.21414141414142e-07
0 0.000178181818181818 0.000202519393939394 0.000301255555555556 0.14840840989899 0.16995528989899 0.139636155555556 0.128124738585859 8.479797979798e-06 0.000334602626262626 0.000237093333333333 0.000320029696969697 0.000338582626262626 NA NA 0.0770843038383838 9.11210101010103e-05 0 8.41298989898991e-05 0.000610721818181819 0.00184418626262626 8.00000000000001e-08 2.65656565656566e-07 1.99084848484849e-05 0.132050528484848 0 3.95959595959597e-08 4.91919191919193e-07 1.16856565656566e-05 0 1.16989898989899e-06 1.54343434343435e-07 3.76404040404041e-06
0 0.000498415353535354 0.000507512525252526 9.04937373737375e-05 0.311795328888889 0.27519262020202 0.306974010909091 0.278152151515151 3.46868686868687e-06 0.000188613737373738 0.000237741212121213 0.000240853333333334 0.000281558181818182 NA NA 0.0784845478787879 5.52218181818183e-05 0 0.000489578787878789 0.00151061797979798 0.00379001797979798 0 5.64404040404041e-06 0.000106370303030303 0.309003291111111 2e-08 2e-08 3.10101010101011e-07 1.55474747474748e-06 0 0 5.20080808080809e-06 4.76565656565657e-07
