"U_1_Gam_alpha2F" "U_2_Gam_alpha2F" "U_5_Gam_alpha2F" "U_10_Gam_alpha2F" "U_1_Gam_alpha1F" "U_2_Gam_alpha1F" "U_5_Gam_alpha1F" "U_10_Gam_alpha1F" "U_1_Gam" "U_2_Gam" "U_5_Gam" "U_10_Gam" "Sylvia_Sparse" "FM_RevJump" "MBC" "DPM" "FM_Raffaele" "U_1_PC_alpha2F_01" "U_2_PC_alpha2F_01" "U_5_PC_alpha2F_01" "U_10_PC_alpha2F_01" "U_1_Gam_ProbKp_01" "U_2_Gam_ProbKp_01" "U_5_Gam_ProbKp_01" "U_10_Gam_ProbKp_01" "U_1_PC_alpha2F_09" "U_2_PC_alpha2F_09" "U_5_PC_alpha2F_09" "U_10_PC_alpha2F_09" "U_1_Gam_ProbKp_09" "U_2_Gam_ProbKp_09" "U_5_Gam_ProbKp_09" "U_10_Gam_ProbKp_09"
0.110881281177177 0.110228792916917 0.1091498876997 0.10809109186987 0.0853035471871872 0.0867839145445445 0.086413165997998 0.0863131218938939 0.111026514146146 0.110581085111111 0.107314648532533 0.107080027315315 0.10823991771972 NA NA 0.895667667667668 0.189626756832833 0.111753072332332 0.110259683145145 0.105726992566567 0.10330772767968 0.111714255285285 0.112051928922923 0.107583636472472 0.105137746222222 0.111333491269269 0.110712473109109 0.109983174158158 0.11039381046046 0.110889737489489 0.110771616964965 0.111296494122122 0.107922077469469
0.0987539862102102 0.0986889907627628 0.0902436960960961 0.0882170517817818 0.0703854216456457 0.0703317211531532 0.0701859418778779 0.0705185004784785 0.0885241208568569 0.0906961177577578 0.0891995395935936 0.0875742341981982 0.0883786655475475 NA NA 0.890686686686687 0.246865151851852 0.0985222724064064 0.0987578648688689 0.0883734496896897 0.0804857068728729 0.0986022158298298 0.0987565194434434 0.0881944321301301 0.0818421248948949 0.0988068010510511 0.0979392519119119 0.0973359796076076 0.0890885422222222 0.0975976179519519 0.0986457973553553 0.0880976585105105 0.0809207651731732
0.139441488066066 0.141605687037037 0.126714708056056 0.114540510682683 0.0739158187007007 0.0743938405225225 0.0739817049009009 0.0729494653573574 0.132043243189189 0.120929464752753 0.1207453664004 0.113332854394394 0.118380585015015 NA NA 0.892606606606607 0.123819882850851 0.140568688906907 0.141129885125125 0.120898810606607 0.073059624994995 0.140868674034034 0.14172042604004 0.117812808036036 0.0743088112832833 0.14109185814014 0.14053192848048 0.123785461693694 0.0932514984904905 0.141382150976977 0.141178287591592 0.113860342710711 0.0833355135615616
0.155728843647648 0.152880470890891 0.144569699405405 0.14461067842042 0.0866187694374374 0.0866327916916917 0.0864521496136136 0.0873213953693694 0.15562493845045 0.153994995309309 0.143337246066066 0.136166044404404 0.143687862608609 NA NA 0.886462462462462 0.333609494156156 0.156088273203203 0.155577063981982 0.126066282780781 0.128297127231231 0.154644310990991 0.15784076792993 0.122915822622623 0.126836812838839 0.156942707715716 0.151682608154154 0.156920353597598 0.137337641587588 0.157342060514515 0.154396072188188 0.156468853317317 0.15348384231031
0.116846463895896 0.117104878720721 0.0764259923863864 0.0740424020760761 0.0567682109189189 0.0572825641621622 0.0573364337137137 0.0562808159439439 0.0766634439039039 0.0813085964724725 0.0769714174774775 0.0730381527027027 0.0752198288268268 NA NA 0.894224224224224 0.214094069947948 0.117145873761762 0.0842779076016016 0.0830129973393393 0.0628486608948949 0.117122618532533 0.117197086762763 0.0823397181281281 0.0620639198298298 0.116892525251251 0.10260326578979 0.0754932916176176 0.0788822497157157 0.117025359275275 0.116973955405405 0.0825018011291291 0.0526061739179179
0.14796984767968 0.149803499125125 0.149687863737738 0.141296238062062 0.0742002982542543 0.0749458248248248 0.0748415067127127 0.0755322054554555 0.149647659463463 0.141335458522523 0.144651869143143 0.14318606649049 0.151210608138138 NA NA 0.88178978978979 0.410844350644645 0.156099324194194 0.154710719119119 0.146878119295295 0.1081833497998 0.464214512972973 0.151829469099099 0.151476730776777 0.0850568040640641 0.463690469433433 0.464268471339339 0.154106496590591 0.141790180588589 0.150407050760761 0.152746101071071 0.151806500638639 0.131903006382382
0.140482594536537 0.137298100678679 0.0923153747267267 0.0944075011891892 0.0714206815115115 0.0717436264424424 0.0719718526966967 0.0723216833693694 0.0975900756596597 0.102092873897898 0.0893242806746747 0.0950328212772773 0.0932309608388388 NA NA 0.885429429429429 0.131111678406406 0.138301788908909 0.135061987383383 0.0879271793593594 0.0874189037157157 0.137262104484484 0.136802169447447 0.088628676024024 0.0838150582002002 0.138222871487487 0.137336513675676 0.100870054526527 0.0845777633073073 0.138460504148148 0.115380771399399 0.0909410653873874 0.0955083164504505
0.169712025459459 0.19586884378979 0.135572970776777 0.119059390524525 0.0639313005965966 0.063324687965966 0.0631499677397397 0.0624512835895896 0.121928175525526 0.146518202536537 0.12703265956957 0.121209614718719 0.10583971611011 NA NA 0.893469469469469 0.199550311865866 0.162512372438438 0.195838396752753 0.103107756862863 0.0681609798998999 0.165296949861862 0.195920392668669 0.149116987343343 0.0714171414294294 0.195209879693694 0.195993895157157 0.102294089043043 0.0794173332072072 0.19584908594995 0.163660491953954 0.157726119069069 0.0712737556516517
0.0892110770550551 0.0892841902782783 0.0837380676256256 0.0790413704264264 0.0592562134094094 0.059465201015015 0.0592880898958959 0.0581595441181181 0.0802733181741742 0.0811685776516517 0.0885057305285285 0.0782651441861862 0.0755468583143143 NA NA 0.88783983983984 0.130751439085085 0.088614102964965 0.0889301166106106 0.0739371943203203 0.0623980254274274 0.0892295864704705 0.0894416665565566 0.0891486451451451 0.0556932422702703 0.0895127680740741 0.0891186405645646 0.0893336556096096 0.0559545595315315 0.0893397540440441 0.0891555682822823 0.08931200205005 0.0556282061141141
0.196014723339339 0.195940611955956 0.184738739813814 0.182173774602603 0.0454415090810811 0.0463200066626627 0.0453990968828829 0.0460409195155155 0.194024627727728 0.191583481803804 0.17587044424024 0.179894032830831 0.183556786920921 NA NA 0.892362362362362 0.219848256146146 0.19581950371972 0.19600000011011 0.102539941399399 0.152154241031031 0.195879534932933 0.194941410066066 0.192756717951952 0.193023868628629 0.195851598710711 0.224560245393393 0.195767760966967 0.186905703111111 0.224540485757758 0.195924109953954 0.159740921851852 0.193354987591592
0.329035225991992 0.335686165281281 0.198473037815816 0.240285189197197 0.082696530018018 0.0823591469269269 0.0824060963463464 0.0816749092712713 0.296913980172172 0.254380668356356 0.23420199419019 0.19455824158959 0.256277242822823 NA NA 0.892298298298298 0.358103484666667 0.331750540434434 0.339713977333333 0.124631368832833 0.088302984962963 0.332712440256256 0.28368187786987 0.120011726566567 0.160646263555556 0.337121801227227 0.329563524766767 0.345599373623624 0.322644451051051 0.33806353036036 0.335324281071071 0.137357890622623 0.240142590138138
0.1387100782002 0.138669054964965 0.127521086784785 0.115431281983984 0.0938883524524525 0.0955915542962963 0.0935499966526527 0.095187320970971 0.126623681011011 0.12489554422022 0.117180846146146 0.119920199475475 0.123803436826827 NA NA 0.886978978978979 0.23465754781982 0.138691305389389 0.138916127399399 0.111272087651652 0.117884154484484 0.138709934516517 0.138611775965966 0.11499194426026 0.120700995643644 0.138841829465465 0.138707791097097 0.118583130462462 0.122886853119119 0.138773655117117 0.138637319855856 0.131031529193193 0.123992529125125
0.0946110011111111 0.0935685173473473 0.0936735016956957 0.0918348846986987 0.0670866501301301 0.0677817287307307 0.0668800014694695 0.0685670867247247 0.0933212491511512 0.0920297947827828 0.0863693123763764 0.0875487651271271 0.0863487917897898 NA NA 0.896068068068068 0.100276595035035 0.0947871784704705 0.115860015995996 0.0900804561041041 0.0796294401581582 0.0959113461341341 0.0925087117297297 0.0918230975735736 0.0789989128148148 0.0937680432772773 0.0939416424964965 0.0920934628248248 0.0831230351791792 0.0948080807847848 0.095497557977978 0.0928786788008008 0.0866157534834835
0.112358526232232 0.112139587339339 0.11076945755956 0.106081973145145 0.0891318446526527 0.0888871278078078 0.0886743739239239 0.088874927019019 0.109716601683684 0.109690820878879 0.101868234462462 0.103451359957958 0.101974179135135 NA NA 0.890224224224224 0.196500382988989 0.112981636710711 0.111857384352352 0.0998056811451451 0.0938751275835836 0.112171090930931 0.113132277651652 0.103952782072072 0.0954601336656657 0.112581781357357 0.112906127715716 0.105784079187187 0.0949930275255255 0.112356181857858 0.113582847101101 0.106284939877878 0.0989702878978979
0.200216991481481 0.199831008104104 0.18471941192993 0.163639375557558 0.0769456971571572 0.0782186817337337 0.0775353123123123 0.0791708534174174 0.168706383003003 0.19197477975976 0.158824942472472 0.145541272516517 0.167077064706707 NA NA 0.899299299299299 0.185157759551552 0.19992328405005 0.200087631271271 0.124226580978979 0.101311895801802 0.199983548258258 0.200130650866867 0.128438639591592 0.0949647695115115 0.19997531192993 0.200032102906907 0.18961626014014 0.13346163207007 0.199917449695696 0.20006122006006 0.197787229101101 0.155125417191191
0.157930747785786 0.151794083687688 0.143938118902903 0.140754262568569 0.0857466387187187 0.0854035606806807 0.0852622745005005 0.0836623713733734 0.142269158144144 0.131834464614615 0.125721930476476 0.118462715605606 0.111979831603604 NA NA 0.874488488488488 0.136251239003003 0.149889998502503 0.149759242288288 0.105120356846847 0.0901186371531532 0.170949436426426 0.156523392498499 0.153106604472472 0.0809829878638639 0.156607284686687 0.157568925213213 0.126830193911912 0.11445856416016 0.157080007287287 0.15977731808008 0.115509115715716 0.0806528264204204
0.0848819338878879 0.0848350162342342 0.0706947909089089 0.0664819719139139 0.0433242056756757 0.0430354037477477 0.0430519628308308 0.0433035912412412 0.0813240797637638 0.0742316643143143 0.0635836738998999 0.0667522891511512 0.0669859074334334 NA NA 0.892866866866867 0.148933951841842 0.0846584240820821 0.0847844403603604 0.0666389616676677 0.0604156984264264 0.0846925077057057 0.0799108471431431 0.064260749003003 0.0658982391071071 0.0829376694814815 0.0846284844684685 0.0723434634514514 0.0710173499379379 0.0848087914594595 0.0849015004404404 0.0641327954714715 0.07590045203003
0.170412862402402 0.170577111271271 0.145060589653654 0.131363451587588 0.055890320008008 0.056207799955956 0.0556126532372372 0.0564827181541542 0.125777558734735 0.151198435065065 0.137420153445445 0.123679060106106 0.119653220900901 NA NA 0.888994994994995 0.201113956494494 0.170389212992993 0.170622673957958 0.0886127635595596 0.0910371661281281 0.170747835731732 0.170618445633634 0.112392901063063 0.0600884991091091 0.170518341453453 0.170499753155155 0.146191611261261 0.109198369037037 0.170341457309309 0.170554553153153 0.141289301387387 0.15320004824024
0.178369450572573 0.195590588188188 0.086766559977978 0.0603849363803804 0.0619548482702703 0.0587453573873874 0.0591994116556557 0.0592701631191191 0.0662612566706707 0.0578279324184184 0.0739333228868869 0.0666161893133133 0.057291948012012 NA NA 0.889525525525526 0.187785631105105 0.231892422064064 0.178345901253253 0.176361217817818 0.0546951546226226 0.178476134146146 0.177601644122122 0.0807268217497498 0.0551489906846847 0.179407993347347 0.171920365133133 0.161702020162162 0.0549521025865866 0.236342124642643 0.178062336298298 0.176042592656657 0.0552022057897898
0.146243693489489 0.146815251763764 0.137645002404404 0.137461052482482 0.091891493995996 0.0880732662202202 0.0962379662562563 0.100388282780781 0.139230089103103 0.137766511013013 0.136973117245245 0.137090084534535 0.136447416556557 NA NA 0.896700700700701 0.353989027865866 0.145462975213213 0.146584342266266 0.136973525913914 0.134941091143143 0.146470130682683 0.140282645977978 0.135635971221221 0.135007797369369 0.146211783105105 0.146215116122122 0.138441189685686 0.137726967509509 0.146520956732733 0.146651114168168 0.138419609553554 0.141052610596597
0.213379766622623 0.213281398904905 0.143018393157157 0.110248510072072 0.0756689137857858 0.0759848916536537 0.0759466706786787 0.0760300234174174 0.171364192412412 0.178256759491492 0.142497754078078 0.107763492274274 0.124006258032032 NA NA 0.893571571571572 0.197116433975976 0.213347480382382 0.212850564662663 0.109335137035035 0.0774992138618619 0.212649721035035 0.212571925235235 0.106362015271271 0.0819961176996997 0.213600071153153 0.212194467449449 0.109630236608609 0.0998719195775776 0.213022516332332 0.19025316006006 0.196461231279279 0.0835874378178178
0.192968142172172 0.176634798674675 0.184754214848849 0.182298775501502 0.115231315487487 0.128290999833834 0.123000359887888 0.11392492997998 0.18789293014014 0.179586259169169 0.177859696708709 0.186671633613614 0.184573769075075 NA NA 0.887853853853854 0.240415278758759 0.238965813227227 0.194280622782783 0.16966394832032 0.172618644254254 0.186498772532533 0.183717414334334 0.173463969373373 0.171150273495495 0.189615759041041 0.181380835351351 0.183145991207207 0.17910600208008 0.186601972082082 0.184304059465465 0.175807547637638 0.181171396954955
0.158536736308308 0.105618687563564 0.108774890106106 0.105344241117117 0.0682815772212212 0.0672589817097097 0.0677974597557558 0.0678354243363363 0.103756458034034 0.113845351011011 0.103262575399399 0.103096033953954 0.0985367808148148 NA NA 0.885261261261261 0.131164662570571 0.182576886078078 0.122906709983984 0.0947403044624625 0.0877450656756757 0.182304337043043 0.112280952282282 0.10236104370971 0.0734691143183183 0.182453328850851 0.123323380510511 0.0998911111411411 0.107942375763764 0.182165907993994 0.181876645965966 0.103777465273273 0.080374408996997
0.217659764894895 0.225440932574575 0.200323910036036 0.204796600126126 0.131346762324324 0.134398237109109 0.130325059193193 0.138595091835836 0.207407423541542 0.210932643203203 0.204535333511512 0.198897929711712 0.212199742308308 NA NA 0.887901901901902 0.27142200045045 0.218322126684685 0.223331825907908 0.191101512522523 0.174557056932933 0.220411883071071 0.215115796698699 0.163662143873874 0.211895751055055 0.215621603927928 0.216843598156156 0.218523347463463 0.216198630218218 0.212300037371371 0.22136794567968 0.20864594619019 0.221052152288288
0.188588906378378 0.18901940827027 0.184703934940941 0.183062256810811 0.0897656441841842 0.0918875866426426 0.0908989737317317 0.0928957722082082 0.186085164576577 0.175556004720721 0.177939246924925 0.176829233503504 0.177441605135135 NA NA 0.887071071071071 0.153299556384384 0.18845681431031 0.188917499933934 0.142923929015015 0.16564822396997 0.187618782638639 0.18774992354955 0.184679742896897 0.183005141419419 0.18806616047047 0.188039049017017 0.188236969795796 0.185236341161161 0.188693258412412 0.187680307467467 0.187390761923924 0.179860571465465
0.107123564446446 0.106619923201201 0.106776048 0.105264110114114 0.0939291126806807 0.0942000168868869 0.0940452344864865 0.0947938603743744 0.107114692046046 0.105698920844845 0.106817490414414 0.105279883973974 0.104528569237237 NA NA 0.89165965965966 0.155085984106106 0.10772745798999 0.10633064782983 0.103820785723724 0.100460828670671 0.108425235243243 0.107601687955956 0.104555792058058 0.0974951416776777 0.107877583255255 0.107733659223223 0.104819940856857 0.103963573677678 0.108824802196196 0.107729008472472 0.106038637013013 0.10381694404004
0.154316907469469 0.154796412844845 0.128617450418418 0.127444309133133 0.0720824659039039 0.0723153158178178 0.0720222862362362 0.0712275012672673 0.137537982572573 0.136739359627628 0.126174232798799 0.113000291693694 0.12243815602002 NA NA 0.892974974974975 0.175785436484484 0.155245635321321 0.155704013847848 0.105059473285285 0.0694201298878879 0.155884054496497 0.155163765139139 0.103198084486486 0.0711465560800801 0.154837952416416 0.153980793081081 0.130889731627628 0.0890443118118118 0.154599716238238 0.152611371387387 0.152100476928929 0.115018223501501
0.246762712316316 0.247132852658659 0.221443006466466 0.224553042608609 0.06808999204004 0.0684790168628629 0.0679277033813814 0.0683656948928929 0.214726071537538 0.212617299107107 0.222529331161161 0.200665701439439 0.207925087033033 NA NA 0.892992992992993 0.180448392884885 0.251347695587588 0.242510896402402 0.170581107095095 0.121140809771772 0.245476185191191 0.246372628138138 0.170666072526527 0.184850989019019 0.245911613977978 0.247269086432432 0.245438494508508 0.178312083411411 0.246064831813814 0.249734734870871 0.172231852908909 0.113247625213213
0.107038253655656 0.107217036188188 0.104453798302302 0.102866563603604 0.0746700786186186 0.073536463011011 0.0802785441061061 0.07645672795996 0.107686577907908 0.106426515773774 0.104538242444444 0.102220023117117 0.104138953811812 NA NA 0.890356356356356 0.171086269093093 0.107197654720721 0.106328049601602 0.10286284646046 0.104081662344344 0.107421850504504 0.107766421497498 0.0974433981461462 0.103373661069069 0.107184401187187 0.106673170266266 0.104733241651652 0.106082603247247 0.107032975941942 0.107617956922923 0.112440398780781 0.102578296342342
0.129299919347347 0.0970017462922923 0.111698463527528 0.095242285997998 0.0556440894554555 0.0556206997697698 0.0569162570990991 0.0574068134474474 0.101033770854855 0.109659434798799 0.0894283286146146 0.0927803513753754 0.092877616958959 NA NA 0.89363963963964 0.212428013625626 0.129240062852853 0.127921584802803 0.0848816571271271 0.0863930960920921 0.129751565623624 0.126951358624625 0.0942063426706707 0.0616516200720721 0.126487400416416 0.128486279101101 0.0939329376836837 0.0889958323943944 0.128654987459459 0.129092128358358 0.0938929921581582 0.0894968576756757
0.312029997553554 0.309567022504505 0.282663211927928 0.29095441592993 0.104848039449449 0.099901311031031 0.101732069461461 0.102213136176176 0.295926279845846 0.284421635525526 0.263204037531532 0.258775140970971 0.277387350308308 NA NA 0.895991991991992 0.203901198158158 0.302111242968969 0.287010397355355 0.239385875179179 0.197158188692693 0.307366836810811 0.292283696076076 0.23268801802002 0.215226646072072 0.307549957203203 0.310422066860861 0.275695250926927 0.293289402352352 0.312784292122122 0.308301922416416 0.206629342672673 0.290952235675676
0.189054225775776 0.189141667063063 0.145291572920921 0.160467400414414 0.0776315487467467 0.0763601334594595 0.0754581993273273 0.0764313234074074 0.177563880574575 0.171829837781782 0.168308484656657 0.158784705747748 0.14624115806006 NA NA 0.88808008008008 0.175329510730731 0.188951586590591 0.188857463097097 0.127433910362362 0.133507537069069 0.189195374516517 0.188986978660661 0.132889801049049 0.12443596353954 0.189133828218218 0.189278128906907 0.117347431743744 0.166887747043043 0.189001381245245 0.188907172236236 0.185514452710711 0.157196973841842
0.188867230236236 0.273716537551552 0.180260604550551 0.155896916938939 0.0920812347167167 0.0920414825225225 0.0921190015575576 0.0919957480620621 0.166219656128128 0.164965950816817 0.144288136412412 0.143863993121121 0.138640274542543 NA NA 0.892234234234234 0.236431903067067 0.211541842076076 0.190112426580581 0.135088153253253 0.0991134703323323 0.189185971533534 0.18541159222022 0.149490698412412 0.0927522386426426 0.190402542858859 0.189330042092092 0.156393850206206 0.137627425993994 0.19065075561962 0.189613810324324 0.184482591691692 0.100301010358358
0.155776270956957 0.155422436634635 0.145271012762763 0.135510762896897 0.045957509023023 0.0462130870990991 0.0458429450510511 0.0475417526906907 0.143860205127127 0.142815189745746 0.142963285927928 0.124972918462462 0.140304517783784 NA NA 0.89355955955956 0.132490372556557 0.154925041563564 0.15471059358959 0.124320489179179 0.122213329545546 0.156088370626627 0.156235483791792 0.0990256702222222 0.0987308812312312 0.156018149257257 0.156171246408408 0.142472635931932 0.0669806745605606 0.155815736182182 0.154409454708709 0.123967291525526 0.136033405841842
0.132505918126126 0.133422261471471 0.124990527653654 0.124064323183183 0.0839220224884885 0.082595787019019 0.0836053868908909 0.0833932461621622 0.131168620354354 0.12967451224024 0.122637658192192 0.123274949071071 0.121134757381381 NA NA 0.889155155155155 0.124239702850851 0.134036522780781 0.132348708428428 0.114619875997998 0.0911153771971972 0.133134512582583 0.133266489807808 0.106246884134134 0.0939020716456457 0.160387338102102 0.133622160006006 0.132194989315315 0.126694185335335 0.132430642590591 0.1339473298999 0.130979382672673 0.131859020806807
0.087503656960961 0.0881810750790791 0.0878109316156156 0.0859521622322322 0.0712435596956957 0.0725681916376376 0.0718228780720721 0.0708117001281281 0.0846075112192192 0.086431140960961 0.0840627065385385 0.0862029556256256 0.0860408155455455 NA NA 0.892488488488488 0.160910076552553 0.0861393988528528 0.0880750000620621 0.084225299983984 0.0849619626246246 0.0866114209169169 0.0866147913713714 0.0857347550670671 0.0816858446726727 0.0858162908668669 0.117062285187187 0.0866667999059059 0.0868299403943944 0.0881968595335335 0.0872634012532533 0.0861292192992993 0.0860312637117117
0.243538308318318 0.243403486700701 0.238095752042042 0.229045195105105 0.0733895148908909 0.0755214546046046 0.0736924341601602 0.074365352966967 0.228228577015015 0.241256218156156 0.231068410612613 0.229008647711712 0.224056577299299 NA NA 0.895747747747748 0.237295364936937 0.243550430588589 0.24352121962963 0.19050979809009 0.213030563621622 0.243412644956957 0.243379022034034 0.224613892640641 0.222479902282282 0.24341384243043 0.243416499423423 0.243189497241241 0.215098208116116 0.243260045339339 0.243500948872873 0.241502727663664 0.212249019875876
0.123766929947948 0.118167036982983 0.121505271991992 0.116035075737738 0.0609112771471471 0.0612081512152152 0.0611060347827828 0.0616125918298298 0.119744467563564 0.113285762488488 0.113820623037037 0.110487617163163 0.106171843007007 NA NA 0.893915915915916 0.179905076798799 0.122022046284284 0.118844429001001 0.111380723855856 0.0598767240620621 0.130104884388388 0.118630905055055 0.113597971675676 0.0601347277257257 0.118415204246246 0.119768792496496 0.115092398646647 0.0950691623283283 0.13055812592993 0.123404773405405 0.116553859705706 0.0637912788888889
0.110892044012012 0.109617809361361 0.111311538840841 0.1088988617998 0.0860901435495496 0.0867199741261261 0.0877670864504504 0.0882433806686687 0.107809656482482 0.106481343079079 0.107465136166166 0.10855236381982 0.107676899399399 NA NA 0.89418018018018 0.147031372026026 0.111189444248248 0.109183096392392 0.107650369907908 0.0968692982262262 0.110208544708709 0.108821908326326 0.106446668596597 0.101797133025025 0.109424058988989 0.111278820908909 0.110316908724725 0.104677874844845 0.112160808604605 0.110438968444444 0.107340102824825 0.108783027661662
0.18055017446046 0.112283268162162 0.116896114102102 0.116416438452452 0.0673165105545546 0.0697707787867868 0.0701049501821822 0.0734577323803804 0.119966814520521 0.115165222600601 0.109464430066066 0.115293119407407 0.115922350006006 NA NA 0.894942942942943 0.287394057223223 0.180455342354354 0.180818824214214 0.103878943185185 0.0737926565985986 0.299358013189189 0.116032242228228 0.102741867269269 0.104151456332332 0.180212189987988 0.133601601731732 0.124591940422422 0.113116659007007 0.299536410686687 0.180392753155155 0.105110080532533 0.111318319239239
0.122545818564565 0.121439010908909 0.121793629721722 0.121722406994995 0.0960110817177177 0.0942681975395395 0.095676524044044 0.0963921196496496 0.122541075187187 0.121661628710711 0.121396185293293 0.121735881101101 0.121598363611612 NA NA 0.898718718718719 0.184451738752753 0.122811828706707 0.12230987968969 0.121060552254254 0.121211960242242 0.122874079481481 0.122857045231231 0.122595489635636 0.12185920763964 0.122736804884885 0.122727435319319 0.122587656036036 0.122592904218218 0.122776269287287 0.122767397073073 0.122440961875876 0.122598879353353
0.236061779853854 0.214496402740741 0.196531392754755 0.188066972496496 0.0839438664384384 0.0840589477257257 0.0841434671671672 0.0839975443683684 0.21953054577978 0.217592000102102 0.186755781483483 0.177838258154154 0.165849466292292 NA NA 0.887617617617618 0.28383182827027 0.212887606892893 0.218153434244244 0.123718067683684 0.0957953347667668 0.21161111201001 0.216581355361361 0.1100919578999 0.13827979393994 0.21759903587988 0.202734071359359 0.213603402942943 0.199061443977978 0.216324730564565 0.218685097293293 0.215439564978979 0.182664908598599
0.0822451338398398 0.0828346653913914 0.0823739958078078 0.0820084048388388 0.0667446992672673 0.066712918960961 0.0684388386366366 0.0684433738998999 0.0820129399419419 0.0819650492792793 0.0815833186986987 0.0817531646146146 0.0817658132692693 NA NA 0.89027027027027 0.287192798314314 0.0831126039119119 0.0829462618118118 0.0818994204684685 0.0810594314294294 0.0830652522362362 0.0826506548768769 0.0822696094654655 0.0808254965125125 0.0796313733533534 0.0830270404904905 0.0823404956936937 0.0828184240620621 0.0826330388428428 0.0833037265285285 0.0817519734754755 0.0818172758898899
0.154617417675676 0.137840126238238 0.138631482762763 0.129498020710711 0.0476079217297297 0.0477998365365365 0.0484202781661662 0.0478567908008008 0.150286246666667 0.116780467801802 0.117168701443443 0.139302139173173 0.131912026568569 NA NA 0.890736736736737 0.134570365471471 0.154096527651652 0.144557377377377 0.119690035189189 0.138699383753754 0.154599257541542 0.154318257405405 0.125026910872873 0.126520450930931 0.154010519131131 0.154274837467467 0.152377136334334 0.139153484146146 0.154109834456456 0.154374759315315 0.151329467251251 0.154136905107107
0.221011224034034 0.220758187475475 0.111618161321321 0.111925505853854 0.0768924266366366 0.0821383897317317 0.0757236881321321 0.0793280066006006 0.113090586890891 0.111301524564565 0.110568609049049 0.111568027591592 0.111369910898899 NA NA 0.90005005005005 0.337323033731732 0.221620459403403 0.22116123216016 0.154437847261261 0.111477179787788 0.223021823501502 0.221699690766767 0.10757290007007 0.110525393467467 0.221730219993994 0.222230722128128 0.111082207291291 0.110268197119119 0.222499763425425 0.222187316312312 0.112927761855856 0.114828945399399
0.111701498556557 0.117211536748749 0.105502678676677 0.0968742722382382 0.0822759408028028 0.0822491715215215 0.0825301099539539 0.0823031896936937 0.105687335771772 0.0976342266306306 0.0959280210610611 0.0966482161341341 0.0985125264964965 NA NA 0.895301301301301 0.193347914866867 0.114591259775776 0.219535409763764 0.0950877751591592 0.0880690358678679 0.117031511551552 0.111611075249249 0.0948179025005005 0.0929866947867868 0.11958637827027 0.110914856706707 0.113410893471471 0.0933136092332332 0.112463724634635 0.219438761717718 0.0922774981921922 0.0876002628488489
0.121728873357357 0.121667167317317 0.118034341379379 0.116678304602603 0.0542717875075075 0.0604929365025025 0.056550513031031 0.0534758099199199 0.117470066358358 0.117761657417417 0.113803667625626 0.114222211147147 0.115663451439439 NA NA 0.897359359359359 0.15384826972973 0.121719418328328 0.121448917495495 0.114429756096096 0.106787356034034 0.121607898374374 0.121409900426426 0.103360415265265 0.108988412546547 0.121622932282282 0.121689539447447 0.120220934252252 0.114108213863864 0.152706894938939 0.121778210304304 0.121777461355355 0.117616872418418
0.354264530156156 0.35365445649049 0.315592789421421 0.27460411434034 0.0885156087727728 0.0879737889109109 0.0877842609229229 0.09334229598999 0.30961622996997 0.312945737621622 0.287012127515516 0.290488080732733 0.291151257063063 NA NA 0.891017017017017 0.327004240742743 0.353489162504505 0.354898131199199 0.153533468214214 0.244238019037037 0.353628333071071 0.352589987299299 0.167612407337337 0.226190248382382 0.353206309677678 0.35361273583984 0.252923216772773 0.32607186633033 0.354531785103103 0.353598802710711 0.147522441113113 0.238138461441441
0.226067227033033 0.225774161891892 0.184744333205205 0.168565708406406 0.0662839935415415 0.0665282455155155 0.0644316658178178 0.0647819468348348 0.147531186560561 0.184436615561562 0.186701115995996 0.16732921023023 0.162242769433433 NA NA 0.891797797797798 0.14880546586987 0.225548378148148 0.225839161913914 0.139480259227227 0.0971031126326326 0.225836210132132 0.224642873737738 0.138760466398398 0.108720448908909 0.226189221355355 0.226072918730731 0.225833260188188 0.0779164901301301 0.226545326022022 0.222175995787788 0.170705062342342 0.100709688224224
0.156906096004004 0.157184733185185 0.150645378638639 0.152036438516517 0.105098253459459 0.104426642924925 0.104940065881882 0.10807760832032 0.153847106788789 0.155049043791792 0.15047591595996 0.150810472072072 0.150554945007007 NA NA 0.890006006006006 0.389696003545546 0.157452825173173 0.157400409577578 0.141647424228228 0.144790595451451 0.157886947473473 0.15724747183984 0.137491400542543 0.140197510014014 0.157549639231231 0.157971842936937 0.156950366682683 0.156888452322322 0.157183764762763 0.156752029623624 0.148875529413413 0.153649748932933
0.122216096272272 0.126707997003003 0.102924037153153 0.110970636024024 0.0701466517917918 0.0697636282922923 0.0704160914214214 0.0739887166726727 0.105277648850851 0.100200538146146 0.112004128992993 0.105896400354354 0.100047868338338 NA NA 0.895485485485485 0.231690290894895 0.118584422352352 0.114473816442442 0.0992235072352352 0.0835422613513514 0.120146246776777 0.118614651535536 0.0956731252692693 0.0944356790750751 0.119133119403403 0.121798203095095 0.113567486730731 0.103269352614615 0.119980214494495 0.118408173887888 0.10857894645045 0.104871338054054
0.138111497895896 0.138597009443443 0.122844563103103 0.108429790002002 0.0744051248488488 0.0733469786986987 0.0737115438558559 0.07294320796997 0.120078103543544 0.119462734008008 0.111830765511512 0.104500758244244 0.105713424276276 NA NA 0.889267267267267 0.126403329445445 0.138431112378378 0.13835602567968 0.123301117261261 0.0709355710830831 0.138476425695696 0.138804148356356 0.124238511073073 0.0705101588988989 0.138660758706707 0.13827279428028 0.123891261465465 0.0798184677917918 0.138944286680681 0.133911845479479 0.118982884132132 0.0699124814734735
0.0909396652052052 0.0903946117357357 0.091564770956957 0.0931654627787788 0.0797533642222222 0.0778779975015015 0.081886297025025 0.078523680984985 0.0912785093913914 0.0910667277357357 0.0899358934914915 0.089785099019019 0.0918923103143143 NA NA 0.877691691691692 0.321548842314314 0.0922870136716717 0.0892535613613614 0.0909468203663664 0.0884458193013013 0.0915137225705706 0.0934366311591592 0.0882267726086086 0.0900273255715716 0.0916719491211211 0.0924462181221221 0.0887111239399399 0.0896567200840841 0.091100522032032 0.0922338338138138 0.0901649592012012 0.243494927025025
0.0791677173793794 0.133182117523524 0.130147406472472 0.127756711341341 0.0611207947827828 0.0605524118858859 0.0603611152152152 0.0583962746626627 0.0753096800680681 0.0732251526426426 0.127440484268268 0.0725958803523524 0.124931692950951 NA NA 0.888206206206206 0.150512611043043 0.132900361149149 0.0792414391111111 0.0656845223003003 0.0646742494114114 0.0793996741621622 0.133190314994995 0.0739778863363363 0.124203225493493 0.133283902922923 0.132942859937938 0.0792011915835836 0.0774494863903904 0.133242688174174 0.0794044157597598 0.0651891307367367 0.128628797873874
0.275688104062062 0.275888870824825 0.250027753041041 0.237458215125125 0.0783614663063063 0.0807381468008008 0.0788071125525526 0.0784060162542543 0.261737069453453 0.271665561323323 0.209434715647648 0.218340249873874 0.207157667041041 NA NA 0.895281281281281 0.257343489947948 0.275541019907908 0.275441004112112 0.157551715147147 0.166360594672673 0.276021529921922 0.275801065039039 0.124844300800801 0.187405832294294 0.275690424620621 0.276217611515515 0.184160304900901 0.257665258768769 0.275615231205205 0.276035328838839 0.137173562848849 0.228219761943944
0.071832497945946 0.0719793649109109 0.0712859286286286 0.0704037391371371 0.0638837528268268 0.0636714147407407 0.0632309761981982 0.0634851872572573 0.0709850324604605 0.0711770083783784 0.0716028537957958 0.0704402500440441 0.0706967541261261 NA NA 0.892146146146146 0.177536725257257 0.0717587627347347 0.0719062203443443 0.0717350328408408 0.0625308441301301 0.0905229081561562 0.0720013648128128 0.0693570212112112 0.0652305353553554 0.0718185187847848 0.0720209315355355 0.0718418359159159 0.0691990782462462 0.0907055285465466 0.0718780817877878 0.0718686848028028 0.0708116571411412
0.392734747825826 0.300260324812813 0.186754657173173 0.190505609727728 0.0833736013173173 0.0823597717797798 0.0820802572452452 0.0825726604964965 0.21039436049049 0.214960991281281 0.197222669219219 0.200525666344344 0.190690281733734 NA NA 0.893791791791792 0.349643795439439 0.392304132608609 0.214163536560561 0.13099232233033 0.136957859623624 0.392646286636637 0.325364306840841 0.12890770574975 0.145954179457457 0.392324236228228 0.21173650028028 0.200873332552553 0.199253987561562 0.392756640462462 0.392635470972973 0.239785486138138 0.242882944790791
0.130135740106106 0.129276649911912 0.127272740822823 0.127316317105105 0.0920660651791792 0.0916768983303303 0.0898978962302302 0.0927196630610611 0.129366888418418 0.12779743637037 0.124405620882883 0.128437006490491 0.127882627349349 NA NA 0.893411411411411 0.214662653333333 0.129769828852853 0.129850348098098 0.125272884412412 0.126281153107107 0.130378906834835 0.130409342816817 0.129879389375375 0.129402166848849 0.1303789556997 0.130457329197197 0.128237070692693 0.128326198954955 0.130209103673674 0.13073142431031 0.129438377641642 0.130430760738739
0.155002957461461 0.152761826754755 0.158063709013013 0.145467237887888 0.0790921028488488 0.085519019039039 0.0798709252312312 0.0836015204324324 0.157167067201201 0.142944558084084 0.148146084922923 0.146958765319319 0.147062344996997 NA NA 0.891935935935936 0.289555213741742 0.157099254646647 0.147331650302302 0.131066781227227 0.137883374638639 0.152360986732733 0.149852834844845 0.128592073261261 0.154206737587588 0.150312801329329 0.156565816642643 0.151507569385385 0.15243761021021 0.345016932036036 0.152066111817818 0.147450903459459 0.147010539905906
0.322574868940941 0.321961165217217 0.298205585355355 0.280509116688689 0.0803964696736737 0.0803839156836837 0.0799535318098098 0.0804032983903904 0.298466369359359 0.32106561849049 0.269773451813814 0.249927788426426 0.304522698830831 NA NA 0.897543543543544 0.20895787974975 0.322567590234234 0.321981980088088 0.166307637055055 0.163845317267267 0.323188309473473 0.324396633511511 0.14905397561962 0.262896754718719 0.322093333573574 0.319576387705706 0.321136187389389 0.30941493808008 0.32320966832032 0.322851018984985 0.147856092524525 0.277658917551552
0.385328630652653 0.390301415001001 0.258665639743744 0.254796251319319 0.0913859048888889 0.103465944686687 0.0964398855215215 0.104701865219219 0.327154059249249 0.344216123265265 0.224473916700701 0.222896966650651 0.275182660916917 NA NA 0.895937937937938 0.221578774236236 0.318644236636637 0.291894475189189 0.180311810576577 0.199324508972973 0.390524645347347 0.320749382348348 0.149530023783784 0.255319022598599 0.385326635087087 0.326491481247247 0.29894512642042 0.279488136744745 0.38736186771972 0.385039373259259 0.136952580306306 0.264664829079079
0.0841705927227227 0.0844440065565566 0.0833784247307307 0.0826163233473474 0.0652950791771772 0.0659531525325325 0.066068290044044 0.0667829744684685 0.0834517549449449 0.0825772757597598 0.0825527380940941 0.0819455821441441 0.0822656734934935 NA NA 0.890812812812813 0.147460854628629 0.0843600784784785 0.0842284301701702 0.0840305004544545 0.0769166047087087 0.0846569627467468 0.0838652939179179 0.0843161246426426 0.0706404872432432 0.0843885796736737 0.0842454538758759 0.0831168103003003 0.0823850425065065 0.0845383811191191 0.0843313582502502 0.0843451166506506 0.0730947258858859
0.110522817353353 0.110269019017017 0.103240555333333 0.101114615281281 0.077595726990991 0.0776272466406406 0.0781816190750751 0.0780971411971972 0.104712214730731 0.10472169195996 0.100160677785786 0.100486485431431 0.0981881177297297 NA NA 0.891897897897898 0.17200637041041 0.110723751289289 0.110465312894895 0.100865581903904 0.0903119805565566 0.110241944196196 0.110462524182182 0.100138551617618 0.097850378998999 0.178051537771772 0.110808001665666 0.103920647351351 0.0989006487367367 0.109965663319319 0.178098062154154 0.110373837365365 0.10021202213013
0.132928912218218 0.131741966550551 0.133117071863864 0.122108986142142 0.0645627406666667 0.065102250002002 0.0707938985445445 0.0670617958798799 0.130216631171171 0.12857010643043 0.131960988794795 0.127063605021021 0.12623007758959 NA NA 0.887181181181181 0.147307081399399 0.133490365515516 0.131186889537538 0.129562539385385 0.0989953933993994 0.133099017291291 0.133483484096096 0.12750840437037 0.0879378493513513 0.132915163641642 0.132374513701702 0.128291460520521 0.117689554346346 0.132303897319319 0.132298805483483 0.130557180788789 0.12961189187988
0.268599819813814 0.270394810586587 0.205925782386386 0.210746526608609 0.0808747556716717 0.0804179440580581 0.0794554164104104 0.081412950960961 0.22835055187988 0.251590072762763 0.223571393841842 0.18881770374975 0.18474831183984 NA NA 0.892924924924925 0.241272693805806 0.266582032032032 0.268158398952953 0.114370279811812 0.140943648058058 0.268672406574575 0.269349202802803 0.10488405444044 0.147162500962963 0.268827112248248 0.268700088216216 0.269021987047047 0.219035647973974 0.268131858118118 0.266065514568569 0.138482665299299 0.220300727737738
0.206536756754755 0.206796280936937 0.170848431631632 0.188114074710711 0.0858823137717718 0.0860454444684685 0.0859636601221221 0.0876437414454454 0.205867921953954 0.206014912392392 0.171793413103103 0.169928530806807 0.185028817611612 NA NA 0.897831831831832 0.188121445467467 0.2070417725005 0.206864263893894 0.164289134452452 0.169509942446446 0.206865372564565 0.206715296968969 0.189260273125125 0.188928422560561 0.206650469615616 0.207215978476476 0.205662956674675 0.202841941827828 0.206890313365365 0.206529407881882 0.188467917753754 0.197027487331331
0.178757935803804 0.178151033557558 0.134824118288288 0.0786149629089089 0.0658788372652653 0.0655021465945946 0.065184651031031 0.0651481187027027 0.0898378651211211 0.0933806703503503 0.106603303825826 0.0739864179239239 0.0779222579039039 NA NA 0.896304304304304 0.128776453097097 0.156509091793794 0.178432286308308 0.0944416462382382 0.0614965541821822 0.178358819345345 0.178657358990991 0.0914993267747748 0.0610953025665666 0.178729546628629 0.178671735745746 0.133650446488488 0.0667273291811812 0.152149478208208 0.178991046726727 0.131610794580581 0.0601438030710711
0.149256008570571 0.150938656678679 0.136155323447447 0.134306655457457 0.0770913987247247 0.0796297491431431 0.0785743405225225 0.0807031517697698 0.138926983747748 0.143062569135135 0.136317852504505 0.13303388002002 0.134132963845846 NA NA 0.89398998998999 0.369757751221221 0.150420527143143 0.150567596374374 0.12573118564965 0.108268628276276 0.149921844372372 0.14975631629029 0.121522066778779 0.128865259239239 0.14962538008008 0.149279294104104 0.147548393189189 0.143074988598599 0.149068854012012 0.149349884600601 0.121410440108108 0.136447039667668
0.371589045377377 0.383745134878879 0.324905547071071 0.34161403780981 0.0798926863943944 0.0794119136596597 0.0809104706866867 0.0893658086906907 0.372987360984985 0.375758241355355 0.320826020442442 0.320187387323323 0.355791147243243 NA NA 0.893565565565566 0.338308425217217 0.385517872716717 0.383401854178178 0.219233146878879 0.244119567545546 0.380187049065065 0.377355527491491 0.236821664856857 0.286099450272272 0.383203182814815 0.383487600808809 0.36753270617017 0.349074303315315 0.384068744804805 0.382275051653654 0.380489035377377 0.320855990068068
0.125577397773774 0.125503522014014 0.123061806798799 0.123451613481481 0.0697794966986987 0.0685545919479479 0.0708549611351351 0.0711594416296296 0.1250502476997 0.124630608552553 0.122386468244244 0.121404093655656 0.122654616406406 NA NA 0.886854854854855 0.16848937575976 0.125362614854855 0.125364091931932 0.115982434296296 0.120345935119119 0.125503402328328 0.1251448538999 0.12405383170971 0.121225362366366 0.125626189935936 0.125286915583584 0.125389905815816 0.124985534418418 0.125417511687688 0.125526217005005 0.125398801053053 0.122487104202202
0.189646773161161 0.189378977567568 0.18974306978979 0.126877771643644 0.0670188596876877 0.0656419252332332 0.0678090018138138 0.0650781766306306 0.127787404858859 0.156834250176176 0.159793738680681 0.11139490767968 0.125091118048048 NA NA 0.889129129129129 0.202061196444444 0.189423179793794 0.18812136219019 0.101211082184184 0.0653593603203203 0.189645554724725 0.189882579533534 0.098087050032032 0.0810482725905906 0.189256274902903 0.189708311353353 0.102860941431431 0.136796361403403 0.189741739781782 0.188428245343343 0.114545941431431 0.0754218873093093
0.122621123361361 0.124126815471471 0.121969861975976 0.120312794096096 0.0786513485925926 0.0805844441781782 0.0789832443503503 0.0800347712812813 0.123456958970971 0.120289342638639 0.117178551947948 0.121916351817818 0.119675332672673 NA NA 0.894658658658659 0.211248526698699 0.125009861955956 0.12343890614014 0.113187138556557 0.108382059277277 0.123828135885886 0.122974147243243 0.120033585097097 0.0936403207387387 0.124096259131131 0.123998364506506 0.117550529301301 0.119533672960961 0.122835735647648 0.123640628878879 0.117162753281281 0.106755585057057
0.0974468482402402 0.129697880626627 0.0957559298038038 0.0947886425985986 0.078910520968969 0.0788464113753754 0.0793260631451451 0.0787767467967968 0.0952766983803804 0.0950579675075075 0.0947486700980981 0.0930062768848849 0.091715397967968 NA NA 0.896984984984985 0.129285107917918 0.12061451370971 0.137345248508509 0.0966677397357357 0.0837490681521521 0.0971382820960961 0.0974098729309309 0.0967784868608609 0.0760271226766767 0.0971556504464464 0.0970283327427427 0.0963869482262262 0.0822849026906907 0.097116123977978 0.123049487995996 0.0965911264364364 0.0883345803003003
0.0398045737837838 0.0400618701281281 0.0723761091911912 0.0713809438238238 0.0305377465305305 0.0308552993673674 0.0306991027807808 0.0304134629309309 0.072365318976977 0.0394343416116116 0.0388435314914915 0.0392429267887888 0.071012362002002 NA NA 0.894716716716717 0.131802502364364 0.0722143947207207 0.0812301228168168 0.0399334814134134 0.0331377247367367 0.110149752206206 0.0724963962662663 0.0398435927167167 0.0298813730670671 0.0399429804584585 0.0724317130850851 0.0721108872132132 0.0371436535075075 0.114604825129129 0.0832358512592593 0.0398143803603604 0.0380519362142142
0.0757455736116116 0.0757574217417417 0.0743991134194194 0.0739232598598599 0.0607675346146146 0.0603118502002002 0.0600868378278278 0.0608404174094094 0.0728954901041041 0.0732875041161161 0.0747829373593594 0.0724969965365365 0.0729563996396396 NA NA 0.891353353353353 0.125135326616617 0.0759691057177177 0.0758905947747748 0.075560828962963 0.0637729524044044 0.0757390069469469 0.0760357594014014 0.0755257711011011 0.0670217025205205 0.0762646788448448 0.0760082569109109 0.0758845626306306 0.0733830734694695 0.0759725064644645 0.153978940508509 0.0948457984844845 0.0657856004024024
0.162409661425425 0.162456947073073 0.136432560502502 0.138622505071071 0.113200940034034 0.111368493815816 0.113266260808809 0.114533745991992 0.140970304082082 0.137371176572573 0.135536142104104 0.136345027125125 0.136061359647648 NA NA 0.895399399399399 0.159058950888889 0.162479739079079 0.1625398443003 0.13372683601001 0.123422224582583 0.162620219981982 0.145717527225225 0.133330197831832 0.132808940958959 0.162601527111111 0.156503450754755 0.136342346006006 0.138053437821822 0.160950488244244 0.149642774552553 0.134717160866867 0.133684648678679
0.217778578666667 0.216236573409409 0.158048830998999 0.162672328202202 0.0734257581621622 0.0728247227227227 0.0726597276916917 0.0728594985645646 0.195300157911912 0.194059026868869 0.148575793561562 0.147841277333333 0.153535294002002 NA NA 0.88163963963964 0.225064295577578 0.216073729537538 0.217584266362362 0.111551807261261 0.0882653466686687 0.216135911607608 0.215889624842843 0.164782204312312 0.162073251261261 0.216517353697698 0.216439651021021 0.144955959681682 0.153146203017017 0.216694359007007 0.183059995309309 0.211831707243243 0.141116582462462
0.131831809681682 0.115781627895896 0.113927383933934 0.112547773965966 0.0840983252472473 0.0825160035675676 0.0816912594014014 0.0849876448768769 0.11546029957958 0.115346748394394 0.116580243257257 0.110950808860861 0.112076256166166 NA NA 0.875537537537537 0.141041685727728 0.131744529841842 0.117809397901902 0.107038984118118 0.0940157726866867 0.131566970930931 0.132057365259259 0.116074248354354 0.11046221575976 0.131723464810811 0.132028779525526 0.110661330762763 0.108487848664665 0.131925400114114 0.131396604978979 0.109293018920921 0.110332777023023
0.182916564328328 0.183283634582583 0.160221617385385 0.161937300206206 0.0735466566446446 0.0746054864964965 0.0723997331351351 0.0730384665365365 0.179603648066066 0.170711910434434 0.165660896306306 0.148884177057057 0.15300733381982 NA NA 0.897365365365365 0.282280491429429 0.183952895335335 0.181958434858859 0.125699644814815 0.091645148014014 0.181448398436436 0.183072817805806 0.127722066348348 0.10340306968969 0.181619260778779 0.181534459803804 0.182953823851852 0.117389549723724 0.182410562802803 0.182045068248248 0.132194615225225 0.0682868514654655
0.219181421281281 0.218558883717718 0.15993884357958 0.154565192856857 0.0879433214674675 0.0972538521901902 0.0886871237257257 0.093375737013013 0.163718746118118 0.160634062798799 0.155041069993994 0.158343345043043 0.150668285867868 NA NA 0.897303303303303 0.363321027755756 0.173287853031031 0.21885269384985 0.151896816284284 0.125685929301301 0.218247158706707 0.162873076082082 0.149432275933934 0.130399973131131 0.219307058464464 0.219951296564565 0.161541886958959 0.154315150926927 0.160441326960961 0.161230142718719 0.149334174152152 0.145992746914915
0.163791580954955 0.105441685671672 0.0983520233053053 0.0953590232752753 0.081297876996997 0.0821353231391391 0.0813549729069069 0.0810129192472473 0.122321417183183 0.103057366932933 0.0987806043663664 0.101984905439439 0.0975127597077077 NA NA 0.890550550550551 0.137903568568569 0.163686901061061 0.106340659633634 0.0924138076776777 0.0837802794354354 0.163782678208208 0.107193694634635 0.095447896022022 0.100051718554555 0.163883022156156 0.16387240783984 0.101488145381381 0.106799599153153 0.163999469323323 0.163678434224224 0.104880440338338 0.115592146224224
0.111696511143143 0.112170906716717 0.106910316214214 0.104350365545546 0.07574642997998 0.0759295439019019 0.0745812443383383 0.0749847580860861 0.110337940596597 0.110002826526527 0.109057076062062 0.104891468950951 0.10353116763964 NA NA 0.893087087087087 0.206437120056056 0.112137242830831 0.112177779397397 0.104028137289289 0.100223216402402 0.111924202608609 0.11201274216016 0.102412804234234 0.100899917215215 0.112070919031031 0.111767681449449 0.112448169761762 0.104633257289289 0.112115422556557 0.245144438630631 0.111299432068068 0.104141826588589
0.09196865195996 0.0920131816436436 0.0783262574454454 0.0661653648748749 0.0498338873973974 0.0494719334014014 0.0491421338718719 0.0488197974674675 0.0830177475875876 0.0744315320800801 0.0582537322882883 0.0600982983703704 0.0577470898018018 NA NA 0.895991991991992 0.103731302646647 0.0919660050630631 0.0918818327647648 0.0627969476056056 0.0487530987487488 0.0857134056836837 0.0906761478978979 0.0585274778218218 0.0462736426486487 0.0921807324604605 0.0921025428868869 0.057578397009009 0.0507649076396396 0.0916918307987988 0.0920548324204204 0.0594816755595596 0.0603791506026026
0.208731300814815 0.208763595551552 0.196870284724725 0.202813831771772 0.0721393038658659 0.0805176405045045 0.0750878255255255 0.0887773362302302 0.207559754 0.207492051459459 0.203722397201201 0.188255221923924 0.201906533351351 NA NA 0.896372372372372 0.212923957225225 0.208812798654655 0.208713891757758 0.193010013237237 0.191507331055055 0.208951793459459 0.2086496615996 0.177927366178178 0.203917135941942 0.208947039257257 0.208892008738739 0.207768745553554 0.203123095735736 0.208808672208208 0.208872483575576 0.172840334978979 0.208423360164164
0.242539568610611 0.244334140086086 0.177611198508509 0.17479819995996 0.0948212367027027 0.0957754043403403 0.10637581209009 0.0991980858958959 0.205657875499499 0.184690935315315 0.168103301449449 0.166590629039039 0.170114005717718 NA NA 0.888204204204204 0.21111404213013 0.243942573417417 0.242773750492493 0.135182222972973 0.143779202644645 0.240464553105105 0.218078202234234 0.126462789333333 0.181260016962963 0.229662929489489 0.245948030962963 0.158268054202202 0.19882164623023 0.242074767665666 0.248904961003003 0.180449762186186 0.234086664518519
0.204008439099099 0.178104081357357 0.162151847445445 0.152264913217217 0.0749934145265265 0.0747892638038038 0.0755900950730731 0.0740836355475475 0.173731341321321 0.17594957797998 0.145795297937938 0.149976213515516 0.138974832642643 NA NA 0.896914914914915 0.174967695897898 0.187938562522523 0.180556645405405 0.117881604770771 0.0743259910630631 0.189787313163163 0.186438446092092 0.121601305161161 0.0741587750590591 0.18855899436036 0.18590353422022 0.137223858598599 0.141559720378378 0.184515269423423 0.181469204174174 0.185792864958959 0.109233711591592
0.0850442678218218 0.0850859058518519 0.0850987947347347 0.0748672549289289 0.058421159973974 0.0588897781101101 0.0569253615175175 0.0574285078058058 0.0802640092952953 0.0775675534254254 0.0825347423263263 0.0738669311791792 0.0699288453833834 NA NA 0.889881881881882 0.112522133191191 0.0850910173593594 0.0850055488668669 0.0850243504984985 0.0612758101841842 0.0850287201481481 0.0850717818178178 0.0838508339219219 0.0561399547387387 0.085016950002002 0.0850589859119119 0.0850245628628629 0.0586030987047047 0.0850792635355355 0.0851343248548549 0.085008358982983 0.064013440048048
0.108095673103103 0.116300295135135 0.116849852192192 0.0905709527687688 0.0714117174574575 0.07194628604004 0.0712558841521522 0.07113156002002 0.0945470266766767 0.0877868107247247 0.0884584551331331 0.081287093039039 0.0842080893413413 NA NA 0.891111111111111 0.127229069823824 0.107245170608609 0.107900929981982 0.108484272900901 0.0694872198818819 0.111909096488488 0.115830464366366 0.10497118814014 0.0731776376556557 0.10749226564965 0.111034231917918 0.0949630817037037 0.0833253808928929 0.109767512216216 0.1097204176997 0.0961502298398398 0.0689763164344344
0.116866329347347 0.117005325941942 0.0777872643043043 0.0828825062322322 0.0592782886406406 0.0593932843003003 0.0590170105765766 0.0591316298178178 0.0789764237537538 0.0773766584144144 0.0747508245245245 0.0771473588708709 0.073003140988989 NA NA 0.896536536536537 0.155861744698699 0.117050458954955 0.117169134974975 0.0726666686066066 0.0595222523343343 0.116965485767768 0.117209970698699 0.0702521606126126 0.0686073635755756 0.116902554346346 0.117087363931932 0.103858827991992 0.0842909525705706 0.117084242398398 0.116911659255255 0.0831979275735736 0.0742765516856857
0.112826903037037 0.114513350578579 0.111266893585586 0.100370189721722 0.0628717209229229 0.0579481348228228 0.0609684695175175 0.0619779316216216 0.109765918700701 0.0902061878158158 0.0775970666626627 0.100113890012012 0.0823416729029029 NA NA 0.890882882882883 0.116585934520521 0.114023666756757 0.11326323847047 0.0783953818098098 0.0522495469329329 0.113427173643644 0.113712229217217 0.0803005195555556 0.0498599466926927 0.115090293975976 0.263365672474474 0.0798336345785786 0.0514334367467467 0.115210034988989 0.111215906968969 0.08022658004004 0.051923660988989
0.124679212690691 0.126315643803804 0.121185419133133 0.122222975905906 0.105834510820821 0.107217837795796 0.107078354962963 0.105812810284284 0.127305979051051 0.122716079327327 0.11787672396997 0.11744882792993 0.120931209443443 NA NA 0.885465465465465 0.138379177477477 0.129469755553554 0.1283904001001 0.117439160788789 0.114857667513514 0.129169527259259 0.126475419011011 0.120038420432432 0.116568971221221 0.129066132288288 0.128361119905906 0.123875336676677 0.122845560564565 0.129485789091091 0.129807329487487 0.125038544186186 0.122927822610611
0.314440457209209 0.315022582196196 0.215715983511511 0.256868535301301 0.0768580527647648 0.0767407766246246 0.0769310171091091 0.0767063658858859 0.296711061023023 0.304362822868869 0.245630968066066 0.235269770928929 0.238542366992993 NA NA 0.895245245245245 0.341589141561562 0.315901903325325 0.314995803125125 0.110346761705706 0.0944967463483483 0.314734971707708 0.314218177279279 0.14409955206006 0.0996378853453453 0.315255696182182 0.308025486264264 0.313438488568569 0.258584518554555 0.314778686398398 0.315302242458458 0.2202473341001 0.268412557683684
0.0606270518578579 0.0603689246106106 0.0595309405965966 0.058697531039039 0.0444068821501502 0.0443180942802803 0.0451796916636637 0.0440352138978979 0.0591478963283283 0.0581668643003003 0.0590966537557558 0.0592010973713714 0.0590174257377377 NA NA 0.894980980980981 0.345586429961962 0.0603671578798799 0.201451733717718 0.0583201714974975 0.0547357491691692 0.0609243946986987 0.0600034410590591 0.0589158946106106 0.0582369590790791 0.0871150145385385 0.0601753394914915 0.058773971977978 0.0588372782942943 0.0607191904704705 0.0611773146786787 0.0587576659259259 0.0579725494814815
0.160193331385385 0.159738102570571 0.149499653853854 0.154345947185185 0.0844575155455456 0.0838619992272272 0.0865249660620621 0.0879808769489489 0.160520034706707 0.156128541833834 0.149841483319319 0.154296392438438 0.14917218439039 NA NA 0.897701701701702 0.410658547625626 0.160239443469469 0.159270499451451 0.150219359923924 0.140861481023023 0.16162820351952 0.159082330024024 0.15592217991992 0.153659447317317 0.160861277943944 0.161058968032032 0.158584353801802 0.155523506042042 0.160258309197197 0.160061368642643 0.161152781103103 0.15293922754955
0.741381647837838 0.41247524387988 0.499291040168168 0.400801137371371 0.0838907027847848 0.0842602170610611 0.0839146312312312 0.0831948661641642 0.702839374830831 0.658852290868869 0.342110646968969 0.394286244936937 0.48398540213013 NA NA 0.890408408408408 0.58029495987988 0.741381452458458 0.505359449833834 0.386466661095095 0.183083350728729 0.741381477797798 0.439017860372372 0.282071133531532 0.542524035495496 0.74138154186987 0.741381544102102 0.652803881947948 0.397088141183183 0.741378064164164 0.741381531681682 0.713118801791792 0.599148085123123
0.104499398702703 0.100178908832833 0.0976229350790791 0.0961470645345345 0.0727705377977978 0.0728577699419419 0.0729793206486486 0.0728355555615616 0.0984050456496497 0.104031651953954 0.0978711751131131 0.0948845427307307 0.0981395903763764 NA NA 0.890720720720721 0.171960999785786 0.17857088163964 0.102628915337337 0.0903025447847848 0.0928595435735736 0.178630010964965 0.10352789829029 0.0907476617057057 0.0935886269289289 0.101850167825826 0.16683567987988 0.1005284924004 0.0986828041021021 0.100109667065065 0.101087989791792 0.0954983097077077 0.0979474655455455
0.0958446187147147 0.0948551973873874 0.0941451185625626 0.0937741682582583 0.0742878526186186 0.0741186033993994 0.0746873072292292 0.0746432126346346 0.0933806152992993 0.0940051148968969 0.0936036216636637 0.0934540662862863 0.0929688185565566 NA NA 0.89229029029029 0.164511752780781 0.0954732661121121 0.0936161165525525 0.0921950020600601 0.090629989963964 0.0935991724004004 0.093377325033033 0.0928189641661662 0.0904201996616617 0.0961421133033033 0.0955936107327327 0.0930052128108108 0.0934727099519519 0.0950923508928929 0.0948849498998999 0.0946654544484485 0.0907872017557558
0.196484817355355 0.120966565997998 0.108216552520521 0.101398101147147 0.0555786737417417 0.055689615983984 0.0546780531591592 0.0552727124424424 0.111096648766767 0.105389758896897 0.106812827179179 0.0885736417117117 0.0916686258078078 NA NA 0.888072072072072 0.127573108846847 0.196572146498498 0.123527477453453 0.082764012980981 0.0682043197577578 0.196668700982983 0.110545790296296 0.102483515723724 0.0720212073293293 0.165516182306306 0.196214636142142 0.0947192286126126 0.111176221345345 0.196387763827828 0.196574856256256 0.130601157993994 0.0851767822042042
0.303109551117117 0.303404292640641 0.252061902346346 0.26447983013013 0.0742142413313313 0.0746102923043043 0.0744882454754755 0.0746456350950951 0.293097613685686 0.298585889397397 0.221113157723724 0.240317083255255 0.237975466888889 NA NA 0.893103103103103 0.255791704116116 0.303081256144144 0.302892849513514 0.133693624406406 0.0919203478958959 0.30324212044044 0.303130430836837 0.136113341617618 0.141840616496497 0.303001157987988 0.30318949429029 0.298373668868869 0.229706806168168 0.30322683826026 0.303189499325325 0.289993970696697 0.277673314324324
0.165667976638639 0.139487459533534 0.151001285523524 0.140498231517518 0.078696106016016 0.0750552340980981 0.0777437321401401 0.0808997699339339 0.144027045797798 0.139402390862863 0.144027768606607 0.142782336338338 0.135779428246246 NA NA 0.897757757757758 0.153542281943944 0.167477907391391 0.167004366812813 0.116291148458458 0.114351874158158 0.168473103289289 0.167907554208208 0.132880175705706 0.132440965805806 0.167706636880881 0.168188964804805 0.159217792880881 0.147876071379379 0.167788999091091 0.167546196576577 0.167021079125125 0.145238858844845
