"U_1_Gam_alpha2F" "U_2_Gam_alpha2F" "U_5_Gam_alpha2F" "U_10_Gam_alpha2F" "U_1_Gam_alpha1F" "U_2_Gam_alpha1F" "U_5_Gam_alpha1F" "U_10_Gam_alpha1F" "U_1_Gam" "U_2_Gam" "U_5_Gam" "U_10_Gam" "Sylvia_Sparse" "FM_RevJump" "MBC" "DPM" "FM_Raffaele" "U_1_PC_alpha2F_01" "U_2_PC_alpha2F_01" "U_5_PC_alpha2F_01" "U_10_PC_alpha2F_01" "U_1_Gam_ProbKp_01" "U_2_Gam_ProbKp_01" "U_5_Gam_ProbKp_01" "U_10_Gam_ProbKp_01" "U_1_PC_alpha2F_09" "U_2_PC_alpha2F_09" "U_5_PC_alpha2F_09" "U_10_PC_alpha2F_09" "U_1_Gam_ProbKp_09" "U_2_Gam_ProbKp_09" "U_5_Gam_ProbKp_09" "U_10_Gam_ProbKp_09"
0.441326691515152 0.408593902020202 0.252024217777778 0.209806017575758 0.0669845696969697 0.0667161105050505 0.066593996969697 0.0666841107070707 0.316100654747475 0.300573966262626 0.184649471515152 0.202606366262626 0.193234247272727 NA NA 0.230114137373737 0.292949086868687 0.442742183838384 0.442741873939394 0.113479025656566 0.0682878963636364 0.442897381818182 0.4430256 0.113059155353535 0.0664336896969697 0.443007886666667 0.441864245050505 0.179874066666667 0.188128801010101 0.44221260040404 0.394568062222222 0.117928588686869 0.15617528
0.524500542222222 0.332410288484848 0.293596146464646 0.282192442020202 0.0899499842424242 0.0875803006060606 0.0916190717171717 0.0904414874747475 0.325533575151515 0.330760361414141 0.291684025454545 0.273002285050505 0.283913238181818 NA NA 0.254794743838384 0.238738901818182 0.524580496969697 0.324517758989899 0.13429568969697 0.105201865858586 0.524720572121212 0.52207361959596 0.131471164040404 0.0935413090909091 0.524611502020202 0.358438931919192 0.236280906060606 0.283734985252525 0.524539878585859 0.327405358181818 0.113840461414141 0.271733853737374
0.495453861010101 0.498377020606061 0.286622782020202 0.226484164848485 0.0656553373737374 0.0648349917171717 0.0634017103030303 0.0627282743434343 0.432685845454545 0.379011426262626 0.256267756565657 0.230406687070707 0.244825074141414 NA NA 0.242367857373737 0.217464411313131 0.497816168686869 0.493210641616162 0.0910873872727273 0.0581221486868687 0.492445056767677 0.490813923030303 0.0915028414141414 0.0592996193939394 0.497526927474747 0.493423854949495 0.145152606464646 0.200468654545455 0.495444202222222 0.490622098989899 0.0850626628282828 0.156108347070707
0.532930658989899 0.546840139191919 0.364010746060606 0.309957435757576 0.0877683660606061 0.0844021739393939 0.0972050264646465 0.0898586648484849 0.43735789030303 0.382118163434343 0.316145658787879 0.295264997171717 0.299416765454545 NA NA 0.15808093030303 0.337742648282828 0.541963424040404 0.52568302040404 0.194282795555556 0.109474718989899 0.538302642828283 0.506848265050505 0.183760019191919 0.082994844040404 0.530702252929293 0.528471313535353 0.277852075555556 0.279552578383838 0.536927132929293 0.514015468282828 0.261434468484848 0.261281909090909
0.892929292929293 0.380550417777778 0.207490583838384 0.203824320606061 0.0771928561616162 0.0774529624242424 0.0771158913131313 0.0799589804040404 0.245611678181818 0.221414560606061 0.204327769292929 0.199535203434343 0.203830114949495 NA NA 0.273419192929293 0.29341858969697 0.892929292929293 0.382403351919192 0.127599303434343 0.0859585717171717 0.892929292929293 0.373315786666667 0.117031176161616 0.0769133373737374 0.741829562626263 0.404803457777778 0.178143890707071 0.206619571919192 0.689025633131313 0.353899204848485 0.105402146666667 0.204900329292929
0.40438699010101 0.40404435050505 0.231441304040404 0.205498457575758 0.0778201084848485 0.077171943030303 0.0778976050505051 0.0771833145454545 0.286681848282828 0.286163191313131 0.204481796969697 0.187894914141414 0.181627141212121 NA NA 0.23950018040404 0.256485080808081 0.402378308686869 0.401405714747475 0.117080715353535 0.0794067012121212 0.403470590707071 0.395972597575758 0.112660677979798 0.0762800149494949 0.403904714141414 0.404691179393939 0.16914471010101 0.221526634141414 0.402063813939394 0.354123662828283 0.114236715353535 0.176668283838384
0.320409914343434 0.321841704848485 0.158051427474747 0.125525357979798 0.0679137688888889 0.0681551656565657 0.0681261541414141 0.0675223383838384 0.184254226666667 0.207631915353535 0.145006757373737 0.126311252525253 0.131456684040404 NA NA 0.189477467070707 0.213224777979798 0.324287492323232 0.319801677979798 0.104272341414141 0.0636480715151515 0.319739655959596 0.32352006040404 0.103251657373737 0.0649535131313131 0.321084385454545 0.323309454545455 0.112960841616162 0.0809038539393939 0.320876801414141 0.321346915555556 0.0893129454545454 0.0686464329292929
0.394306567070707 0.394375173131313 0.329326966868687 0.313256188484848 0.0814378846464646 0.0889324331313131 0.086879215959596 0.0902998543434343 0.37782649010101 0.37304153030303 0.322757535757576 0.299279152121212 0.290967470909091 NA NA 0.20611517979798 0.343944052323232 0.394016985050505 0.394332718989899 0.178299013333333 0.12500878040404 0.394241301414141 0.394292445050505 0.184949442222222 0.0833818533333333 0.393676560808081 0.393964632525253 0.359244053737374 0.337032450707071 0.39367885030303 0.394172569292929 0.323410246868687 0.35976692
0.259034103434343 0.249299781010101 0.209196565050505 0.192472367272727 0.0739372913131313 0.074488523030303 0.073946463030303 0.0752692121212121 0.221590707272727 0.225367748080808 0.197137949090909 0.188324073333333 0.191341980808081 NA NA 0.215766693333333 0.182935649292929 0.249152387878788 0.248577744444444 0.117190652121212 0.0834922121212121 0.249498563434343 0.25021115010101 0.114840504646465 0.0752292535353535 0.248292696363636 0.249474281818182 0.15897403979798 0.197313473939394 0.248181513131313 0.250192872929293 0.0991528282828283 0.182512998989899
0.374756781616162 0.769833656565657 0.281319268282828 0.242635621414141 0.0798324082828283 0.0798720474747475 0.0796981355555556 0.0787888480808081 0.337921936565657 0.300451805252525 0.255577503838384 0.239668315959596 0.258852060606061 NA NA 0.157786947070707 0.211240477979798 0.348526391515152 0.34064844 0.143515158585859 0.0761379450505051 0.360937496565657 0.354500860808081 0.133111167070707 0.0748484860606061 0.363963107878788 0.336563904040404 0.201752395151515 0.248532058181818 0.51278255030303 0.349667858585859 0.17799159959596 0.208260897979798
0.323762865858586 0.321832318787879 0.260458522020202 0.240648152525253 0.078225022020202 0.0788843331313131 0.0815665612121212 0.0843636119191919 0.287436390707071 0.26271307979798 0.238142043030303 0.233728082222222 0.235381255757576 NA NA 0.201638874343434 0.203885973535354 0.324012466868687 0.323585014141414 0.174427477373737 0.0888165424242424 0.324118610707071 0.323273368080808 0.174631331515152 0.0795104048484848 0.322058958383838 0.323937433737374 0.218122362424242 0.21493542969697 0.323222151919192 0.323166348484848 0.201412158383838 0.185473561818182
0.371391612929293 0.349858841212121 0.240087570909091 0.23148169959596 0.0800166678787879 0.0795738353535353 0.0796718202020202 0.0788644292929293 0.311946698383838 0.297959752323232 0.224961191515152 0.21695272989899 0.21640919959596 NA NA 0.254207154949495 0.201352757777778 0.349833146666667 0.348830283434343 0.114383497171717 0.0784723529292929 0.351436844848485 0.339324824040404 0.113987981212121 0.0785685418181818 0.346312868484848 0.346858577575758 0.237402697171717 0.262354767474747 0.89010101010101 0.339314820808081 0.20232409030303 0.306396874343434
0.672933243434343 0.260027522020202 0.16250812989899 0.149923303232323 0.0651294034343434 0.0643868468686869 0.0663316185858586 0.0650164494949495 0.161581365252525 0.159779571919192 0.151641667474747 0.147303428080808 0.14867130040404 NA NA 0.172779417575758 0.222161334343434 0.672433365050505 0.259396813535354 0.112445154747475 0.0690286872727273 0.260382286666667 0.260008962222222 0.108630536161616 0.0622384472727273 0.672068242222222 0.67299494949495 0.12501505030303 0.141523046262626 0.329985034949495 0.259975974545455 0.106739621010101 0.137401116767677
0.389722181212121 0.388597196767677 0.145861573939394 0.128703659393939 0.0642385034343434 0.0645925157575758 0.063899122020202 0.0639132072727273 0.16167156040404 0.154316681010101 0.134103358181818 0.123108837373737 0.127720984848485 NA NA 0.19681703959596 0.271301473939394 0.389029103838384 0.388505927070707 0.108219449090909 0.0642507454545455 0.38922607010101 0.389208556767677 0.107276705656566 0.0644410254545455 0.388462682020202 0.387873090909091 0.120289545454545 0.105793767676768 0.389278492929293 0.389169629090909 0.0909546937373737 0.0933940119191919
0.395629255151515 0.396293589494949 0.367697884646465 0.325658344646465 0.079580477979798 0.0871286305050505 0.0918502474747475 0.083815463030303 0.371974170707071 0.343828538383838 0.299184967676768 0.300188066868687 0.305150098181818 NA NA 0.124603240606061 0.214584397373737 0.396030437777778 0.396082901010101 0.185156966262626 0.106752635555556 0.393522971717172 0.39571699030303 0.189379472525253 0.0710841747474747 0.395896717575758 0.395056012323232 0.259159142828283 0.288308253939394 0.39659681959596 0.395615625656566 0.22730344020202 0.262338071515151
0.290332265050505 0.29058576020202 0.169975942424242 0.15477686969697 0.0908455264646465 0.0910110563636364 0.0912804668686869 0.0918264898989899 0.215343706262626 0.22329009010101 0.155065041212121 0.151788812727273 0.150752837979798 NA NA 0.165312198383838 0.317616425858586 0.28951229010101 0.289489418989899 0.121406516565657 0.0886816561616162 0.289901497777778 0.369697834141414 0.118756147474747 0.08927106 0.291378105858586 0.289271593737374 0.129642834141414 0.144189218585859 0.289972422424242 0.288788097373737 0.117290653939394 0.124267415757576
0.465818014545455 0.425140911515151 0.137948117979798 0.124562574343434 0.0666159006060606 0.0670385824242424 0.0662813034343434 0.0659649395959596 0.147893676161616 0.14619539010101 0.12596771959596 0.118639649494949 0.119080558383838 NA NA 0.179043322222222 0.183502378585859 0.429278827878788 0.422597717171717 0.0960354090909091 0.0617383173737374 0.426272416767677 0.421843114949495 0.0982722802020202 0.0619707834343434 0.891717171717172 0.210887986868687 0.108028755151515 0.0804973153535354 0.425220866262626 0.420789801212121 0.0970211327272727 0.0746068898989899
0.627418336767677 0.627314024040404 0.418693577979798 0.387462582020202 0.089188774949495 0.0899548486868687 0.0909489698989899 0.0904143228282828 0.537943593333333 0.58626022969697 0.38301777010101 0.376691325050505 0.406103941212121 NA NA 0.255234087474747 0.388886298181818 0.627216091515152 0.627210972121212 0.153088615959596 0.11102931979798 0.627461838383838 0.627068621414141 0.150794452929293 0.0878153218181818 0.626338826868687 0.622700331919192 0.522565387070707 0.44753871979798 0.627533435757576 0.627611833939394 0.267489288686869 0.394633601818182
0.604754675555556 0.604228538989899 0.437193398181818 0.38591100040404 0.090456138989899 0.0900316111111111 0.0897797418181818 0.0909635442424242 0.494450551717172 0.542530011313131 0.386470712727273 0.393419491111111 0.396693393737374 NA NA 0.284159597171717 0.343633027878788 0.605016623838384 0.60443314989899 0.151708801616162 0.112217938181818 0.604260582424242 0.600171844040404 0.152665106666667 0.0868124638383838 0.604045343636364 0.557389263434343 0.492411231919192 0.47456516020202 0.604402844444444 0.602647414949495 0.358023145252525 0.496240082020202
0.374298953939394 0.374169100808081 0.162949591919192 0.131213324242424 0.0457690107070707 0.0455803864646465 0.0453399004040404 0.0455528414141414 0.16565506020202 0.137263232525253 0.139986868888889 0.125005933131313 0.107700207272727 NA NA 0.134414011111111 0.156457326060606 0.234582592727273 0.230728917373737 0.108244368888889 0.0437181773737374 0.225414683434343 0.233763487676768 0.105977257777778 0.0423996288888889 0.232063361212121 0.217923275959596 0.110328437979798 0.0841524317171717 0.253813042020202 0.232756902020202 0.100566343232323 0.0743046808080808
0.386169502222222 0.386496357777778 0.305846078787879 0.289314015555556 0.0866947733333333 0.0860079858585859 0.0865679971717172 0.0866994434343434 0.359334585454545 0.375640836161616 0.277736701010101 0.285939535959596 0.292034886262626 NA NA 0.267408285454545 0.270354273333333 0.388734185050505 0.386662863030303 0.135074564040404 0.0966714777777778 0.38548424969697 0.385671029292929 0.140228545252525 0.0865329860606061 0.386218372525253 0.385143481616162 0.323720116969697 0.33409345959596 0.389102275353535 0.38551309959596 0.122254163636364 0.315340312929293
0.278657612727273 0.278512892727273 0.191134127474747 0.180080847474747 0.064963943030303 0.0648311244444444 0.0655208494949495 0.0656063915151515 0.244716274141414 0.228901073535354 0.18137716040404 0.174741270707071 0.169222928484848 NA NA 0.171189462020202 0.179804535353535 0.278517965050505 0.278738226060606 0.112957686666667 0.065888662020202 0.278634641414141 0.278678501212121 0.108815442020202 0.06648476 0.278755047676768 0.278477047474747 0.134806553333333 0.158102933333333 0.270674412323232 0.278525010505051 0.106315293131313 0.125540902222222
0.583552406262626 0.582192856565657 0.417998835555556 0.45714687010101 0.0930764771717172 0.0931709636363636 0.0934592357575758 0.0956511709090909 0.556594705858586 0.55679276989899 0.44319657030303 0.413760408484848 0.43853404 NA NA 0.340221081818182 0.33191436969697 0.582716765858586 0.582072951111111 0.156336587070707 0.155232413131313 0.580369254747475 0.57517162 0.164156585858586 0.0963758658585859 0.58188397979798 0.579351792121212 0.535337315555556 0.489431228484848 0.623785287272727 0.888853353333333 0.433185482424242 0.527642550909091
0.691604831313131 0.692065223434343 0.176448235353535 0.152308041010101 0.0673618662626263 0.0670349573737374 0.0668037373737374 0.0664604751515152 0.17473537979798 0.178971632323232 0.161633803838384 0.149310195353535 0.14294726989899 NA NA 0.160646607070707 0.142437552525253 0.692110568888889 0.691610445858586 0.135553986868687 0.0648104383838384 0.692110595555556 0.692043297777778 0.130775338787879 0.0654523951515152 0.680099396969697 0.463709347272727 0.146352201212121 0.100642456565657 0.691847311111111 0.334645796565657 0.131341576161616 0.0701979365656566
0.321131694343434 0.320631822828283 0.257209532525253 0.253966752929293 0.0852274678787879 0.086982997979798 0.0894803898989899 0.0897991636363636 0.30409776 0.296638932121212 0.252661418181818 0.23971837030303 0.242386641616162 NA NA 0.170970841212121 0.216898443434343 0.321030085252525 0.321052127474747 0.159739572121212 0.135261538989899 0.320423975151515 0.320843261616162 0.170206061616162 0.0861002309090909 0.320582033939394 0.320825063838384 0.226733961818182 0.244858037979798 0.320400591111111 0.307910871919192 0.185190414747475 0.244566085050505
0.558611720606061 0.558693848484848 0.279741458989899 0.278418035555556 0.0837562397979798 0.0836876551515151 0.0837984321212121 0.082520243030303 0.438774912727273 0.416521876767677 0.24612570989899 0.257918830909091 0.263467778989899 NA NA 0.191953833333333 0.356431385858586 0.558719700808081 0.558819818989899 0.114149816565657 0.0814786058585859 0.558856058787879 0.55884034989899 0.10662857010101 0.0811243404040404 0.558788484646465 0.479068490909091 0.184735888686869 0.392070731515152 0.558842108080808 0.558420808484849 0.195143481010101 0.343621049090909
0.401752301414141 0.405007592727273 0.280441412525253 0.272471105050505 0.08863818 0.081377461010101 0.084363061010101 0.0807793953535354 0.354963670505051 0.309074058585859 0.281261697171717 0.27981826969697 0.267618525858586 NA NA 0.314507109494949 0.303002897979798 0.411491230707071 0.411905104646465 0.134977891919192 0.151092362828283 0.410719995353535 0.404449468282828 0.133996007474747 0.0778362567676768 0.409620365858586 0.40792563959596 0.319870667676768 0.317129241414141 0.408401769494949 0.402135734747475 0.250407025454545 0.318364417777778
0.218844554949495 0.212865515757576 0.217122348888889 0.204502330909091 0.0653018208080808 0.0658552511111111 0.0694661248484848 0.0742042701010101 0.215638218181818 0.215831414545455 0.205047954141414 0.199834749292929 0.199546092323232 NA NA 0.153584467878788 0.150624925252525 0.215055968888889 0.212951226666667 0.137314369494949 0.0943023424242424 0.21510122020202 0.22671171959596 0.139872843030303 0.0634877517171717 0.212720759191919 0.220215658181818 0.166594318989899 0.186683533131313 0.215015050909091 0.213768236565657 0.124964364646465 0.177018074343434
0.885656565656566 0.502845324242424 0.156809133131313 0.114497705050505 0.0703407937373737 0.0700009894949495 0.0687993501010101 0.0691595111111111 0.17998533010101 0.183239863838384 0.137521033535354 0.119302517373737 0.116855128080808 NA NA 0.175018084444444 0.181057574949495 0.883930255959596 0.484466964040404 0.0969488260606061 0.0639733274747475 0.838328293333333 0.462960235555556 0.0961633680808081 0.0639559985858586 0.885656565656566 0.850967860808081 0.102771275151515 0.0743389256565657 0.869792789292929 0.512743409292929 0.0965039672727273 0.0647989143434343
0.494613648282828 0.495854003030303 0.331781135353535 0.279677803434343 0.0704756711111111 0.0706728870707071 0.0700040593939394 0.0699201016161616 0.436538391717172 0.385949624444444 0.33099648020202 0.300581928888889 0.283316311313131 NA NA 0.185393954949495 0.259074389494949 0.499136795757576 0.487169230505051 0.131268467272727 0.0692708888888889 0.501069287878788 0.486365625454545 0.134405651919192 0.0678698793939394 0.500452173131313 0.49275699959596 0.209615788686869 0.252763992929293 0.496086867676768 0.487223885858586 0.139004546666667 0.13187436989899
0.248455527474747 0.248210673535354 0.21580534949495 0.20183626969697 0.0723507282828283 0.0732740696969697 0.0734569311111111 0.0781193448484848 0.232674354343434 0.226332398383838 0.204177390707071 0.195354300808081 0.201509963232323 NA NA 0.170623785252525 0.165552445252525 0.248301048686869 0.248031515353535 0.131802042222222 0.0866965290909091 0.248968805858586 0.247692115757576 0.127533645252525 0.0752042056565657 0.248555163232323 0.248793808686869 0.179226030707071 0.189001912121212 0.24860587979798 0.248577912929293 0.13295347030303 0.192723523636364
0.324424337575758 0.22693383030303 0.195950276969697 0.178116315959596 0.111724696969697 0.100294255555556 0.108637513535354 0.10696120040404 0.201069485454545 0.198367765454545 0.176915092121212 0.17066502040404 0.170769037575758 NA NA 0.173708691111111 0.139197094747475 0.230495911111111 0.23008801030303 0.163728622020202 0.120506108080808 0.323872328080808 0.226376070707071 0.162795082828283 0.0988512262626263 0.23086318969697 0.227010643030303 0.175498154545455 0.159794271919192 0.230131145252525 0.227943117777778 0.161215618787879 0.158069727878788
0.374781263030303 0.375036971919192 0.146657518989899 0.136184830909091 0.0617171353535354 0.0620840662626263 0.0608098575757576 0.0605251650505051 0.156724676161616 0.163439436969697 0.138178816767677 0.131328726666667 0.131210757373737 NA NA 0.213898292323232 0.185185298585859 0.364393253939394 0.342768261010101 0.103474705656566 0.057666122020202 0.379147224242424 0.372563896565657 0.0948666412121212 0.0582013202020202 0.894510727070707 0.232136493535354 0.115152026262626 0.109819947878788 0.361621325050505 0.37272869010101 0.0884094856565657 0.0842853343434343
0.652737323636364 0.653796708484848 0.276972203030303 0.208051888888889 0.074055637979798 0.0739125143434343 0.0732382226262626 0.0725036371717172 0.313441871515152 0.30857135959596 0.22479956020202 0.182572117575758 0.18400703030303 NA NA 0.148352081616162 0.137904789090909 0.65382937030303 0.653931850505051 0.123903037575758 0.0701129492929293 0.653377125454546 0.653562518787879 0.119549827878788 0.0703553317171717 0.646983020606061 0.653387620606061 0.145161020606061 0.0990281036363636 0.736059879393939 0.465875674141414 0.145073854545455 0.0891453648484848
0.882424242424242 0.611260894545455 0.224282945858586 0.202445623838384 0.0781517888888889 0.077695124040404 0.0780448048484848 0.0780100676767677 0.291249861414141 0.248393012323232 0.206848918787879 0.190812867474747 0.187993721414141 NA NA 0.240602517575758 0.197180186060606 0.667647708282828 0.657450045252525 0.108644457171717 0.0770432719191919 0.882424242424242 0.627418395757576 0.104661458383838 0.0756979062626263 0.663334161414141 0.630691027676768 0.135904012323232 0.202556127878788 0.634003173737374 0.662030193939394 0.0942040886868687 0.18509312989899
0.409643231313131 0.410501613737374 0.244382692525253 0.205619423434343 0.0648161793939394 0.0646576660606061 0.0640265216161616 0.0639108793939394 0.312564861414141 0.304024715959596 0.211793093535354 0.203388058383838 0.213082641818182 NA NA 0.231218359393939 0.270067238989899 0.409202988282828 0.410948655959596 0.113838606464646 0.0634093032323232 0.41004108020202 0.409597241818182 0.118897699393939 0.0627021925252525 0.404551558181818 0.41023688 0.221579784040404 0.195097918989899 0.410205024444444 0.410224706060606 0.125072542424242 0.19327178020202
0.895555555555556 0.304601387676768 0.271686458585859 0.271182553737374 0.0849979214141414 0.0839629593939394 0.0858773553535354 0.0867113131313131 0.301197701818182 0.298939448686869 0.255423131919192 0.248154159191919 0.264642875555556 NA NA 0.311072053333333 0.437219573737374 0.895555555555556 0.306697502020202 0.147878335757576 0.139379198181818 0.895555555555556 0.30345999030303 0.130798474949495 0.0841772329292929 0.895555555555556 0.304940672323232 0.291839411111111 0.304011194343434 0.895555555555556 0.301354125252525 0.263374706666667 0.293148807676768
0.264140363232323 0.264736188282828 0.186264976969697 0.177097778181818 0.0661938325252525 0.069422616969697 0.0676669694949495 0.0688881597979798 0.214052056363636 0.204850487272727 0.172454494141414 0.164135049090909 0.163774815151515 NA NA 0.161912538181818 0.255901867676768 0.255894901212121 0.264650207878788 0.128872646868687 0.07296792 0.264638401010101 0.264338944040404 0.121341132929293 0.0689935096969697 0.264754095151515 0.26481328 0.139999240808081 0.15447899010101 0.264519975757576 0.264758357171717 0.131529965252525 0.133141368080808
0.873295524848485 0.586859052525253 0.34066572020202 0.3026976 0.0792184458585859 0.0792490874747475 0.0786699347474747 0.0793965480808081 0.473069476969697 0.428647483030303 0.313952403838384 0.298976931111111 0.328683574343434 NA NA 0.254379648282828 0.233284593939394 0.894141414141414 0.512676876363636 0.141751877575758 0.0770967232323232 0.623719013333333 0.438363213737374 0.133327668686869 0.0768601860606061 0.733561878585859 0.583000290909091 0.371007903232323 0.29246274989899 0.894141414141414 0.431978576767677 0.221154728686869 0.283939237171717
0.639080915151515 0.627344597373737 0.173538717979798 0.161678571313131 0.0797519866666667 0.0797791606060606 0.0802877339393939 0.0800876565656566 0.188203887676768 0.174144463838384 0.168240206060606 0.15178876 0.15859992989899 NA NA 0.164363895757576 0.146396533535354 0.639490572121212 0.639186694141414 0.126637701414141 0.0742767137373737 0.634734007272727 0.639085060808081 0.125297492727273 0.0746362949494949 0.610037754949495 0.619613648282828 0.136169445858586 0.122276244242424 0.639557276969697 0.639206994747475 0.124614210707071 0.09749192
0.902626262626263 0.718590968888889 0.260443445252525 0.244885230707071 0.0653677442424242 0.0654860921212121 0.0677914705050505 0.0677463931313131 0.260398568888889 0.27360738989899 0.256542109090909 0.226561370505051 0.235440693939394 NA NA 0.195139508282828 0.176936477373737 0.718242167474747 0.718199161818182 0.154947978585859 0.0764932282828283 0.717683418787879 0.573684046868687 0.13862149979798 0.065132944040404 0.718920076565657 0.295013228888889 0.196535408686869 0.202364898181818 0.717325702424242 0.718043844646465 0.0962552614141414 0.172723805858586
0.336737413737374 0.341282839191919 0.319834472323232 0.312570496767677 0.115804561414141 0.102585453333333 0.107374848282828 0.109694430505051 0.333687192121212 0.331296215757576 0.317257815555556 0.31517208969697 0.312092332525253 NA NA 0.260373066868687 0.336450926666667 0.341046431515152 0.34188074989899 0.228847755757576 0.218154618585859 0.340776964646465 0.340047381010101 0.210637742222222 0.0979383280808081 0.341472846868687 0.339977073939394 0.319033971111111 0.317345420808081 0.341705852727273 0.341200658383838 0.300149088282828 0.316518475959596
0.419549161010101 0.219645023434343 0.179252832323232 0.170794606262626 0.0744033896969697 0.0757306258585859 0.0764120428282828 0.0787013014141414 0.205710336565657 0.186729061414141 0.164119284444444 0.166585825858586 0.159189450909091 NA NA 0.255555676767677 0.189016524848485 0.420722058787879 0.217631636363636 0.12033438969697 0.0865903581818182 0.420726672323232 0.21799480969697 0.117987753131313 0.0786561357575758 0.245327686262626 0.418871937575758 0.139657634949495 0.156887252323232 0.305520876767677 0.219251272121212 0.112959493737374 0.150042601414141
0.430067882020202 0.421164078181818 0.24044434020202 0.243957385252525 0.0733539543434343 0.0733224571717172 0.0728449654545455 0.0724516486868687 0.362710671717172 0.38031567050505 0.240102484848485 0.260621453939394 0.269415615959596 NA NA 0.24340727010101 0.254822615959596 0.419766695353535 0.412956769292929 0.113200138383838 0.0714051664646465 0.424971829292929 0.418095627878788 0.105559312929293 0.0715127680808081 0.420628819191919 0.421117868282828 0.196889035555556 0.302428746666667 0.422817703434343 0.386583911717172 0.120600866868687 0.244191621616162
0.445793492525253 0.447903654747475 0.202921557171717 0.174532279191919 0.0599021923232323 0.0600265537373737 0.0603305448484849 0.0600756834343434 0.247759431919192 0.290832511111111 0.206129627474747 0.166781829090909 0.178555535151515 NA NA 0.20128635010101 0.305464555151515 0.448020133939394 0.448005587070707 0.106258702828283 0.0578735442424242 0.447961724444444 0.448292562222222 0.0982439482828283 0.0585981725252525 0.447984328686869 0.448130529090909 0.125547839191919 0.129441848484848 0.448441412323232 0.448334965454545 0.0856536927272727 0.0932849204040404
0.321837380808081 0.343427960808081 0.27454289979798 0.257510166666667 0.0792709408080808 0.0766804290909091 0.076559084040404 0.0786617244444444 0.320673495555556 0.295654195151515 0.257788087676768 0.246962394545455 0.261287224848485 NA NA 0.242970874747475 0.237783710909091 0.345709073333333 0.579382988282828 0.129593608888889 0.08433454 0.894747474747475 0.347882347070707 0.11764979959596 0.0767184060606061 0.628940035959596 0.672530335151515 0.22869093010101 0.261877640606061 0.88877370020202 0.329033555757576 0.141590909494949 0.0761001315151515
0.285695143434343 0.282601310909091 0.263256949090909 0.245773579393939 0.0798142864646465 0.0775582062626263 0.079505057979798 0.0781355456565657 0.272004744444444 0.263450276969697 0.240066142424242 0.233014372121212 0.23453390040404 NA NA 0.218928075959596 0.222874181616162 0.283816775757576 0.285627178989899 0.150512224242424 0.0926480327272727 0.283495543636364 0.28102843030303 0.137086725858586 0.078032694949495 0.282562718585859 0.280974311515152 0.208335358383838 0.243012678181818 0.284182050505051 0.285558343636364 0.109775588484848 0.23782456020202
0.294476274343434 0.294983542222222 0.235043685252525 0.212039775757576 0.0707774634343434 0.0706795068686869 0.0709730638383838 0.0708918454545455 0.240544007878788 0.233706619393939 0.218716028686869 0.20577553010101 0.200492419393939 NA NA 0.106657309494949 0.201562733131313 0.293960957575758 0.293295900606061 0.129885554141414 0.0672985246464646 0.294285221818182 0.29302390020202 0.135787100808081 0.0682956852525253 0.291256816969697 0.276081797777778 0.164068945050505 0.172086401414141 0.294541535757576 0.29418145010101 0.113132573939394 0.15259334969697
0.287957113333333 0.200908397979798 0.196379088888889 0.187646754343434 0.0814127804040404 0.0798949206060606 0.0856983939393939 0.0958275470707071 0.19637768969697 0.197900117373737 0.191381675555556 0.190953097575758 0.184083148686869 NA NA 0.151928142424242 0.321055356767677 0.248601983434343 0.199451332727273 0.152853951717172 0.125932457979798 0.287980897979798 0.200528594343434 0.149197372727273 0.0859745539393939 0.287965013737374 0.228692906262626 0.173974775959596 0.183564876161616 0.208601228080808 0.203583313939394 0.147576224242424 0.180900565252525
0.894712747272727 0.334788335959596 0.136934213333333 0.125589636767677 0.0667029032323232 0.0652730068686869 0.0650438870707071 0.0633826961616162 0.153394239393939 0.151404561414141 0.126411085252525 0.120535868484848 0.125993893333333 NA NA 0.23298978949495 0.187344164848485 0.894747474747475 0.333306192121212 0.0964269490909091 0.0631059545454545 0.73834972040404 0.318807483434343 0.093948476969697 0.0631738773737374 0.593362041818182 0.453332365858586 0.109255741414141 0.105942248080808 0.890603756565657 0.329367365656566 0.0893355892929293 0.115289894141414
0.167937704444444 0.218978628484848 0.165783300606061 0.161523995151515 0.0648787816161616 0.0660365644444444 0.0676535541414141 0.0724282042424242 0.164543470909091 0.166279216363636 0.15966980020202 0.160663717373737 0.15968584040404 NA NA 0.146437247676768 0.166627902626263 0.168271645454545 0.168260737575758 0.13443312969697 0.116911862424242 0.168372398181818 0.167827105656566 0.130081101818182 0.0685516917171717 0.21858482 0.168604628282828 0.15049246020202 0.15772946 0.168296074343434 0.168329971313131 0.12708887010101 0.155627583030303
0.227786472121212 0.228067893737374 0.177677581414141 0.157075712929293 0.0643689375757576 0.0644392236363636 0.0648991048484849 0.0642332397979798 0.193355195353535 0.190467737777778 0.167538252121212 0.157786138989899 0.15699338 NA NA 0.187251003838384 0.19737022 0.227824659393939 0.227824407070707 0.106459081616162 0.0660053436363636 0.22759342020202 0.228400888080808 0.101184897373737 0.0664710971717172 0.227140717575758 0.227204721010101 0.131787951919192 0.155674114747475 0.22845035010101 0.227872133737374 0.0933886137373737 0.122664461010101
0.27376597959596 0.273848316565657 0.129456684646465 0.111789741414141 0.0553712016161616 0.0534543072727273 0.0534592092929293 0.0525671666666667 0.132409057979798 0.156720153131313 0.116567170707071 0.108902967070707 0.109122367878788 NA NA 0.128473324848485 0.336012965050505 0.283848930707071 0.273894597777778 0.090325774949495 0.0505108466666667 0.273723187070707 0.273709001818182 0.0894394078787879 0.0503904971717172 0.273827464040404 0.273914241818182 0.0987666270707071 0.0896080775757576 0.273851441818182 0.273999868080808 0.0864226715151515 0.078640655959596
0.884040404040404 0.553520515555556 0.37459980040404 0.300745044242424 0.0824215812121212 0.0833405513131313 0.0831790311111111 0.0819747498989899 0.421893030707071 0.355162463636364 0.326036785858586 0.286976325050505 0.305068818181818 NA NA 0.221941443636364 0.194500343434343 0.856560721414141 0.567261254545455 0.129066974343434 0.0845791745454545 0.656737459393939 0.558961885656566 0.128777108888889 0.0823765648484849 0.74551088969697 0.569589724242424 0.28859390989899 0.277245064646465 0.884040404040404 0.566314242424242 0.181550311717172 0.232960105454545
0.356601105454545 0.359384272323232 0.149231213131313 0.131844284040404 0.0663643385858586 0.0654400395959596 0.0656522933333333 0.0656479204040404 0.161397891717172 0.143521037575758 0.143395919393939 0.130961212727273 0.127774205454545 NA NA 0.208140696363636 0.183812488484848 0.352346612727273 0.359949868080808 0.114133288484848 0.0638987656565657 0.360561314545455 0.355725295353535 0.110797045858586 0.0648733571717172 0.364503561616162 0.366728038383838 0.11945717979798 0.101656323030303 0.358884045656566 0.350066559191919 0.109424869494949 0.0701425682828283
0.886868686868687 0.304381152121212 0.194859484444444 0.187849034545455 0.0764710995959596 0.0768706036363636 0.0757984381818182 0.0772371618181818 0.213381282424242 0.199934944646465 0.187374582424242 0.181266813939394 0.183204262020202 NA NA 0.224091213333333 0.179100124242424 0.886868686868687 0.306069552323232 0.137562054747475 0.0768232545454546 0.886868686868687 0.311298642222222 0.127107462828283 0.0748162826262626 0.87428931959596 0.305624308686869 0.159551864444444 0.171505473333333 0.607676918787879 0.31590545010101 0.128509715959596 0.151419347676768
0.886591269494949 0.66661016 0.360021021010101 0.330795059393939 0.0894755052525252 0.0884469187878788 0.0910398509090909 0.101689927878788 0.369200593535354 0.368432152727273 0.334760714949495 0.337553889090909 0.343702460808081 NA NA 0.274413986060606 0.284265186060606 0.804216670707071 0.397816861010101 0.17867415030303 0.125058058585859 0.886868686868687 0.682173814949495 0.162149936363636 0.0893821476767677 0.873478957575758 0.751230751313131 0.330561213939394 0.360554659191919 0.886831131111111 0.397500751919192 0.245420814343434 0.337294691313131
0.387308386868687 0.231274335555556 0.140427604242424 0.131019927676768 0.0720025858585859 0.0723674585858586 0.0713796163636364 0.0724020311111111 0.146881876767677 0.134873025050505 0.131593811919192 0.126488233535354 0.126212553535354 NA NA 0.185375875353535 0.161981585656566 0.342133001616162 0.311020431313131 0.105342904242424 0.0717515466666667 0.344462542020202 0.303298194545455 0.105557524040404 0.0705136133333333 0.398856597777778 0.454971122424242 0.11355895979798 0.112732148686869 0.43931176969697 0.30613844989899 0.0876978218181818 0.0932544854545455
0.326548682020202 0.334753624242424 0.248376137171717 0.231611481212121 0.0877019602020202 0.086762696969697 0.0861753218181818 0.0915879165656566 0.305599211313131 0.275354338989899 0.244420487676768 0.234275926868687 0.23455594040404 NA NA 0.318524310505051 0.277549274747475 0.349070343232323 0.336974682828283 0.129140893333333 0.135248557979798 0.340740943838384 0.31873338 0.13582967959596 0.0834385442424243 0.339020724646465 0.326805744444444 0.288513077575758 0.257014675555556 0.341521365454545 0.321909416363636 0.261331152121212 0.289089509292929
0.890909090909091 0.636587817373737 0.42878012 0.396216466464646 0.077266415959596 0.0770042638383838 0.0772878618181818 0.0779583694949495 0.58173687030303 0.517497480808081 0.417044067474747 0.398785736969697 0.414611011313131 NA NA 0.276309385656566 0.264532521818182 0.637842009292929 0.638160222222222 0.141260684848485 0.0833908903030303 0.63803138969697 0.637689184444444 0.149957755959596 0.0748976939393939 0.638607285858586 0.637628400808081 0.487127174949495 0.431004988080808 0.639290006666667 0.635845612121212 0.420863879393939 0.508725273939394
0.896969696969697 0.35530476020202 0.13410597030303 0.122354647474747 0.0655529355555556 0.0656711848484848 0.0661374711111111 0.0658126593939394 0.142682642828283 0.146570986868687 0.123226664444444 0.116993367070707 0.116974769090909 NA NA 0.213528534343434 0.173709608282828 0.896969696969697 0.33110677979798 0.101998386666667 0.0645490341414141 0.631016406262626 0.326824797373737 0.101679300606061 0.0651549678787879 0.896969696969697 0.344709080808081 0.106589958787879 0.0791211143434343 0.559193944040404 0.330336402424242 0.0963921470707071 0.0680115284848485
0.321831351717172 0.322371691111111 0.193355241818182 0.173545746868687 0.0678652076767677 0.0671904214141414 0.0689058086868687 0.0700875094949495 0.229207247676768 0.251865930909091 0.190486095151515 0.169927723030303 0.166007468484848 NA NA 0.144944188888889 0.166631921818182 0.322056158181818 0.32177448969697 0.125311695959596 0.0701938711111111 0.322517004040404 0.322422170505051 0.128013761212121 0.0687223709090909 0.322177083232323 0.321895002626263 0.151174780808081 0.16513364040404 0.322353755151515 0.323299352727273 0.137279212121212 0.130951668282828
0.387341018585859 0.387171686262626 0.15555438020202 0.143998004444444 0.0683749290909091 0.0671396822222222 0.0667705527272727 0.0667898539393939 0.236550355555556 0.197502783434343 0.156179504242424 0.143237665050505 0.146164396767677 NA NA 0.211349807272727 0.32925886969697 0.387406168484848 0.387736124444444 0.0992109155555556 0.0697989981818182 0.38767482989899 0.38754716020202 0.100403641414141 0.0675580054545455 0.376913591111111 0.387737573939394 0.137754889090909 0.142870054141414 0.38768458020202 0.385684635959596 0.105535924242424 0.156155707272727
0.426926505656566 0.535056701818182 0.241550565858586 0.220847203030303 0.0781674133333333 0.0791305993939394 0.0874869519191919 0.0848753931313131 0.304807439191919 0.249287892121212 0.228018853333333 0.215285713535354 0.215690582626263 NA NA 0.211510474343434 0.375159947676768 0.490815201010101 0.435926626464646 0.15989738 0.151390671111111 0.42716325959596 0.536005027474747 0.159150383232323 0.0758599571717172 0.428691443838384 0.420737393737374 0.205545167474747 0.212469995555556 0.458415111919192 0.406733111111111 0.193670315151515 0.240299300808081
0.554499729292929 0.560697073939394 0.177691786666667 0.143336770707071 0.0709991797979798 0.0709658987878788 0.0708490076767677 0.0705172723232323 0.200470254545455 0.224714298383838 0.138341151313131 0.144028842828283 0.145121628484848 NA NA 0.232503757171717 0.218451076565657 0.559949457373737 0.557612046868687 0.113942667272727 0.067189255959596 0.56271042989899 0.554984446666667 0.11158563959596 0.0684349232323232 0.560157711515151 0.561602103434343 0.119890772525253 0.106007874949495 0.560051165050505 0.555877828686869 0.0959090244444444 0.101252483636364
0.393595528888889 0.393871731515152 0.303567465050505 0.297902898383838 0.0775774335353535 0.0747198121212121 0.0757888541414141 0.0768523056565657 0.368023522828283 0.337908671919192 0.278880390707071 0.28684545959596 0.297045567070707 NA NA 0.244483357575758 0.334387514343434 0.393531198383838 0.393398873535354 0.143532221414141 0.0979241185858586 0.393051737979798 0.392898143636364 0.149991414747475 0.0760940303030303 0.393410288282828 0.392803545656566 0.28358818 0.315924250505051 0.393872481010101 0.392556924242424 0.0886216842424242 0.337376453737374
0.315685658787879 0.242082762626263 0.24209007050505 0.232095001010101 0.118339872929293 0.127923085454545 0.121379901414141 0.134387577979798 0.236435464444444 0.240729204646465 0.235231582222222 0.228234987070707 0.231505908686869 NA NA 0.18959717010101 0.132444071515152 0.244927211313131 0.248468923838384 0.207300738585859 0.16996981959596 0.243777818383838 0.248013114141414 0.205376115353535 0.110548306060606 0.245402041414141 0.238525395757576 0.224014658383838 0.221601282626263 0.249263301818182 0.242765063030303 0.212367846464646 0.212148733939394
0.363021035959596 0.363006904646465 0.14720882040404 0.116840098585859 0.0570760953535354 0.0560913171717172 0.056502938989899 0.0561136329292929 0.154119333535354 0.157123202020202 0.130970925656566 0.112554390505051 0.122647655757576 NA NA 0.102345335353535 0.231012282828283 0.363004063232323 0.362892335959596 0.123825802222222 0.0584538602020202 0.362954897979798 0.363024263636364 0.123958445050505 0.0580328078787879 0.362880127070707 0.363021457373737 0.124647311515152 0.0964686341414141 0.362955675353535 0.363024268686869 0.12331775979798 0.0606795664646465
0.367770043636364 0.258725374949495 0.127877041616162 0.110106788282828 0.0605210787878788 0.0599439119191919 0.0602390377777778 0.0609188905050505 0.136975818989899 0.142459948484848 0.124821244848485 0.110727934747475 0.109751425656566 NA NA 0.169314225858586 0.137088578181818 0.267074732525253 0.270367988484848 0.106041077171717 0.0557169305050505 0.873316720808081 0.373368367474747 0.105921688888889 0.0551991088888889 0.887070707070707 0.850232538181818 0.106196344646465 0.0917026585858586 0.380896382828283 0.373860188888889 0.0999435775757576 0.0724746355555556
0.581292647878788 0.564442414545455 0.411784960808081 0.338258126666667 0.07742762 0.077570115959596 0.0772247947474747 0.0777659931313131 0.511549311919192 0.42550150020202 0.380836341010101 0.341741070909091 0.354185581212121 NA NA 0.231372002020202 0.318396327272727 0.577035823030303 0.573901683030303 0.127456509292929 0.0743638452525252 0.578727528080808 0.550305025252525 0.142690045454545 0.0743248072727273 0.567524350707071 0.574159170909091 0.317200504040404 0.428531997373737 0.577592052323232 0.567729444848485 0.202381765252525 0.301573058787879
0.71760230969697 0.722799461818182 0.228264976363636 0.200974002222222 0.0813741985858586 0.0817450858585859 0.0820272729292929 0.0829749307070707 0.27819151979798 0.225791305858586 0.219432363030303 0.198440248686869 0.192873617171717 NA NA 0.197230031717172 0.193239693939394 0.745953523838384 0.721904741818182 0.143112046666667 0.0860018995959596 0.725109418989899 0.722006679393939 0.140050748080808 0.0818942597979798 0.889090909090909 0.725132566464647 0.169969893131313 0.167340673737374 0.732853701010101 0.254575803434343 0.151875975757576 0.167466949090909
0.412040507474747 0.413058376565657 0.264831006060606 0.229185762020202 0.0760116737373737 0.0739651066666667 0.0745767715151515 0.0765989868686869 0.346741335353535 0.332167668080808 0.224774645858586 0.230501089494949 0.223006916363636 NA NA 0.277872452727273 0.281789397171717 0.413277331515152 0.412941937575758 0.121861877777778 0.103803624040404 0.412710124242424 0.41165140969697 0.12016293010101 0.0762490537373737 0.412718126060606 0.414049535151515 0.379939694141414 0.294724362828283 0.412175184646465 0.412907132121212 0.316700013131313 0.344771555353535
0.625797706464646 0.627111325858586 0.380302834747475 0.357846826666667 0.0726064173737374 0.0725258153535354 0.072951257979798 0.0731094264646465 0.573804318585859 0.499685176969697 0.326504560808081 0.362724685858586 0.383807873737374 NA NA 0.274202663434343 0.282043681616162 0.625822868484848 0.625501698383838 0.115320817575758 0.0805696034343434 0.629874673737374 0.616820622828283 0.116385607272727 0.0727982731313131 0.626611177171717 0.627752421414141 0.424769767070707 0.414775071515152 0.630077453737374 0.622761806868687 0.344503870707071 0.460598515959596
0.89702836040404 0.406449174141414 0.311980528080808 0.293424231515152 0.0754027937373737 0.0757203575757576 0.0750919167676768 0.0750155387878788 0.402092196969697 0.37906182989899 0.285367807272727 0.252965768282828 0.286041376767677 NA NA 0.244758648888889 0.226761412929293 0.802691737171717 0.402984522828283 0.118378201212121 0.0731867541414141 0.897065918989899 0.398212818585859 0.135588501818182 0.0735096725252525 0.489574693333333 0.596505284040404 0.365831029090909 0.305293646262626 0.897171717171717 0.395905970707071 0.217462755353535 0.371089238787879
0.509203110909091 0.509365057777778 0.192190606868687 0.179899788888889 0.080196656969697 0.0824204270707071 0.0835932678787879 0.0878639763636364 0.195345596565657 0.191907285050505 0.180934296565657 0.175518633939394 0.170107713535354 NA NA 0.210506734545455 0.229727008686869 0.508481379393939 0.508335891717172 0.160039511313131 0.0948376290909091 0.509259164444444 0.507757054545455 0.160847875555556 0.0854262529292929 0.506955572727273 0.509654979191919 0.169681192727273 0.160665766666667 0.508425935959596 0.507120584848485 0.153477281212121 0.15332478969697
0.444378597171717 0.444022514747475 0.139964062424242 0.127053484040404 0.0652271305050505 0.064945255959596 0.0650228973737374 0.0652367739393939 0.161016196969697 0.164837441212121 0.134464764242424 0.132006758585859 0.123527382222222 NA NA 0.203874244444444 0.29781071010101 0.443411223232323 0.443589592727273 0.10421220989899 0.0626408507070707 0.443514884646465 0.444041341818182 0.100278740606061 0.064254042020202 0.444603346868687 0.363784191717172 0.109520305252525 0.102751393131313 0.405672316363636 0.443762318787879 0.0891058797979798 0.0779609850505051
0.36742792 0.368723809090909 0.261318176767677 0.240148539191919 0.0814410987878788 0.081892883030303 0.0811448725252525 0.0835435634343434 0.336915769090909 0.327755322828283 0.253325256767677 0.239540304242424 0.257696634949495 NA NA 0.237452678989899 0.301857713737374 0.368361434949495 0.36711175010101 0.130531368888889 0.0993377749494949 0.367944168888889 0.368297347676768 0.127090731515152 0.0807098539393939 0.36674965959596 0.368723518989899 0.274338828686869 0.278961514343434 0.368895956161616 0.367853422626263 0.170974271515152 0.243171343030303
0.429811092323232 0.429823679191919 0.387655672727273 0.388882595353535 0.0977584606060606 0.102178758787879 0.106557348080808 0.106024273737374 0.411413639393939 0.424093313535354 0.377242684444444 0.380227464646465 0.392662908282828 NA NA 0.26742855979798 0.397826876161616 0.429784936565657 0.429810306262626 0.244477412121212 0.246563565050505 0.429827781616162 0.429826648686869 0.273665523838384 0.0997686046464646 0.429675493535354 0.429594308888889 0.426989403838384 0.396212939191919 0.429811478787879 0.429792458181818 0.407792865252525 0.407359891717172
0.464245111717172 0.329082586666667 0.193164077777778 0.180384820808081 0.064549876969697 0.0673636151515151 0.0647913688888889 0.068028643030303 0.229904778181818 0.234788969090909 0.177510753939394 0.160065096969697 0.175664851515152 NA NA 0.189795057575758 0.218755532929293 0.881368333535353 0.328185064040404 0.131782034343434 0.0677076288888889 0.329333746868687 0.328603791313131 0.130374512525253 0.0632331862626263 0.325647053535354 0.329391879191919 0.146216938989899 0.141577786060606 0.891567883636364 0.328744612727273 0.128251990505051 0.139970632323232
0.515670802424242 0.51604662949495 0.419961606868687 0.398092410707071 0.0785257751515152 0.0789230262626263 0.0783115561616162 0.0818268058585859 0.487147784444444 0.492773932727273 0.414664473535354 0.40204666 0.388113151313131 NA NA 0.214572681818182 0.449874867070707 0.515673635353535 0.515047753535354 0.180301228686869 0.140789525454545 0.514136998383838 0.515247364040404 0.165396184242424 0.0774065991919192 0.50249148989899 0.51553214969697 0.430861583636364 0.45562242969697 0.515739234949495 0.515492312121212 0.409596735959596 0.42668895030303
0.318446331919192 0.318007775757576 0.292466604040404 0.284599467474747 0.0822188612121212 0.082817018989899 0.086247817979798 0.0942488236363636 0.299322560606061 0.288815095959596 0.281142172525253 0.276975835555556 0.278175166666667 NA NA 0.228327621818182 0.175138696161616 0.319103573131313 0.319131997575758 0.195137801414141 0.143387758383838 0.317324398585859 0.317213944848485 0.202858438787879 0.0796716264646465 0.318470159393939 0.31984794040404 0.267478675353535 0.272187616363636 0.317570631919192 0.318944587676768 0.247868527474747 0.274038411919192
0.260769333535354 0.261475568888889 0.225113032121212 0.19377798989899 0.0740508022222222 0.073935295959596 0.074457182020202 0.0765427301010101 0.241131536969697 0.23560676020202 0.208993867474747 0.198717518383838 0.198610670707071 NA NA 0.162694575353535 0.180867121818182 0.261137098585859 0.261470368282828 0.123383164040404 0.0809180076767677 0.261006646262626 0.260719768080808 0.125919339191919 0.0717492965656566 0.262206867878788 0.261253758585859 0.173177521212121 0.205218153535354 0.262361948484849 0.261370942828283 0.145251981818182 0.184128522222222
0.41647367010101 0.416577183838384 0.23205676020202 0.224753045252525 0.0735696044444445 0.071951136969697 0.0756002860606061 0.073116275959596 0.336099591515152 0.319463088080808 0.21282801979798 0.225342650909091 0.237871792323232 NA NA 0.233043216969697 0.344693387070707 0.409259788080808 0.416125523838384 0.129321961616162 0.082814875959596 0.415311883636364 0.415892922828283 0.129584612323232 0.0718477242424242 0.41643764969697 0.415980942222222 0.246354300808081 0.252905383636364 0.416123835151515 0.413928051717172 0.192184626060606 0.254670617575758
0.367635691313131 0.36676115959596 0.190668785050505 0.155678964040404 0.0678415026262626 0.0678052264646465 0.0666234137373737 0.0669328745454545 0.239803177171717 0.232106170909091 0.161662732121212 0.162304424242424 0.149901834949495 NA NA 0.203864086868687 0.225206135353535 0.36719921010101 0.366001065656566 0.0995287163636364 0.0637500476767677 0.365943605454545 0.366657035757576 0.0983844129292929 0.0638625713131313 0.366015356565657 0.366841397373737 0.13223784020202 0.140409786262626 0.366216934949495 0.36670906969697 0.0821206507070707 0.118079073535354
0.420658688484848 0.420606724040404 0.225182483030303 0.214680816161616 0.0726334294949495 0.0725136270707071 0.0712784272727273 0.0727594709090909 0.297526505050505 0.232178947676768 0.218154683636364 0.206706052929293 0.203441444040404 NA NA 0.251743867070707 0.31230783010101 0.421055929292929 0.420254967878788 0.128323747070707 0.0932759707070707 0.42072706 0.420840346464646 0.123475080808081 0.0729965311111111 0.420647005252525 0.407647938787879 0.243977318383838 0.24246918989899 0.420677414949495 0.412251433131313 0.204523317777778 0.34057887030303
0.221770865252525 0.223186345656566 0.203375693333333 0.198162713939394 0.0777044852525253 0.0750493583838384 0.0776201024242424 0.0836568375757576 0.213704659393939 0.214144215353535 0.192818443838384 0.193497542020202 0.19130129050505 NA NA 0.204703227676768 0.18622641010101 0.22268141010101 0.223149271313131 0.145991584242424 0.111865647272727 0.22270694 0.222221427070707 0.145345125858586 0.0796059351515152 0.222216837171717 0.222363458989899 0.179634189494949 0.192309544444444 0.22317256020202 0.224109777171717 0.167402829090909 0.185994541414141
0.637208730505051 0.595514223636364 0.267935576363636 0.258363810505051 0.0825399896969697 0.081919982020202 0.0818085604040404 0.0815570763636364 0.411035711919192 0.308902604242424 0.251524393333333 0.225442383838384 0.237449250707071 NA NA 0.157703912121212 0.180561118181818 0.590044974343434 0.589786384646465 0.148869551111111 0.0793685923232323 0.594811394545455 0.591229329494949 0.15361731959596 0.0798458296969697 0.476480044242424 0.595173116767677 0.230144116969697 0.198625972929293 0.885421838181818 0.58547983050505 0.195231294343434 0.190211443434343
0.884848484848485 0.460154398383838 0.284792708282828 0.300291101616162 0.0829615167676768 0.0824436008080808 0.0827272143434343 0.084743974949495 0.372671784646465 0.354660966464646 0.263328291515152 0.249533012525253 0.28819722040404 NA NA 0.275656447070707 0.276985554343434 0.884548055555556 0.459238850707071 0.12596310989899 0.0952470547474747 0.460644862626263 0.455352677171717 0.113517272727273 0.0809179143434343 0.469528712727273 0.455918227070707 0.316227468282828 0.333515522424242 0.460553120808081 0.457523509292929 0.208132785252525 0.344300428686869
0.503222844242424 0.503115578787879 0.369992419393939 0.353491658383838 0.115257168282828 0.0973340856565657 0.121822425050505 0.133802272525253 0.40416209979798 0.368615536363636 0.355164897171717 0.364166685252525 0.366744546060606 NA NA 0.250490009494949 0.434937463838384 0.503110425050505 0.503194961414141 0.227677812727273 0.244630865858586 0.494669688484848 0.503057665252525 0.232922117777778 0.0908609951515151 0.502947226464647 0.474219901010101 0.382738243434343 0.365103756767677 0.502407085252525 0.503042998585859 0.349262784646465 0.358535979191919
0.346041157777778 0.344368211717172 0.232972201010101 0.216875762828283 0.0738025733333333 0.0744663642424242 0.0742444923232323 0.077698482020202 0.289212534141414 0.297243247070707 0.212912183434343 0.200705781616162 0.197729181818182 NA NA 0.216849002626263 0.264342738585859 0.347451067474747 0.345968624646465 0.119631135353535 0.0743845002020202 0.344717742222222 0.346721834343434 0.115636456767677 0.0714412781818182 0.344548630707071 0.344173011717172 0.214846247474747 0.195466896767677 0.345434770505051 0.348389297575758 0.082649703030303 0.167352032323232
0.876161616161616 0.414767337979798 0.27814482040404 0.294666522222222 0.0904214319191919 0.0904422301010101 0.0899055907070707 0.0890662646464647 0.652380319393939 0.331859343636364 0.277832745858586 0.267840112323232 0.332599082424242 NA NA 0.259050778787879 0.369057026666667 0.876161616161616 0.379388371515152 0.122865697171717 0.0894084363636364 0.870522932525252 0.36843670040404 0.129169130909091 0.0889848628282828 0.876128908888889 0.875248696363636 0.732910665858586 0.468996232929293 0.874909371313131 0.715407055151515 0.537152345656566 0.687594156969697
0.899191919191919 0.451550241616162 0.158282428080808 0.131774142020202 0.0596291311111111 0.0593059395959596 0.0578534577777778 0.0577137193939394 0.260085335959596 0.197232835757576 0.139546511313131 0.126001593535354 0.123174612525253 NA NA 0.211802049292929 0.187483933737374 0.899191919191919 0.487036436363636 0.102239213535354 0.0551719466666667 0.888089426060606 0.423191377575758 0.0969443858585859 0.0557664717171717 0.899191919191919 0.627622610909091 0.116708792727273 0.0806755725252525 0.899191919191919 0.560147057777778 0.0816039785858586 0.0632511612121212
0.398570405656566 0.398734913131313 0.236638238585859 0.226320402424242 0.0850040060606061 0.0847249773737374 0.0845852816161616 0.0852008294949495 0.310810045454545 0.303017143030303 0.229477338181818 0.225736631515152 0.208390785858586 NA NA 0.214530114545455 0.336914411919192 0.398437061616162 0.398790503434343 0.141192835757576 0.114008472929293 0.398661935151515 0.398608458181818 0.131897323636364 0.0854241024242424 0.398679217575758 0.398469941818182 0.24675591030303 0.231617471111111 0.39855145030303 0.398409986868687 0.156096037575758 0.229666471919192
0.27340995959596 0.278246445656566 0.183504491919192 0.177964507676768 0.0661910636363636 0.0644399315151515 0.0648426365656566 0.0657110846464646 0.215903328686869 0.216382469292929 0.166201994747475 0.166215576767677 0.171457163636364 NA NA 0.133223930909091 0.204832243434343 0.275398992727273 0.278313893737374 0.121676788686869 0.0694975824242424 0.276103482828283 0.279309419393939 0.11911273010101 0.0654652012121212 0.277173802626263 0.277468775353535 0.146774130505051 0.159956666060606 0.277981598383838 0.277108081212121 0.118712626868687 0.150933634949495
0.20628675050505 0.205855067676768 0.166454927676768 0.156229075353535 0.0766571844444444 0.0774801505050505 0.0799288818181818 0.0825457761616162 0.170485515555556 0.16843466020202 0.156372482828283 0.153296348080808 0.151893621616162 NA NA 0.145273528282828 0.183309273737374 0.229456520808081 0.206403378383838 0.142394127474747 0.10534741030303 0.206017755151515 0.401854477373737 0.142063264242424 0.0770653428282828 0.218234285858586 0.205958945050505 0.147675702222222 0.145246963232323 0.230000455959596 0.20667415010101 0.144148408686869 0.136991256161616
0.882222222222222 0.560134426464647 0.290327371919192 0.296920172323232 0.0845163868686869 0.0840418634343434 0.0841436498989899 0.0841315563636364 0.668126507676768 0.414633837373737 0.25647072 0.236743773535354 0.264316966666667 NA NA 0.255144396767677 0.356301711717172 0.881760310909091 0.547794552727273 0.116399158383838 0.0835069862626263 0.870136905050505 0.461315614545455 0.114899243232323 0.0825908905050505 0.867626567878788 0.879045774343434 0.443761999191919 0.437312621616162 0.881878988282828 0.881632821616162 0.317339679191919 0.358250928282828
0.307867286666667 0.307368585252525 0.226866066262626 0.217921445050505 0.0866572654545455 0.0836814008080808 0.083983737979798 0.0903371125252525 0.235520532121212 0.23722178020202 0.223047231515152 0.211428704242424 0.212901241010101 NA NA 0.145872667070707 0.218380526868687 0.307933380606061 0.307791401414141 0.176607974949495 0.122309453333333 0.307634565858586 0.30797241010101 0.174501497373737 0.0840776496969697 0.307999054545455 0.307709573333333 0.195650833535354 0.198620327474747 0.307602810707071 0.307642127272727 0.186779742424242 0.195403687878788
0.256732062424242 0.256781217979798 0.249502173333333 0.234530726666667 0.0775595755555556 0.0768741226262626 0.0770105111111111 0.0869663808080808 0.245931369494949 0.248710843030303 0.241952217979798 0.232672856767677 0.233868793535354 NA NA 0.111547994949495 0.201070422828283 0.256513938383838 0.25651913979798 0.178483173333333 0.118548729494949 0.256619265656566 0.256480042222222 0.163010312121212 0.0735672092929293 0.256825098989899 0.256467981818182 0.219149776969697 0.219992961010101 0.25682090949495 0.25657468969697 0.180604476565657 0.209029408686869
0.422537425454545 0.422527451111111 0.217651390505051 0.209137610909091 0.0651113305050505 0.0644803909090909 0.0645079066666667 0.0646465298989899 0.242096818585859 0.231518674747475 0.210426727272727 0.193631207474747 0.198836692121212 NA NA 0.206965751313131 0.310414361212121 0.372880995555556 0.422473008282828 0.10977279979798 0.0621198395959596 0.42236062969697 0.421428862222222 0.110051235959596 0.0623240951515152 0.422745126464646 0.42266458969697 0.171263102828283 0.174532962222222 0.422477813131313 0.42277256 0.0827000680808081 0.162641336767677
0.252560731111111 0.252850703232323 0.221210687878788 0.21345750989899 0.0637085321212121 0.0629082753535354 0.0623804351515152 0.0634445757575758 0.239405318585859 0.239743846262626 0.212106954343434 0.198557652727273 0.204794177373737 NA NA 0.16179116 0.305623293131313 0.252932845454545 0.253041867070707 0.121197492929293 0.0718944595959596 0.252547807878788 0.252862873131313 0.109122858383838 0.0649155878787879 0.253175875555556 0.252354606868687 0.167041255151515 0.20950561979798 0.252889702020202 0.252752338383838 0.088075537979798 0.197898862020202
