"U_1_Gam_alpha2F" "U_2_Gam_alpha2F" "U_5_Gam_alpha2F" "U_10_Gam_alpha2F" "U_1_Gam_alpha1F" "U_2_Gam_alpha1F" "U_5_Gam_alpha1F" "U_10_Gam_alpha1F" "U_1_Gam" "U_2_Gam" "U_5_Gam" "U_10_Gam" "Sylvia_Sparse" "FM_RevJump" "MBC" "DPM" "FM_Raffaele" "U_1_PC_alpha2F_01" "U_2_PC_alpha2F_01" "U_5_PC_alpha2F_01" "U_10_PC_alpha2F_01" "U_1_Gam_ProbKp_01" "U_2_Gam_ProbKp_01" "U_5_Gam_ProbKp_01" "U_10_Gam_ProbKp_01" "U_1_PC_alpha2F_09" "U_2_PC_alpha2F_09" "U_5_PC_alpha2F_09" "U_10_PC_alpha2F_09" "U_1_Gam_ProbKp_09" "U_2_Gam_ProbKp_09" "U_5_Gam_ProbKp_09" "U_10_Gam_ProbKp_09"
2.25939393939394e-06 8.25858585858587e-07 1.46424242424243e-06 1.24141414141414e-06 0.000700440202020203 0.000615056767676768 0.000737989292929294 0.000682343636363637 3.30000000000001e-06 3.04404040404041e-06 1.05939393939394e-06 1.60707070707071e-06 1.12949494949495e-06 NA NA 0 3.54181818181819e-06 0 4.56565656565657e-07 1.31252525252525e-06 6.32626262626264e-06 3.95959595959597e-08 4.04040404040405e-08 1.93737373737374e-07 0.000157543232323233 0 0 2e-08 6.04040404040405e-08 0 0 0 6.04040404040405e-08
0 4.00806060606061e-05 2.99002020202021e-05 3.64175757575758e-05 0.048010457979798 0.0545299 0.0587439054545455 0.060182862020202 4.06686868686869e-06 7.70076767676769e-05 4.93068686868688e-05 5.42010101010102e-05 5.2059393939394e-05 NA NA 0 2.29333333333334e-05 2e-08 1.92153535353536e-05 3.9789090909091e-05 0.000436657171717172 0 7.75757575757577e-08 2.02363636363637e-06 0.0378071032323232 0 0 1.05292929292929e-06 9.81818181818184e-07 0 0 4.53939393939395e-07 9.43838383838386e-07
0 0.0119032985858586 0.00892987393939393 0.00850463919191919 0.628264193737374 0.639202728686869 0.596356804444444 0.614055895353535 0.000457998989898991 0.0140754064646465 0.00875329777777777 0.00995527979797979 0.00371561636363636 NA NA 0 0.00120807373737374 2e-08 0.0357523175757576 0.0389767323232323 0.0851905088888889 0 0.0630128612121212 0.00943131373737373 0.688894834141414 0 4.04040404040405e-08 0.000144638383838384 0.0012555393939394 0 2.35151515151516e-07 4.95737373737375e-06 2.6609494949495e-05
0 0.000979593333333335 0.000365385656565657 0.000121405252525253 0.488095037373737 0.387206106464646 0.44638482989899 0.360957548686869 1.18050505050505e-05 0.000877487070707072 0.000551615555555557 0.000506687272727274 0.000322135555555556 NA NA 0 8.43448484848486e-05 0 0.00114754888888889 0.00142820525252525 0.00510034585858586 5.87878787878789e-08 1.25252525252525e-07 8.67298989898991e-05 0.50816198969697 9.91919191919194e-08 3.45050505050506e-07 7.14141414141415e-07 8.22363636363638e-06 0 2e-08 2.12525252525253e-07 3.50707070707071e-07
0.388676383636364 0.264905281414141 0.262703338787879 0.266045292727273 0.451692969494949 0.450197322424242 0.435250784242424 0.430877117373737 0.355651647272727 0.269539288080808 0.250559123232323 0.274815303636364 0.258854731919192 NA NA 0.388686868686869 0.331915228686869 0.385474624646465 0.255023487676768 0.249037107272727 0.243921057979798 0.388686868686869 0.255270551919192 0.252814523030303 0.447603456767677 0.388525471313131 0.382467183838384 0.37435548 0.377260704242424 0.388280996161616 0.290261705656566 0.376651606868687 0.36564922989899
0 0.00230442727272728 0.000646134545454547 0.0006517898989899 0.494356015555556 0.483166771919192 0.509227766262626 0.473228681212121 8.46161616161618e-06 0.00146679616161616 0.000474533737373738 0.000467285454545455 0.000808898989898991 NA NA 0 0.000114517777777778 0 0.00458394181818182 0.00149599919191919 0.0113277268686869 3.14343434343435e-07 0.00622111515151515 0.000480133737373738 0.55814148989899 0 0 1.68080808080808e-07 1.66224242424243e-05 3.95959595959597e-08 2.53737373737374e-07 2.1939393939394e-06 3.09373737373738e-06
4.30505050505051e-07 4.70101010101011e-07 5.54949494949496e-07 4.02020202020203e-07 0.000140400404040404 5.63379797979799e-05 8.76816161616163e-05 0.000100774747474748 9.67272727272729e-07 6.22828282828284e-07 5.32525252525253e-07 3.31111111111112e-07 1.26060606060606e-07 NA NA 0 2.98808080808081e-06 0 1.48484848484849e-07 6.10909090909092e-07 1.4349494949495e-06 0 2e-08 1.93737373737374e-07 1.61866666666667e-05 0 0 0 4.04040404040405e-08 0 0 2e-08 4.04040404040405e-08
0 0.00039225696969697 0.000563678989898991 7.38052525252527e-05 0.374767713737374 0.220937373131313 0.360375454545455 0.31343974 3.93676767676768e-06 0.000485447272727274 0.000346608484848485 0.000150839797979798 0.000104735353535354 NA NA 0 4.5318787878788e-05 0 0.000971009292929294 0.000828741212121213 0.00262331696969697 0 2.77777777777778e-07 9.96646464646466e-05 0.328364916363636 5.54343434343435e-07 6.04040404040405e-08 3.95959595959597e-08 2.20509090909091e-05 3.95959595959597e-08 0 1.03232323232323e-07 1.63232323232324e-07
0 0.0143994551515152 0.00407088202020202 0.00515036383838384 0.516252649292929 0.659986015757576 0.673486813939394 0.588419074343434 0.000240933333333334 0.00770256686868686 0.00464043555555555 0.00520635313131313 0.00438789191919192 NA NA 0 0.000462689090909092 0 0.011973461010101 0.0371276476767677 0.0670539668686869 1.13939393939394e-07 0.0218776048484849 0.00577945919191919 0.698471507878788 0 1.36363636363637e-07 0.000851222424242426 3.87236363636364e-05 0 2e-08 9.36862626262628e-05 4.16252525252526e-05
2e-08 0.00167149696969697 0.000988294545454547 0.000538443434343435 0.502560031313131 0.436067409090909 0.472766640808081 0.477969632727273 1.88054545454546e-05 0.000801568282828284 0.000746693333333335 0.000591812525252526 0.000469529090909092 NA NA 0 0.000115303838383839 0 0.00334463353535354 0.00238792707070707 0.00665565838383838 0 0.00404761535353535 0.000112034545454546 0.549551383232323 0 0 2.32525252525253e-07 2.08917171717172e-05 2.25252525252526e-07 0 1.80606060606061e-06 2.6909090909091e-06
1.47676767676768e-07 3.00058585858586e-05 8.42171717171717e-05 9.33927272727273e-05 0.00332976121212121 0.00383664424242424 0.00346285272727273 0.00348013878787879 1.49131313131313e-05 7.70662626262626e-05 9.1479797979798e-05 0.000130721818181818 0.000108724848484848 NA NA 0.148686868686869 0.000152122626262626 6.12121212121213e-08 1.2020202020202e-05 0.000137514545454545 0.000522893737373737 1.02424242424243e-07 2.84767676767677e-06 3.45335353535354e-05 0.00188378 6.12121212121213e-08 3.0929292929293e-07 9.33131313131315e-07 9.33636363636364e-06 8.24242424242426e-08 1.52525252525253e-07 2.28989898989899e-06 2.56444444444445e-06
0 4.23676767676768e-05 4.48323232323233e-05 5.96535353535355e-05 0.266389494545455 0.252850471717172 0.262392413131313 0.197317630909091 5.77595959595961e-06 0.00015035292929293 0.000152767676767677 0.000100944444444445 7.21696969696971e-05 NA NA 0 4.45331313131314e-05 0 6.35795959595961e-05 0.000275914141414142 0.00103133292929293 0 8.16161616161618e-08 7.87428282828284e-05 0.15006863979798 2e-08 0 2.75353535353536e-07 6.90909090909092e-07 0 0 3.95959595959597e-08 1.02585858585859e-06
0 0.00993640868686868 0.0124768878787879 0.00982825393939393 0.694919468282828 0.65803002020202 0.638833315353535 0.647712477979798 0.000274081818181819 0.015780898989899 0.0145750860606061 0.0108978377777778 0.0143458028282828 NA NA 0 0.00500290222222222 7.05252525252527e-07 0.0160196305050505 0.0667770086868687 0.14698730020202 7.75757575757577e-08 0.0211192595959596 0.0222100771717172 0.697295410909091 3.95959595959597e-08 0.000133062626262627 0.000128467474747475 0.000594419595959597 0 9.29090909090911e-07 0.00022829494949495 7.6228484848485e-05
0 0.00145771777777778 0.00045921292929293 0.00192526222222222 0.569119242828283 0.524893047676768 0.544672561616162 0.458810609090909 4.97498989898991e-05 0.00384922545454546 0.00266700505050505 0.0014619397979798 0.00184214868686869 NA NA 0 0.00022905191919192 0 0.00600837575757575 0.0150873191919192 0.0198808488888889 0 0.00766596282828282 0.000649228686868688 0.633069556969697 0 3.95959595959597e-08 3.67717171717172e-05 0.000187304646464647 0 6.04040404040405e-08 2.75785858585859e-05 0.00010804303030303
0 4.17597979797981e-05 3.11012121212122e-05 2.29466666666667e-05 0.0465203660606061 0.112566127070707 0.0655140688888889 0.0582086866666667 1.01717171717172e-06 7.79230303030304e-05 4.63977777777779e-05 4.44953535353536e-05 3.46622222222223e-05 NA NA 0 2.93139393939394e-05 2e-08 2.89177777777778e-05 0.000126405252525253 0.000589164242424243 0 8.16161616161618e-08 1.25733333333334e-05 0.0332072070707071 1.31515151515152e-07 0 2.08484848484849e-07 2.09090909090909e-06 6.04040404040405e-08 0 3.95959595959597e-08 8.85656565656567e-07
3.95959595959597e-08 0.00878192545454545 0.00868528989898989 0.00776647858585858 0.69944019959596 0.681034028686869 0.67974160949495 0.673366746666667 0.000108916363636364 0.0168394945454545 0.00931396525252525 0.0100712084848485 0.00582436686868687 NA NA 0 0.00352769676767677 3.06909090909091e-05 0.0244380280808081 0.13811781010101 0.11411121959596 0 0.0389073680808081 0.0103431907070707 0.717832780606061 8.00000000000001e-08 2e-08 0.000128996161616162 2.67234343434344e-05 5.86181818181819e-06 1.36363636363637e-07 0.000529263232323233 0.000314862626262627
0 0.000643800202020203 0.000468383838383839 0.00108943292929293 0.409546335555556 0.51997510020202 0.484576387878788 0.454836437171717 4.57555555555556e-06 0.00272329131313132 0.000544608080808082 0.00115561272727273 0.000873121414141416 NA NA 0 8.38802020202022e-05 0 0.00248133474747475 0.00520963171717171 0.00761287959595959 0 0.00224155131313132 0.00048131090909091 0.526151924242424 0 0 5.36363636363637e-07 2.21575757575758e-06 0 3.85404040404041e-05 6.14731313131314e-05 2.45555555555556e-06
0 0.0240395755555556 0.00680728808080808 0.0124949290909091 0.663111456161616 0.667562561212121 0.683702939191919 0.619695794949495 8.79509090909093e-05 0.00970887919191919 0.013768464040404 0.0119640931313131 0.00664829494949495 NA NA 0 0.00174255434343435 0 0.0263612242424242 0.0621298424242424 0.139801888484848 0 0.0224864903030303 0.0384954521212121 0.693838935151515 3.95959595959597e-08 5.87878787878789e-08 0.000105530303030303 3.8409292929293e-05 0 9.4868686868687e-07 0.000110476767676768 7.26298989898991e-05
0 9.71060606060608e-05 3.57226262626263e-05 8.4738585858586e-05 0.156167910909091 0.11328849010101 0.156025820808081 0.0894012773737374 4.85070707070708e-06 9.63216161616163e-05 3.45921212121213e-05 3.03060606060607e-05 2.41852525252526e-05 NA NA 0 3.53466666666667e-05 3.95959595959597e-08 1.89329292929293e-05 5.3348888888889e-05 0.000410268484848486 2e-08 3.8929292929293e-07 2.14628282828283e-05 0.137861614545455 0 2e-08 1.64040404040404e-07 9.17737373737375e-06 0 0 1.70505050505051e-07 1.03232323232323e-07
0 0.000136049090909091 0.000135795555555556 0.000180819797979798 0.219725317979798 0.233586072121212 0.184081476565657 0.185941908282828 5.01656565656567e-06 0.000240164242424243 0.000122832121212121 0.00045231696969697 0.00021962 NA NA 0 6.96264646464648e-05 0 0.000125459191919192 0.00141213252525253 0.0011694797979798 0 1.6969696969697e-07 9.43111111111113e-05 0.228744288686869 1.75151515151515e-07 2e-08 2.40323232323233e-06 2.13979797979798e-06 0 2e-08 9.91919191919194e-08 9.73252525252527e-06
0 0.00408050808080808 0.00279768323232323 0.0031201393939394 0.381001281414141 0.498820784848485 0.373286162626263 0.293499504242424 0.000148290101010101 0.00364603454545455 0.00296869191919192 0.00311338585858586 0.00237761898989899 NA NA 0 0.000598955151515152 0 0.00308059535353536 0.00923249595959596 0.0218349975757576 3.21616161616162e-07 7.09313131313133e-06 0.00155221414141414 0.479428495757576 2.36767676767677e-07 4.19777777777779e-06 5.14739393939395e-05 7.77127272727274e-05 0 2.4949494949495e-07 1.94418181818182e-05 4.62040404040405e-06
5.90505050505052e-07 5.15555555555557e-07 6.87676767676769e-07 8.16767676767678e-07 0.000125456565656566 0.000186942828282829 0.000158063030303031 0.000129509696969697 1.06888888888889e-06 1.41717171717172e-06 9.89090909090911e-07 8.80000000000002e-07 1.02222222222222e-06 NA NA 0 3.32424242424243e-06 0 6.04040404040405e-08 1.45131313131313e-06 1.31212121212121e-06 0 0 1.04040404040404e-07 2.84165656565657e-05 0 0 2e-08 3.95959595959597e-08 0 0 0 2e-08
0 0.000203073737373738 9.429797979798e-05 0.000208184444444444 0.101995127474747 0.0884472735353535 0.0795704852525252 0.144897218181818 4.16868686868688e-06 0.000170071313131313 0.000190627676767677 0.000212273939393939 0.000178188282828283 NA NA 0 6.60565656565658e-05 0 7.18721212121213e-05 0.000598553131313132 0.0015161202020202 0 2.41616161616162e-07 5.69353535353536e-06 0.0625330137373737 2e-08 6.04040404040405e-08 3.68484848484849e-07 1.08064646464647e-05 0 2e-08 1.83232323232324e-07 7.67676767676769e-07
0 3.21460606060607e-05 7.05909090909092e-05 2.88240404040405e-05 0.120237764646465 0.0589838725252525 0.0765090787878788 0.114336183030303 7.40808080808082e-07 3.90127272727273e-05 5.26567676767678e-05 2.62666666666667e-05 2.27210101010101e-05 NA NA 0 2.81824242424243e-05 5.87878787878789e-08 8.7668686868687e-06 0.000158547676767677 0.000348989696969698 0 2.15757575757576e-07 3.53014141414142e-05 0.0531940432323232 2e-08 2e-08 1.02424242424243e-07 7.97575757575759e-07 0 2e-08 2e-08 2.6e-07
1.03991919191919e-05 2.2529292929293e-06 6.73696969696971e-06 2.73919191919192e-06 0.00573689191919192 0.00878582929292929 0.00591037575757576 0.00404523090909091 6.62868686868688e-06 8.13777777777779e-06 9.40262626262628e-06 5.91919191919193e-06 8.47575757575759e-06 NA NA 0 1.03408080808081e-05 0 1.74383838383839e-06 6.54343434343436e-06 2.17175757575758e-05 0 0 2.0929292929293e-07 0.000820755959595961 3.95959595959597e-08 2e-08 1.62424242424243e-07 4.04040404040405e-08 0 0 1.25252525252525e-07 1.22020202020202e-07
3.28686868686869e-07 7.52929292929294e-07 5.42828282828284e-07 5.76161616161617e-07 0.000126528484848485 0.000151113333333334 0.000110766868686869 0.000140848888888889 6.50303030303031e-07 5.15555555555557e-07 1.09717171717172e-06 7.1818181818182e-07 5.13939393939395e-07 NA NA 0 5.31030303030304e-06 0 1.25252525252525e-07 6.39797979797981e-07 1.20141414141414e-06 0 2e-08 2.80202020202021e-07 1.94369696969697e-05 0 0 0 1.26060606060606e-07 0 0 2e-08 2e-08
6.04040404040405e-08 0.0169363448484848 0.010983598989899 0.0082709206060606 0.683714488484849 0.687498986868687 0.687585838181818 0.702235431919192 0.000400543434343435 0.0110998674747475 0.021384938989899 0.00994916121212121 0.0161883947474747 NA NA 0 0.00416389050505051 4.04040404040405e-08 0.0326846626262626 0.113119966666667 0.145360169292929 2e-08 0.0281812191919192 0.040008494949495 0.718089013535353 2e-08 3.95959595959597e-08 7.84626262626264e-06 0.000639998585858587 2e-08 0 4.26416161616162e-05 0.000197533737373738
0 1.01333333333334e-06 7.85454545454547e-07 9.41414141414143e-07 0.000646944242424244 0.000318618585858586 0.000591623636363637 0.000282032323232324 2.16565656565657e-07 1.02848484848485e-06 1.21333333333334e-06 1.03050505050505e-06 1.86989898989899e-06 NA NA 0 5.80343434343435e-06 0 2.8989898989899e-07 1.6789898989899e-06 5.76747474747476e-06 0 4.04040404040405e-08 2.2929292929293e-07 5.90573737373738e-05 0 0 4.04040404040405e-08 1.02424242424243e-07 2e-08 0 8.16161616161618e-08 1.42828282828283e-07
0 0.00581703838383838 0.00621757898989899 0.00589405777777777 0.638290004040404 0.633209301616162 0.633991092525253 0.582773159393939 0.000229143434343435 0.0103987115151515 0.00748559939393939 0.00404430606060606 0.00570137434343434 NA NA 0 0.0010172397979798 1.71919191919192e-07 0.0156016426262626 0.0361064943434343 0.0723691593939394 0 0.0285816191919192 0.0103541646464646 0.696088142020202 0 2.4949292929293e-05 0.00012259797979798 0.000802999797979799 0 0.0253097258585859 1.23636363636364e-07 0.000442263232323233
1.8919393939394e-05 1.42953535353536e-05 1.16731313131313e-05 8.32646464646466e-06 0.000911338383838385 0.000683716767676769 0.000443906464646465 0.000601651515151516 1.88850505050505e-05 1.95820202020202e-05 8.5608080808081e-06 1.66244444444445e-05 8.06606060606062e-06 NA NA 0.02 4.6508888888889e-05 7.82545454545456e-06 8.59939393939396e-06 1.31591919191919e-05 2.9099797979798e-05 3.58868686868687e-06 6.46242424242425e-06 1.252e-05 0.000206053535353536 5.46000000000001e-06 3.22161616161617e-06 5.88565656565658e-06 9.03212121212123e-06 4.28424242424243e-06 8.27454545454547e-06 7.48929292929294e-06 6.88000000000001e-06
6.19595959595961e-07 8.59797979797981e-07 6.61818181818183e-07 6.17171717171718e-07 0.00018393696969697 0.00015831292929293 0.000225001414141415 0.000152941616161616 6.37373737373739e-07 4.66868686868688e-07 4.08080808080809e-07 7.24848484848486e-07 6.13939393939395e-07 NA NA 0 4.94424242424243e-06 0 1.70505050505051e-07 7.35959595959597e-07 1.64767676767677e-06 0 2e-08 6.12121212121213e-08 1.72818181818182e-05 0 2e-08 2e-08 1.6969696969697e-07 0 0 0 2e-08
4.05656565656566e-07 6.94949494949496e-07 1.07616161616162e-06 7.24848484848486e-07 0.000197511313131313 0.000207939191919192 0.000276921616161617 0.00019849494949495 8.57373737373739e-07 3.53939393939395e-07 7.189898989899e-07 5.00404040404041e-07 5.53535353535355e-07 NA NA 0 4.05878787878789e-06 0 4.04040404040405e-07 4.21010101010102e-07 2.47515151515152e-06 0 0 1.93737373737374e-07 4.50242424242425e-05 0 0 4.04040404040405e-08 4.04040404040405e-08 0 0 2e-08 0
2.56969696969697e-07 6.26262626262627e-07 4.33737373737375e-07 4.1919191919192e-07 8.36048484848486e-05 0.000182382626262627 0.000208028080808081 0.000151743434343435 3.40808080808081e-07 3.16767676767677e-07 4.84848484848486e-07 5.27474747474748e-07 5.00000000000001e-07 NA NA 0 3.65878787878789e-06 0 1.93737373737374e-07 2.8989898989899e-07 1.42787878787879e-06 0 0 6.12121212121213e-08 1.45307070707071e-05 0 0 4.04040404040405e-08 2e-08 0 0 0 2e-08
0 0.00167131777777778 0.000549117171717173 0.0017891694949495 0.584006552929293 0.529012836161616 0.468174955555556 0.457567810505051 5.67272727272728e-05 0.00506710868686868 0.00295034848484849 0.0014871698989899 0.000195620808080808 NA NA 0 9.75062626262628e-05 9.59595959595961e-08 0.00659519575757575 0.00895540383838383 0.0120265856565657 0 0.00596393373737373 0.000112182828282828 0.626472895353535 0 1.13939393939394e-07 7.04727272727274e-06 5.63414141414142e-06 0 4.04040404040405e-08 5.42828282828284e-07 3.41818181818182e-07
0 0.0191283585858586 0.0240507713131313 0.0110986381818182 0.671443608686869 0.673673515959596 0.69350818989899 0.648283635959596 7.39692929292931e-05 0.0375050509090909 0.0249979715151515 0.0185661339393939 0.0145386694949495 NA NA 0 0.000748798787878789 3.48022222222223e-05 0.0628699191919192 0.0519881890909091 0.177221043838384 1.17979797979798e-07 0.0381133187878788 0.0429199664646465 0.710127497979798 2.12323232323233e-07 2.0159595959596e-06 0.000473342222222223 0.00204185090909091 4.04040404040405e-08 0.00199881292929293 1.71313131313132e-06 0.00035021292929293
5.37171717171718e-07 5.13939393939395e-07 5.71313131313132e-07 4.03434343434344e-07 0.000114993131313132 0.000200016565656566 0.000107492121212121 0.000122489898989899 5.13131313131314e-07 4.74141414141415e-07 6.79393939393941e-07 8.19191919191921e-07 2.42222222222223e-07 NA NA 0 5.66181818181819e-06 0 6.12121212121213e-08 7.189898989899e-07 1.91878787878788e-06 0 2e-08 6.12121212121213e-08 2.90818181818182e-05 0 0 0 2e-08 0 0 0 0
0 0.00214183414141414 0.000890519191919194 0.000263246262626263 0.457678545252525 0.348582164444444 0.402413568484848 0.397409778383838 1.6949494949495e-05 0.00203802202020202 0.000767681818181819 0.000438489090909092 0.00115946545454546 NA NA 0 0.000128147676767677 5.87878787878789e-08 0.00155561373737374 0.00498831252525252 0.00986524585858586 2e-08 0.00903018424242424 0.000987274747474749 0.554706891313131 2e-08 0 5.9109090909091e-06 1.48880808080808e-05 0 5.87878787878789e-08 2.50939393939394e-05 6.01337373737375e-05
0 0.00601112 0.00441380929292929 0.00599756363636364 0.530771397979798 0.58664708040404 0.563350624444445 0.518838845656566 0.00020733797979798 0.0100581660606061 0.00829164343434343 0.00731860262626263 0.00305645212121212 NA NA 0 0.00163216505050505 2e-08 0.021223017979798 0.0503898911111111 0.0660825078787879 3.95959595959597e-08 0.0343805365656566 0.00851709535353535 0.642350423232323 6.25252525252526e-07 4.54141414141415e-07 5.08533333333334e-05 0.000980349494949496 0 2.78787878787879e-07 0.000110617373737374 8.43749494949496e-05
0 0.00051129595959596 0.000757480808080809 0.000304800000000001 0.277177613131313 0.39614429979798 0.401237463232323 0.403101642222222 2.85414141414142e-06 0.000686025656565658 0.000425623838383839 0.000348628686868687 0.000250938181818182 NA NA 0 0.000102023636363637 1.3959595959596e-07 0.00103087494949495 0.00181676545454546 0.00781668747474747 0 0.00116440808080808 0.000398609696969698 0.485124058383838 0 5.87878787878789e-08 4.77656565656566e-06 5.54141414141415e-07 0 3.95959595959597e-08 4.32080808080809e-06 4.39575757575758e-06
0 0.00286157575757576 0.00267942202020202 0.00112407212121212 0.613568967474747 0.577671724444444 0.512331681212121 0.519326637777778 2.37359595959596e-05 0.0063768404040404 0.00400736383838384 0.0030075595959596 0.000892425656565658 NA NA 0 0.000576800808080809 3.5939393939394e-07 0.00871126686868686 0.0132471242424242 0.0298163650505051 0 2.56161616161617e-07 0.00358007797979798 0.620952276363636 6.04040404040405e-08 2e-08 0.000130974141414142 0.000150909696969697 0 2e-08 2.60444444444445e-06 8.54016161616163e-05
0 4.64646464646465e-09 0.00694301272727272 0.00619556101010101 0.372479309292929 0.377160955151515 0.370184975151515 0.308964337777778 0.000268546262626263 0.00174500303030303 0.0103609068686869 0.00770960141414141 0.0136687280808081 NA NA 0.368484848484848 0.000649805050505051 0 0 0.102544267070707 0.124453266262626 0 0 0.0880006664646465 0.362118249494949 0 2.989898989899e-08 0.00165056565656566 0.00140499858585859 2.989898989899e-08 0 0.00474731959595959 0.00230045777777778
0 0.000709424646464648 0.000184953333333334 0.000452709696969698 0.290477368282828 0.400477739191919 0.255452073131313 0.296480804646465 3.10624242424243e-05 0.000499820404040405 0.00020779595959596 0.000293436363636364 0.000297664444444445 NA NA 0 6.74494949494951e-05 0 0.000686268080808082 0.00149622222222222 0.00359622505050505 2e-08 4.37777777777779e-07 3.57414141414142e-06 0.39696577050505 5.87878787878789e-08 0 8.03313131313133e-06 8.98848484848487e-06 0 0 8.16161616161618e-08 8.67696969696971e-06
1.24585858585859e-06 1.8949494949495e-06 7.33535353535355e-07 1.01959595959596e-06 0.000296049292929293 0.000258733737373738 0.000286006060606061 0.000218983030303031 2.00383838383839e-06 1.09474747474748e-06 1.48747474747475e-06 7.36161616161618e-07 1.16424242424243e-06 NA NA 0 4.21353535353536e-06 2e-08 2.81010101010102e-07 6.9878787878788e-07 2.53555555555556e-06 0 8.16161616161618e-08 2.16565656565657e-07 3.90668686868688e-05 0 0 0 2e-08 0 0 2e-08 1.6969696969697e-07
0 5.05858585858587e-07 8.12525252525254e-07 1.19878787878788e-06 0.000367683434343435 0.000531964242424243 0.00106870909090909 0.000634300404040405 2.63434343434344e-07 8.65050505050507e-07 1.74444444444445e-06 1.6810101010101e-06 1.4959595959596e-06 NA NA 0.02 1.51004040404041e-05 0 5.83838383838385e-07 2.21959595959596e-06 5.57313131313132e-06 0 6.06060606060607e-08 6.76767676767678e-07 0.000145661414141414 0 1.97979797979798e-08 1.68888888888889e-07 4.00808080808082e-07 0 0 1.66464646464647e-07 4.81212121212122e-07
0 0.0094961907070707 0.00802827111111111 0.0078612707070707 0.618520678383838 0.62927068989899 0.613343123232323 0.609693248080808 0.000409108484848486 0.013485738989899 0.00754591838383838 0.0161579963636364 0.00765646909090909 NA NA 0 0.00113174303030303 0 0.0148463868686869 0.0609085927272727 0.0897362985858586 0 0.0330683329292929 0.00580445494949495 0.686762686060606 9.59595959595961e-08 0.000298619595959596 6.03672727272728e-05 0.000236491515151516 2.2949494949495e-07 1.0389494949495e-05 5.23618181818183e-05 0.000117865050505051
8.32929292929294e-07 8.2888888888889e-07 2.16767676767677e-07 4.33737373737375e-07 0.000184362222222223 0.000219262222222223 0.000148755555555556 0.000109444848484849 5.00202020202021e-07 3.30303030303031e-07 3.91717171717172e-07 6.10101010101011e-07 3.55555555555556e-07 NA NA 0 2.80363636363637e-06 0 1.04040404040404e-07 6.51313131313133e-07 1.84808080808081e-06 0 4.04040404040405e-08 1.70505050505051e-07 3.11565656565657e-05 3.95959595959597e-08 5.87878787878789e-08 3.95959595959597e-08 3.95959595959597e-08 0 0 0 1.6929292929293e-07
9.379797979798e-07 8.31313131313133e-07 2.91515151515152e-07 6.8848484848485e-07 0.000172390101010101 0.00013937292929293 0.00020793898989899 0.000205414141414142 6.93131313131314e-07 9.41414141414143e-07 4.76767676767678e-07 7.67878787878789e-07 6.34343434343435e-07 NA NA 0 3.55272727272728e-06 0 1.88080808080808e-07 9.24646464646466e-07 1.99676767676768e-06 0 2e-08 8.16161616161618e-08 4.05343434343435e-05 0 0 3.95959595959597e-08 6.12121212121213e-08 0 0 8.24242424242426e-08 1.47676767676768e-07
1.46050505050505e-05 1.15078787878788e-05 1.35430303030303e-05 8.54444444444446e-06 0.0123364436363636 0.0131651583838384 0.0178874931313131 0.0106750309090909 4.14343434343435e-05 2.00238383838384e-05 1.33189898989899e-05 2.11040404040404e-05 8.78323232323234e-06 NA NA 0 1.06410101010101e-05 0 1.61838383838384e-06 2.05080808080808e-05 7.63060606060607e-05 0 3.25656565656566e-07 1.24121212121212e-06 0.00239417757575758 2.44848484848485e-07 0 6.12121212121213e-08 6.36565656565658e-07 0 0 3.95959595959597e-08 1.93737373737374e-07
1.23555555555556e-06 1.24929292929293e-06 6.57575757575759e-07 1.24040404040404e-06 0.000310100000000001 0.000406996565656566 0.000177300808080808 0.000301349292929293 1.21636363636364e-06 1.26222222222222e-06 1.55757575757576e-06 8.27474747474749e-07 4.61414141414142e-07 NA NA 0 2.79333333333334e-06 0 1.48484848484849e-07 8.93535353535355e-07 3.31676767676768e-06 0 0 8.24242424242426e-08 3.45630303030304e-05 0 0 8.16161616161618e-08 1.70505050505051e-07 0 2e-08 3.95959595959597e-08 4.04040404040405e-08
0 2.56250505050506e-05 1.4199393939394e-05 4.17109090909092e-05 0.0768012577777778 0.0752688688888889 0.0432361147474747 0.0503773858585859 0.000147941212121212 2.63525252525253e-05 4.03814141414142e-05 2.32589898989899e-05 2.26955555555556e-05 NA NA 0 2.22719191919192e-05 0 4.97406060606061e-05 3.62165656565657e-05 0.000328331919191919 3.95959595959597e-08 6.12121212121213e-08 1.47876767676768e-05 0.018991821010101 0 0 2e-08 1.22565656565657e-06 0 0 0 1.45252525252526e-07
0 2.38820202020202e-05 1.01672727272727e-05 1.26125252525253e-05 0.0250459062626263 0.0206046890909091 0.0206564535353535 0.0123453268686869 3.13452525252526e-05 1.50389898989899e-05 1.25632323232323e-05 1.52454545454546e-05 9.32464646464648e-06 NA NA 0 1.17545454545455e-05 2e-08 6.15898989898991e-06 1.32903030303031e-05 4.50105050505051e-05 0 2.13333333333334e-07 1.94828282828283e-06 0.00666172646464646 0 0 2e-08 6.12121212121213e-08 0 3.25454545454546e-07 8.24242424242426e-08 1.04040404040404e-07
1.7929292929293e-06 1.15858585858586e-06 7.59393939393941e-07 1.07636363636364e-06 0.00064613292929293 0.00086480484848485 0.000521186666666667 0.000558138181818183 2.02969696969697e-06 1.87777777777778e-06 1.20868686868687e-06 1.02787878787879e-06 1.23878787878788e-06 NA NA 0 4.38949494949496e-06 2e-08 6.65050505050506e-07 1.83454545454546e-06 6.83535353535355e-06 0 0 8.00000000000001e-08 6.51355555555557e-05 2e-08 0 0 6.04040404040405e-08 0 0 0 1.70505050505051e-07
2.88282828282829e-07 8.87676767676769e-07 3.41616161616162e-07 7.52929292929294e-07 0.000170174343434344 0.000174802424242425 0.000101424040404041 0.000136681212121212 1.24505050505051e-06 4.87878787878789e-07 5.31717171717173e-07 5.00202020202021e-07 3.81212121212122e-07 NA NA 0 3.13454545454546e-06 0 1.92121212121212e-07 5.43838383838385e-07 2.10767676767677e-06 0 0 1.04040404040404e-07 2.13571717171718e-05 0 0 0 4.04040404040405e-08 0 0 0 4.04040404040405e-08
0 0.00204642646464647 0.00222451838383839 0.00215162525252525 0.538803618989899 0.554547281616162 0.594168788686869 0.531939170909091 0.000214322424242425 0.00768664363636363 0.00224755858585859 0.00270092606060606 0.00134781797979798 NA NA 0 0.000576983030303031 0 0.00924319676767676 0.024413477979798 0.0368977557575758 0 0.0256493373737374 0.0019735802020202 0.644193616767677 8.0808080808081e-08 4.30222222222223e-06 4.47676767676768e-06 5.137898989899e-05 0 8.00000000000001e-08 5.31959595959597e-06 4.62478787878789e-05
0.00038539393939394 0.000510888080808081 0.0124307842424242 0.0100325058585859 0.518600421616162 0.474165172929293 0.47333008020202 0.423571182222222 0.000580933535353536 0.00222650181818182 0.017023061010101 0.00986860787878788 0.0091389698989899 NA NA 0.228484848484848 0.0605281042424242 0.000406130101010101 0.000523884242424242 0.14681359050505 0.135030134949495 0.000374736161616161 0.000662308686868687 0.100501184444444 0.497827608484848 0.000487034343434344 0.000390497373737374 0.00178904727272727 0.00394333414141414 0.000392492121212121 0.000593730101010101 0.0101528173737374 0.00181452747474748
0 0.00251362888888889 0.000847517979797981 0.000835403636363638 0.419474441212121 0.375470223636364 0.419457848888889 0.394522865454545 1.22042424242424e-05 0.000965118787878789 0.000887039191919193 0.000740411717171718 0.0011243703030303 NA NA 0 0.000126899797979798 2e-08 0.00146676121212121 0.00179425171717172 0.0061175604040404 2e-08 2.36505050505051e-06 0.000592049090909092 0.495428740808081 0 6.37373737373739e-07 1.62424242424243e-07 1.79985858585859e-05 2e-08 0 5.06666666666668e-07 4.0119191919192e-06
0 0.00046776 0.000624569898989899 0.000886580606060606 0.0736545296969697 0.0726716577777778 0.057448741010101 0.0722811092929293 2.38175757575758e-05 0.00132028929292929 0.00133909535353535 0.00220371353535354 0.000813324848484848 NA NA 0.470909090909091 5.82595959595961e-05 0 0.000443417575757576 0.00223663757575758 0.00682889898989899 0 6.89226262626264e-05 0.000377715555555556 0.0655272775757576 0 7.27272727272729e-09 0.00010563797979798 8.64525252525254e-06 0 2.24282828282829e-06 1.17345454545455e-05 0.000139793737373738
0 5.42375757575759e-05 0.000115255151515152 4.8648686868687e-05 0.129296892929293 0.188295128484849 0.203564770505051 0.193659043434343 1.17131313131313e-06 6.4248484848485e-05 5.65397979797981e-05 0.00031883494949495 4.50783838383839e-05 NA NA 0 2.51387878787879e-05 2e-08 0.000217927878787879 0.000178151515151515 0.00109092747474748 0 3.6929292929293e-07 4.13719191919193e-05 0.119488252727273 5.87878787878789e-08 5.87878787878789e-08 1.59111111111111e-06 1.55717171717172e-06 3.95959595959597e-08 0 4.73333333333334e-07 1.82424242424243e-07
1.65454545454546e-07 0.0096348905050505 0.00489892080808081 0.00589888323232323 0.685272426464646 0.726417733131313 0.685572025252525 0.654685265656566 0.000651514343434345 0.0135209022222222 0.0158105387878788 0.00644050666666666 0.0101605492929293 NA NA 0 0.00258721030303031 0 0.025469401010101 0.122475696767677 0.129153573333333 0 0.031835915959596 0.0182016650505051 0.707760507474748 0 3.62080808080809e-06 3.6279595959596e-05 0.000213981414141415 1.36363636363637e-07 0 6.22032323232324e-05 9.33773737373739e-05
2e-08 0.0332035248484848 0.0864806117171717 0.0644447488888889 0.640580488686869 0.67897399050505 0.606879974545455 0.612817444242424 0.00214594888888889 0.0637914822222222 0.0811866696969697 0.0651325682828283 0.0500904121212121 NA NA 0 0.0117022739393939 2e-08 0.067506217979798 0.242359387070707 0.261395405454545 2.04444444444445e-07 0.0905345761616162 0.165749367676768 0.684020214747475 2e-08 1.93955555555556e-05 0.000409171515151516 0.00292753131313131 4.70909090909092e-07 0.0417017880808081 0.000694302222222223 0.000546112323232324
1.49438383838384e-05 6.03959595959597e-06 9.15616161616163e-06 8.98989898989901e-06 0.0188287880808081 0.0457373274747475 0.0263346513131313 0.010133515959596 6.68816161616163e-05 2.04878787878788e-05 2.03490909090909e-05 1.78810101010101e-05 9.00060606060608e-06 NA NA 0 1.65133333333334e-05 0 2.88707070707071e-06 2.14347474747475e-05 9.56436363636365e-05 2e-08 2e-08 3.22222222222223e-07 0.00511716101010101 3.95959595959597e-08 2e-08 8.00000000000001e-08 1.85656565656566e-07 0 2e-08 4.04040404040405e-08 4.04040404040405e-08
1.68484848484849e-06 2.11232323232324e-06 1.23737373737374e-06 1.76545454545455e-06 0.000645384242424244 0.00137090404040404 0.00115664707070707 0.000800494343434345 1.87737373737374e-06 2.90343434343435e-06 1.68141414141414e-06 1.26767676767677e-06 1.06424242424243e-06 NA NA 0 5.02767676767678e-06 0 1.07454545454546e-06 2.73919191919192e-06 9.75292929292931e-06 0 2e-08 1.30020202020202e-06 0.000206010707070707 0 0 4.04040404040405e-08 2e-08 0 0 1.25252525252525e-07 1.23636363636364e-07
0 0.0378325775757576 0.0214692826262626 0.0203030232323232 0.625891835757576 0.56131800969697 0.626726866666667 0.605842251717172 0.00254275151515152 0.0392670464646465 0.0427942749494949 0.0241675735353535 0.0133647929292929 NA NA 0 0.000759937373737375 6.12121212121213e-08 0.0406723181818182 0.0928338852525253 0.126254704646465 1.01616161616162e-07 0.038912677979798 0.0195642103030303 0.677679896767677 2.31919191919192e-07 3.95959595959597e-08 0.000801981010101012 0.00248514808080808 0 7.75757575757577e-08 0.000242269696969697 5.06925252525253e-05
0.00155085474747475 0.00124372242424243 0.00164100343434343 0.00175218808080808 0.198324546464646 0.143831774747475 0.166543406666667 0.135387571919192 0.00167343474747475 0.0013668402020202 0.00187743636363636 0.00179046848484849 0.00170511656565657 NA NA 0.113939393939394 0.00930571131313131 0.00102634565656566 0.00138390303030303 0.00242500848484849 0.00411129070707071 0.00101308101010101 0.00166319575757576 0.00237394727272727 0.231298965858586 0.00117398767676768 0.00129379393939394 0.00127603616161616 0.00131791575757576 0.00100744707070707 0.00116893636363636 0.00127901090909091 0.00124569737373737
2.91858585858586e-06 1.38969696969697e-06 2.50424242424243e-06 1.96484848484849e-06 0.00175046303030303 0.00161897595959596 0.00195280585858586 0.00114361454545455 3.00666666666667e-06 2.73616161616162e-06 2.00989898989899e-06 9.89696969696971e-07 1.9410101010101e-06 NA NA 0 4.23878787878789e-06 0 4.79797979797981e-07 2.42767676767677e-06 7.52262626262628e-06 0 4.04040404040405e-08 5.93939393939395e-07 0.000324579595959597 0 0 2.87676767676768e-07 4.97777777777779e-07 0 0 2e-08 2.50505050505051e-07
0.424242424242424 0.228556414343434 0.284568408080808 0.329321472929293 0.14988667030303 0.150943571111111 0.144748542626263 0.142953366666667 0.397772770707071 0.18913977030303 0.297599654343434 0.315775762828283 0.292036151919192 NA NA 0.424242424242424 0.417745992323232 0.424242424242424 0.177888471717172 0.221785290707071 0.166799391919192 0.424242424242424 0.168764684444444 0.234807466868687 0.149968994141414 0.398364003838384 0.424242424242424 0.366742665858586 0.419314187474747 0.424242424242424 0.424230323030303 0.414132896161616 0.362010986666667
0 0.0054509703030303 0.00881025838383838 0.0112272670707071 0.605044662222222 0.67009726989899 0.678329452323232 0.604158730505051 8.4158585858586e-05 0.0238497852525253 0.00869371353535353 0.00478568242424242 0.00508924464646465 NA NA 0 0.000704076767676769 5.87878787878789e-08 0.0128289696969697 0.0429217870707071 0.0859601775757576 1.61616161616162e-07 0.0243583418181818 0.0331359056565657 0.693682972929293 0 2e-08 1.8639191919192e-05 0.000179964646464647 0 0.00040849696969697 1.17878787878788e-06 0.000223136161616162
0.0587878787878788 0.0265146026262626 0.0323255458585859 0.0296666345454545 0.592726535555556 0.589183992929293 0.530889462424242 0.49954753959596 0.0212358850505051 0.0295247781818182 0.0318266294949495 0.0380826383838384 0.0334576666666667 NA NA 0.0587878787878788 0.030506341010101 0.0465346286868687 0.0321915305050505 0.0787125226262626 0.110332104040404 0.0587878787878788 0.0470427290909091 0.0686594646464646 0.611365553131313 0.0587878787878788 0.0191228763636364 0.0257663446464646 0.0251286515151515 0.0415595925252525 0.0279970163636364 0.0258537951515152 0.0253711234343434
0 3.10923232323233e-05 2.53222222222223e-05 9.63131313131315e-06 0.0188803147474747 0.0364375602020202 0.0504257456565657 0.0263352141414141 8.36161616161618e-07 8.23434343434345e-06 2.66911111111112e-05 1.89022222222223e-05 1.1689898989899e-05 NA NA 0 1.79224242424243e-05 3.95959595959597e-08 1.30836363636364e-05 4.66139393939395e-05 0.000154399595959596 2e-08 4.8888888888889e-07 5.21555555555557e-06 0.0127510367676768 0 4.04040404040405e-08 4.63838383838385e-07 3.28888888888889e-07 0 2e-08 5.87878787878789e-08 1.04040404040404e-07
0 1.41525252525253e-05 7.91838383838385e-06 1.48313131313132e-05 0.0278764721212121 0.0404800212121212 0.0873268016161616 0.0188030777777778 1.07050505050505e-06 2.38634343434344e-05 2.85428282828283e-05 1.6929292929293e-05 2.03581818181819e-05 NA NA 0 1.80555555555556e-05 0 9.51414141414143e-06 0.000115038585858586 0.000128846060606061 0 9.59595959595961e-08 3.48969696969698e-06 0.0159673680808081 0 4.04040404040405e-08 2e-08 1.14e-06 4.04040404040405e-08 0 1.04040404040404e-07 6.1878787878788e-07
0 0.0286435062626263 0.0201493690909091 0.0162077527272727 0.636173088484849 0.613151217777778 0.593950257575758 0.581791605656566 0.00223171313131313 0.032931878989899 0.0237419878787879 0.0183076793939394 0.0179326660606061 NA NA 0 0.00159288747474748 2e-08 0.0300161105050505 0.0641663638383838 0.109637933939394 0 0.0349991084848485 0.0291512404040404 0.670500603232323 5.39797979797981e-07 8.10242424242426e-06 2.38254545454546e-05 0.000384523636363637 0 9.47676767676769e-07 0.000890901818181819 0.000341623636363637
0 0.0129688711111111 0.00789189191919192 0.00676112141414141 0.706920732929293 0.64762601979798 0.679542829292929 0.546713282828283 0.000750497777777779 0.00843383696969697 0.00510241717171717 0.00752479878787878 0.0046381004040404 NA NA 0 0.000600149494949496 1.36363636363637e-07 0.014586815959596 0.0344356347474747 0.0902206939393939 1.29616161616162e-06 0.0124714042424242 0.0158119828282828 0.699327641818182 0 2.38181818181819e-07 1.39284848484849e-05 0.000315522828282829 2e-08 0 0.000211697777777778 0.000157821616161616
0 0.0134955076767677 0.00314989919191919 0.00357493575757576 0.59788818020202 0.537147773131313 0.606228584444444 0.573428942626263 0.000411446060606061 0.0197205686868687 0.0132998581818182 0.00819553959595959 0.0056786901010101 NA NA 0 0.00100373292929293 0 0.00658846222222222 0.0580048515151515 0.0793080884848485 8.52525252525254e-07 0.0627119068686869 0.00492406767676768 0.691258557171717 0 3.1789898989899e-06 0.000353420808080809 3.40278787878788e-05 0 6.45541414141415e-05 1.71307070707071e-05 0.000261744646464647
0 0.00177312242424242 0.00271323676767677 0.00209092505050505 0.254186837171717 0.269283816565657 0.238322436363636 0.233833771515152 0.000118688888888889 0.00496670585858586 0.00150651777777778 0.00244447151515151 0.00243203636363636 NA NA 0.45959595959596 0.000178785050505051 0 0 0.0459131331313131 0.0402379864646465 0 0.000358645656565657 0.0172542157575758 0.262044563030303 3.77373737373738e-07 3.92727272727273e-07 8.28541414141416e-05 0.000130463636363637 0 4.92929292929294e-08 3.3799393939394e-05 0.000469651313131314
0 0.00561113353535353 0.0045671698989899 0.00280831575757576 0.561395725454545 0.487805196767677 0.607832428080808 0.535594094747475 8.25373737373739e-05 0.00909147656565656 0.00847127717171717 0.00514247151515152 0.00496591414141414 NA NA 0 0.000699778787878789 2e-08 0.0127182527272727 0.0198341432323232 0.0642478466666667 2e-08 0.0339569155555556 0.0026668395959596 0.646052360606061 2.94949494949496e-07 8.16161616161618e-08 0.000182600404040404 7.86862626262628e-05 1.89090909090909e-07 6.82626262626264e-07 7.44242424242426e-07 0.000124007474747475
5.87878787878789e-08 0.00829078787878787 0.0101440105050505 0.00797717898989899 0.731118418585859 0.722688082020202 0.694529341414141 0.673704646868687 0.000713434747474749 0.0273174505050505 0.0227434727272727 0.0121873101010101 0.0091347703030303 NA NA 0 0.00523876646464646 0 0.0404975618181818 0.113948424444444 0.163787318383838 0 0.0270389452525253 0.0144944646464646 0.721708133131313 0 2e-08 0.000343998383838384 0.000565937777777779 4.04040404040405e-08 3.74747474747475e-07 4.73333333333334e-07 0.000813451111111113
0 0.000567175555555557 0.000322799191919192 9.97959595959598e-05 0.321891085050505 0.230002105050505 0.286718190707071 0.211335575959596 2.91858585858586e-06 0.000297287474747475 0.000137610707070707 0.000109812727272727 0.000161712121212122 NA NA 0 4.58119191919193e-05 0 0.000260029898989899 0.00154454 0.00175333212121212 0 9.09898989898992e-07 1.83454545454546e-06 0.347229847474747 0 2e-08 3.429898989899e-06 1.09232323232323e-06 0 0 1.36323232323233e-06 1.23636363636364e-07
5.93939393939395e-07 7.23838383838385e-07 5.81616161616163e-07 3.2949494949495e-07 0.000122789696969697 0.000125737373737374 0.000108590303030303 0.000127257373737374 9.89494949494951e-07 3.41616161616162e-07 8.579797979798e-07 3.41616161616162e-07 6.3838383838384e-07 NA NA 0 2.42161616161617e-06 0 2.30101010101011e-07 9.19797979797982e-07 9.20808080808082e-07 2e-08 0 6.12121212121213e-08 1.73539393939394e-05 0 0 4.04040404040405e-08 1.26060606060606e-07 0 0 0 6.12121212121213e-08
0 7.40262626262628e-06 5.67414141414142e-06 5.79575757575759e-06 0.00546068101010101 0.0101279028282828 0.00806535717171717 0.00830688202020202 2.96769696969698e-05 6.67131313131314e-06 9.64848484848487e-06 6.18646464646466e-06 3.44323232323233e-06 NA NA 0 1.04058585858586e-05 0 1.50282828282829e-06 9.58525252525254e-06 3.72830303030304e-05 0 2e-08 1.23555555555556e-06 0.00180024262626263 0 0 2e-08 2.90707070707071e-07 2e-08 2e-08 4.04040404040405e-08 1.03232323232323e-07
0 0.000488777171717172 0.000763126868686869 0.000943855353535354 0.352630593535354 0.314475212929293 0.275930662222222 0.209228788686869 2.46739393939394e-05 0.00135205434343434 0.00126213858585859 0.00127173434343434 0.000807520404040405 NA NA 0 0.000391350101010101 0 0.00275393434343435 0.00211819232323232 0.00566154545454546 0 7.96767676767678e-07 0.000624008888888889 0.408073273333333 1.00808080808081e-07 1.20404040404041e-07 1.70242424242425e-06 1.69816161616162e-05 3.91111111111112e-07 1.37979797979798e-07 3.12303030303031e-06 5.9058585858586e-05
1.44080808080808e-06 1.16282828282828e-06 4.71111111111112e-07 8.54141414141416e-07 0.000196488888888889 0.000157471111111111 0.000166444444444445 0.000224723838383839 8.24242424242426e-08 1.93474747474748e-06 1.18707070707071e-06 1.11515151515152e-06 8.71717171717173e-07 NA NA 0 4.19878787878789e-06 0 1.48484848484849e-07 8.52323232323234e-07 2.64646464646465e-06 0 2e-08 1.26060606060606e-07 3.82773737373738e-05 0 0 0 0 0 0 2e-08 1.88080808080808e-07
5.02222222222223e-06 3.49939393939395e-06 2.83717171717172e-06 3.56363636363637e-06 0.00314558484848485 0.00378104141414142 0.00191958888888889 0.0021621101010101 5.85696969696971e-06 7.27616161616163e-06 3.82161616161617e-06 3.70000000000001e-06 3.74202020202021e-06 NA NA 0 8.21838383838385e-06 0 6.73737373737375e-07 5.17131313131314e-06 1.40545454545455e-05 2e-08 6.12121212121213e-08 1.31070707070707e-06 0.000315588686868687 0 0 2e-08 2.82626262626263e-07 0 0 0 6.12121212121213e-08
2e-08 6.04040404040405e-08 0.000393658787878789 0.000297172323232324 0.336343276969697 0.285816964040404 0.38217200040404 0.283964198181818 3.56909090909092e-06 5.96557575757577e-05 0.000435959393939395 0.000157267272727273 0.000341555353535354 NA NA 0.131515151515152 0.00166150161616162 2.06060606060606e-08 2.22828282828283e-07 0.00355391858585859 0.00905822565656565 1.17979797979798e-07 1.00808080808081e-07 0.00108186828282828 0.432487608686869 7.87878787878789e-08 2.14545454545455e-07 1.49523232323233e-05 1.6460202020202e-05 6.12121212121213e-08 2.06202020202021e-06 8.78303030303032e-06 4.11612121212122e-05
0 0.0520722852525253 0.0260036026262626 0.0218916135353535 0.712569527878788 0.69648459979798 0.705423626666667 0.700201411313131 0.00221135090909091 0.0388875331313131 0.0535328842424242 0.0359380103030303 0.0205394864646465 NA NA 0 0.00493024484848485 0 0.0692629105050505 0.238605006464646 0.233845388888889 3.95959595959597e-08 0.0867534608080808 0.121316255757576 0.728101225454545 0 1.41509090909091e-05 0.000897651313131315 0.000890173535353537 2.64040404040405e-07 0.0219208903030303 0.000237829090909091 0.00124097717171717
9.26929292929295e-06 6.54444444444446e-06 7.2288888888889e-06 1.02163636363637e-05 0.0115572060606061 0.0184366088888889 0.015962678989899 0.0105220715151515 4.11919191919193e-07 1.50963636363637e-05 1.0739797979798e-05 1.04660606060606e-05 9.42525252525254e-06 NA NA 0 1.35319191919192e-05 0 1.62888888888889e-06 1.11652525252525e-05 5.20159595959597e-05 0 8.24242424242426e-08 1.08989898989899e-06 0.00319014707070707 0 0 3.95959595959597e-08 8.15353535353537e-07 0 4.50101010101011e-07 6.12121212121213e-08 7.13535353535355e-07
0 0.0130716919191919 0.00990683373737373 0.0179749694949495 0.707045431111111 0.745601648888889 0.669588088282828 0.670212947878788 0.000533937373737375 0.0193589628282828 0.0159604113131313 0.0119983371717172 0.0134280785858586 NA NA 0 0.00331978626262626 2e-08 0.0228013341414141 0.130476169292929 0.150957343232323 5.87878787878789e-08 0.0475148563636364 0.053906544040404 0.727961062626263 2e-08 1.54343434343435e-07 3.33931313131314e-05 0.00159828686868687 2e-08 3.45050505050506e-07 0.000107832121212121 1.36565656565657e-05
0 0.0134845971717172 0.00892194909090909 0.01324642 0.696601801414141 0.707448457777778 0.677867502222222 0.642380555757576 0.000314400000000001 0.0122472832323232 0.0131375591919192 0.00615516808080808 0.00852399151515151 NA NA 0 0.00153662808080808 0 0.0200574618181818 0.0780961034343434 0.123458023636364 1.31515151515152e-07 0.0386023078787879 0.00527195858585858 0.704247451717172 7.75757575757577e-08 2e-08 3.78024242424243e-05 9.71595959595961e-06 0 0.000166850909090909 0.000277983434343435 0.00177089737373738
0 0.000194985050505051 2.81438383838384e-05 3.60935353535354e-05 0.196999333939394 0.0967471985858586 0.0962287444444444 0.0925781331313131 2.43636363636364e-06 8.14129292929294e-05 4.1869292929293e-05 6.49466666666668e-05 4.71056565656567e-05 NA NA 0 3.96008080808082e-05 0 3.89002020202021e-05 0.000161578585858586 0.000331469696969698 0 1.85656565656566e-07 2.70040404040405e-06 0.0755243422222222 0 2e-08 2.71313131313132e-07 1.12707070707071e-06 0 0 4.04040404040405e-08 1.25878787878788e-06
6.29494949494951e-07 7.56161616161618e-07 4.20808080808082e-07 5.42828282828284e-07 0.00027899494949495 0.000368702828282829 0.000212924444444445 0.000246814141414142 1.14585858585859e-06 9.19191919191921e-07 7.56969696969698e-07 9.62222222222224e-07 1.05111111111111e-06 NA NA 0 2.49717171717172e-06 0 2.06868686868687e-07 1.11656565656566e-06 2.19777777777778e-06 0 0 2.41414141414142e-07 3.16723232323233e-05 2e-08 0 0 6.12121212121213e-08 0 0 0 2e-08
0 0.000711312121212122 0.000491769292929294 0.000674813131313132 0.448525074141414 0.424454371111111 0.354227056363636 0.343543702424242 1.51925252525253e-05 0.0012027301010101 0.000651325858585859 0.00112896404040404 0.000324914343434344 NA NA 0 0.000177952727272728 0 0.00213699858585859 0.00253740606060606 0.00831295878787878 3.95959595959597e-08 0.00146905191919192 0.000361748686868688 0.495976732929293 0 2.01212121212122e-07 2.72929292929293e-07 7.86305050505052e-05 1.02424242424243e-07 4.04040404040405e-08 9.91919191919194e-08 1.06890909090909e-05
0 0.00561001919191919 0.00580718101010101 0.00421500121212121 0.609610285252525 0.568183207070707 0.566784310707071 0.556939082424242 4.55858585858587e-05 0.0077294305050505 0.00413482242424243 0.00648390484848484 0.0015680397979798 NA NA 0 0.00064833393939394 2.8259393939394e-05 0.0139694236363636 0.0373965781818182 0.075921142020202 5.87878787878789e-08 0.0269627141414141 0.0111547876767677 0.662570183838384 0 0 1.86666666666667e-06 0.000246729696969697 0 6.85858585858587e-07 1.66949494949495e-05 4.34442424242425e-05
3.83715151515152e-05 1.08115151515152e-05 1.15082828282828e-05 1.15088888888889e-05 0.0145301521212121 0.0195759785858586 0.00842926323232323 0.00822220484848485 7.05252525252527e-07 2.87545454545455e-05 2.40018181818182e-05 1.32478787878788e-05 1.13244444444445e-05 NA NA 0 1.11670707070707e-05 0 4.16808080808082e-06 2.51680808080809e-05 8.98498989898992e-05 0 1.21212121212121e-07 3.92323232323233e-06 0.00373919111111111 2e-08 2e-08 4.04040404040405e-08 4.47676767676768e-07 0 0 3.38585858585859e-07 4.41818181818183e-07
2.15862626262627e-05 1.62561616161616e-05 1.07492929292929e-05 9.41515151515153e-06 0.0113267737373737 0.025896316969697 0.0284735436363636 0.00680057818181818 2.27264646464647e-05 1.72589898989899e-05 1.61624242424243e-05 1.10238383838384e-05 1.25024242424243e-05 NA NA 0 8.15616161616163e-06 0 2.22121212121213e-06 2.57933333333334e-05 6.14917171717173e-05 0 8.00000000000001e-08 3.20646464646465e-06 0.00405887474747475 0 0 2.80404040404041e-07 4.79797979797981e-07 0 0 2.38989898989899e-07 6.04040404040405e-08
0 2.10868686868687e-06 5.46525252525253e-06 6.34747474747476e-06 0.00159238525252525 0.00120361878787879 0.00175428222222222 0.00144040444444445 6.60404040404042e-07 4.64646464646466e-07 9.02363636363637e-06 8.89555555555556e-06 8.79212121212122e-06 NA NA 0.095959595959596 1.66325252525253e-05 0 4.84444444444445e-07 9.37252525252526e-06 3.67248484848485e-05 0 3.5919191919192e-07 1.52323232323233e-06 0.00033323393939394 0 0 7.09898989898991e-07 8.82020202020204e-07 0 1.85858585858586e-08 6.989898989899e-08 6.41010101010102e-07
1.72751515151515e-05 6.43818181818183e-06 4.45111111111112e-06 4.36161616161617e-06 0.0123646727272727 0.00847629171717171 0.00503428202020202 0.0071545098989899 2.65163636363637e-05 7.78666666666668e-06 5.58404040404041e-06 9.03454545454547e-06 7.41454545454547e-06 NA NA 0 1.05490909090909e-05 0 1.83090909090909e-06 2.15159595959596e-05 3.79074747474748e-05 0 2.60808080808081e-07 9.08888888888891e-07 0.00210972929292929 0 4.04040404040405e-08 2.24444444444445e-07 5.64040404040405e-07 0 0 1.91313131313132e-07 6.46060606060607e-07
8.23494949494951e-06 4.67232323232324e-06 3.15818181818182e-06 7.2838383838384e-06 0.00206920929292929 0.00379389333333333 0.0025809101010101 0.0035333903030303 6.92464646464648e-06 4.72141414141415e-06 7.73131313131314e-06 4.58666666666667e-06 5.029898989899e-06 NA NA 0 4.86424242424243e-06 0 1.36484848484849e-06 3.84444444444445e-06 2.50359595959596e-05 0 0 4.41212121212122e-07 0.00058545292929293 0 2e-08 6.12121212121213e-08 1.68080808080808e-07 0 0 6.12121212121213e-08 2e-08
0 0.000597241010101011 0.0006586298989899 0.000455700404040405 0.514766723030303 0.444594325050505 0.506634679191919 0.403277675959596 1.54947474747475e-05 0.00160160464646465 0.000673593333333335 0.000635765454545456 0.000381665454545455 NA NA 0 0.000117141414141414 2e-08 0.00162658585858586 0.00256951717171717 0.00493966767676767 1.43636363636364e-07 1.56444444444445e-06 0.000412674747474748 0.523871513939394 0 0 4.04040404040405e-08 8.07737373737375e-05 2e-08 7.00606060606062e-07 2.12505050505051e-06 2.10721212121212e-05
0 0.00419199818181818 0.000783975555555557 0.000594254747474749 0.550423975959596 0.483170502020202 0.477632314343434 0.491336054343434 0.000157779797979798 0.00332268646464647 0.00144956323232323 0.000564522626262627 0.000372007676767677 NA NA 0 0.000118347272727273 0 0.0055541404040404 0.0102883812121212 0.0267231068686869 2.79278787878788e-05 3.80000000000001e-07 0.000895720404040406 0.595570188888889 0 0 8.69333333333335e-06 1.48804040404041e-05 0 0 2e-08 8.13555555555557e-06
7.75757575757577e-08 0.00121394585858586 0.000568878787878789 0.00113316525252525 0.483717504242424 0.573205490707071 0.430130631919192 0.424392866060606 2.46006060606061e-05 0.00393712101010101 0.00153794242424243 0.00249099636363637 0.000847072929292931 NA NA 0 0.00015467595959596 4.04040404040405e-08 0.00429979454545455 0.0036107193939394 0.0132493163636364 0 8.63030303030305e-07 0.00135616242424243 0.605594286262626 0 4.04040404040405e-08 3.96424242424243e-06 8.70642424242426e-05 0 4.43636363636364e-07 9.7167878787879e-05 9.61616161616163e-06
3.90909090909092e-07 6.99595959595961e-07 4.85454545454546e-07 4.44444444444445e-07 0.000270672121212122 0.000136010101010101 0.000105526666666667 0.000156041818181818 8.26666666666668e-07 7.7818181818182e-07 1.01555555555556e-06 7.62020202020203e-07 3.92525252525253e-07 NA NA 0 4.05272727272728e-06 0 2.42222222222223e-07 9.89696969696971e-07 2.03919191919192e-06 0 0 1.86464646464647e-07 2.06157575757576e-05 0 0 3.95959595959597e-08 1.04040404040404e-07 0 0 0 2e-08
