"U_1_Gam_alpha2F" "U_2_Gam_alpha2F" "U_5_Gam_alpha2F" "U_10_Gam_alpha2F" "U_1_Gam_alpha1F" "U_2_Gam_alpha1F" "U_5_Gam_alpha1F" "U_10_Gam_alpha1F" "U_1_Gam" "U_2_Gam" "U_5_Gam" "U_10_Gam" "Sylvia_Sparse" "FM_RevJump" "MBC" "DPM" "FM_Raffaele" "U_1_PC_alpha2F_01" "U_2_PC_alpha2F_01" "U_5_PC_alpha2F_01" "U_10_PC_alpha2F_01" "U_1_Gam_ProbKp_01" "U_2_Gam_ProbKp_01" "U_5_Gam_ProbKp_01" "U_10_Gam_ProbKp_01" "U_1_PC_alpha2F_09" "U_2_PC_alpha2F_09" "U_5_PC_alpha2F_09" "U_10_PC_alpha2F_09" "U_1_Gam_ProbKp_09" "U_2_Gam_ProbKp_09" "U_5_Gam_ProbKp_09" "U_10_Gam_ProbKp_09"
0.73461386117543 0.734478167787856 0.772224221784318 0.766930917391659 4.41943948332549 3.44309468143864 3.43871985278715 3.02999793984355 0.767987841850214 0.728983185148963 0.757407725208508 0.749592814340721 0.801155026775031 0.274929978710569 0.12703352351749 Inf 4.99723738597781 0.699498681218065 0.716774569484981 0.919539510124181 0.976058413477266 0.70976417674319 0.705081703958235 0.830717397863681 3.09021942215958 0.70177987927235 0.705358821542922 0.684389618228706 0.732586059938629 0.740397731253478 0.709307220743551 0.714007906154435 0.699419847590332
1.21499405564554 1.22284701319699 1.23275759121626 1.23424641266702 4.79066408359439 4.99983234034865 4.35450795698457 4.06907625034228 1.1853659578008 1.18880994754093 1.23721296384321 1.25698965610962 1.27745856022165 0.727521448069261 0.489161435429025 Inf 5.35360481605297 1.23985930675871 1.18118740020308 1.49944991036553 1.62095857561491 1.20380363810971 1.25753628150799 1.43372139445772 3.74768850530146 1.19224725683273 1.2481764224044 1.20267385121495 1.21282608706308 1.17600327861195 1.15169070386123 1.25152856942103 1.23901560907448
0.605568757884516 0.629593039240122 0.644821911201163 0.633616152335912 3.15674053434853 2.41576904054806 2.44205281115975 2.5614926720716 0.59399872068987 0.633496399262103 0.625212142929497 0.650222063556441 0.653060029113094 0.629737474881333 0.749083885684963 Inf 4.00744754483483 0.627212144741611 0.593902281719277 0.650060992286619 0.743440382610019 0.602608198226611 0.563769796178011 0.668404909501541 2.20325016369394 0.647958293079401 0.594257711803977 0.633986244924883 0.627106307340773 0.625846909966104 0.653220586783255 0.633574387694631 0.684090925876933
0.771474976462681 0.712823019560441 0.724621783479951 0.729252251861385 2.01754696630421 2.40232979282807 2.07243139772306 2.09956422761664 0.71137764239542 0.699727056458958 0.695690467746842 0.742118851358803 0.727380793249536 0.979419839907989 1.38794568575312 Inf 3.64654337333462 0.697485599952785 0.643324482371758 0.702558595003071 0.748955530532271 0.686864968018785 0.648168051613493 0.786554916313552 1.78909015582977 0.697427316461703 0.707133993728565 0.72004548711678 0.687939903538191 0.715231743760423 0.726658410459117 0.722056758158697 0.725278709643839
0.706302057803958 0.730217966849228 0.776237464331631 0.746562536210496 2.82805198600344 2.74422216713108 2.8766286944192 2.95805585676013 0.685819273829395 0.685830778513245 0.769329538073965 0.790187778920121 0.754584387375557 0.657136245269572 0.257666542240952 Inf 3.84237862304773 0.712765597969671 0.735731774441383 0.877688454995662 0.924593440659373 0.733849661910799 0.700203527427938 0.77465775145881 2.29525034518963 0.688188537795804 0.751125650398093 0.718678833315139 0.773602726658131 0.749505160285658 0.717296406585715 0.758751972119165 0.761551739633284
0.866492769078306 0.946528599241887 0.936040788299961 0.993118369235263 3.75986094956749 3.32454975089773 3.11251092573271 2.80666822408809 0.90685304097522 0.969677673756738 0.922484341091891 0.997198763962206 0.902148343035009 0.69895421762159 0.522013306054292 Inf 4.24020454800116 0.923888895243927 0.890203243860173 1.00831356586386 1.11725013440243 0.890111288338742 0.832916445828391 0.965961397812768 2.58327527424852 0.927473738528453 0.925881086915989 0.855503730329144 0.849645690917807 0.913144065154459 0.949221552980313 0.916728173920849 0.952756972736316
2.61314736704042 2.36605245003765 2.36936562393866 2.43423687038824 3.62165318917233 4.23487537192392 3.73986975759043 3.87467979537405 2.4908154173779 2.41270604639643 2.3776485001599 2.62237709288217 2.42222927084659 2.52755395995755 2.51933681924847 Inf 5.72322379329118 2.48610570380459 2.39840692707998 2.43146773668385 2.50013515059348 2.42652102547522 2.42314825608831 2.32566403915759 3.27117836442124 2.49997873280851 2.42478391571059 2.45449305051495 2.51970703533709 2.397081963563 2.44711352782648 2.46175299366256 2.40063083789396
1.40993958548946 1.45156045490667 1.46729806397015 1.46750460485216 3.26654053959691 3.69528011054993 3.60546680398707 3.31154365896779 1.32127271125095 1.4544707643836 1.49884087945494 1.50125450968012 1.54206576208486 1.40894196413757 1.46270065857133 Inf 4.89141389111078 1.40538234975441 1.47965986115378 1.57012489779535 1.67546606878648 1.43589969118295 1.43906129981669 1.4923947687134 3.13940786939955 1.4519078208514 1.45832967834778 1.4588899821712 1.43647304003318 1.44688632181003 1.41824616707572 1.49276474828898 1.42695112121255
1.49967871778336 1.47758577148335 1.46552036539687 1.53102462718747 3.29236811572634 3.04687610172697 3.3085989213129 2.60768092733712 1.32355189600866 1.40114671543734 1.48473235843685 1.52491890107665 1.43315334373759 1.38625272206095 2.127377887375 Inf 4.77477854436082 1.50432217424988 1.44997020374425 1.61457903354163 1.52077582648489 1.38207492316153 1.47545752176174 1.46205171743935 2.60768869754651 1.52861374556851 1.41880423212842 1.53918321221796 1.55037763119258 1.51283778961814 1.55167232777644 1.5333648873666 1.50201609991389
0.326491553446815 0.337420738322781 0.370457371535245 0.376372872677511 2.82731598161039 2.67013271619358 2.62696724804023 2.02611605461165 0.382825176555857 0.376310411941449 0.385166582564499 0.406792405203328 0.364409097740458 0.557285592360113 0.703135702344573 Inf 3.75787045492586 0.396045329149916 0.382086125872243 0.41910740480828 0.461925609387345 0.357313228639979 0.339998661508182 0.432881964289863 1.88966862536864 0.376373809943214 0.346139027714818 0.397572283675248 0.374651517519953 0.357449621210528 0.219275810591702 0.403813612307561 0.364600941888163
0.176852696038018 0.163201327319468 0.159923927798088 0.166452618163182 2.43582822009459 1.62013215842667 1.95958653298561 1.7828042357028 0.201083888725813 0.173225475307615 0.182459370682028 0.16172618680565 0.182333311603044 0.131446460004027 0.228996168360674 Inf 3.22105412336453 0.159985537323715 0.169900154948782 0.198437481308272 0.270550661930968 0.161204092242498 0.175881662061901 0.205749974092465 1.55313021055222 0.164466659218065 0.153662541804238 0.171048004808574 0.16342447755726 0.164396657416952 0.155642652129913 0.163418007381937 0.166907293389636
1.63508024867307 1.49652868859636 1.48361739063661 1.49061304780307 2.78111373344715 3.63391940985549 2.55645025972298 2.30313356117662 1.39993717188018 1.50552930455973 1.56579356460482 1.54573329426823 1.54183654623147 1.8540369561682 1.97648708633552 Inf 4.81462201471041 1.57395111848424 1.51987864065036 1.45833219703845 1.54155077766736 1.48725651760334 1.37868230484432 1.48538500405503 2.38737502218593 1.5502733573473 1.52285744715336 1.53623978250388 1.49497203564489 1.51565047752323 1.48157656942579 1.52078218724463 1.55299318396144
1.00626375614183 1.05009516630675 1.09017490100788 1.02731461480572 3.89272522492802 3.20988837882071 3.10367125101583 2.92462833583954 1.10975809471411 1.06243899246582 1.09714258243295 1.09171294158848 1.06359769507514 0.83681610096547 0.391563659172274 Inf 4.49925455728152 1.02357626688591 1.02369989955054 1.15741475840955 1.18545942800859 1.00183583533254 1.03369507527889 1.10463169315294 2.79168211096101 1.04469889719033 1.0189595848084 1.06225812383234 1.06774138529342 1.05602912919041 1.03206391380788 1.03505352485951 1.03587055354146
0.434386456269244 0.450057552466607 0.500823185014015 0.504938259898968 3.47470255463166 3.20631964675065 2.83102795932469 2.73930916697945 0.498198339617263 0.484837185176977 0.505077766918794 0.548614121406052 0.554088964212359 0.132861897384506 0.059702760522372 Inf 4.2568905820764 0.474248310864695 0.494842755642187 0.673743411439789 0.668777058908059 0.461149567283574 0.467222376347871 0.565734985021792 2.65008353912544 0.49038455195495 0.47503118331696 0.473176884244472 0.514535330116588 0.454595059293028 0.440502692869811 0.488589759473816 0.491450935390381
1.29098693570281 1.21129595461097 1.2641513797665 1.26002345505344 3.82589723312022 3.82844296373685 3.4557033260155 3.19367707445741 1.15495991413384 1.16854887598136 1.27522814372116 1.29889942005694 1.22759031355518 0.787479842172023 0.85624106831278 Inf 4.81386406364202 1.30427504879126 1.20536982743311 1.29194933548322 1.43909576495906 1.19952433764543 1.10479926507163 1.31511929653014 3.05893638302437 1.18173784004253 1.23565162390504 1.24227802050647 1.28333839917355 1.19912132926205 0.788680390788026 1.23626280250079 1.25184213025176
2.15061161663528 2.32486984292843 2.33949529981603 2.27450615215437 4.76140551721695 5.15111789589478 4.72501510261012 4.45633863663451 2.4292577316852 2.28350871052777 2.35707080279216 2.39578476332393 2.29727756332789 2.00002241391897 1.44921716978845 Inf 5.88320675870754 2.24928287769195 2.24298746636757 2.48258138111067 2.49572972179275 2.29386335534546 2.11725869825652 2.41356720830325 4.07149573731929 2.2190360328127 2.22308539747854 2.26607036601355 2.30468637174602 2.25940285001263 2.20348611205666 2.31210192606482 2.32105845051193
1.70229887881878 1.74450753178638 1.78274218895479 1.80110422230633 5.01573484646818 5.35149638436958 4.93414596711604 4.49875757892062 1.69065490069133 1.73872742218829 1.81137369076283 1.86044254281908 1.80851453637335 1.31316876361804 1.01941413112441 Inf 5.67115273495391 1.73577947618794 1.75828207299632 2.08409657722095 2.16755629762388 1.73491837019016 1.70048309438063 1.95678126682149 4.03060505927081 1.6869742955009 1.75772595791665 1.75836846558884 1.73192276817604 1.72005106838597 1.75549200959776 1.72850572510626 1.77714234401485
0.527049331798025 0.540156510309568 0.555673310254614 0.594910014105732 3.38510935647992 3.07217810709649 3.23134383178433 2.47805610371176 0.547077298670237 0.557547775565391 0.592553911372053 0.577868047154708 0.542160431123353 0.387875976117948 0.1788700497611 Inf 3.57981762181454 0.540476318040839 0.514970972719287 0.611732950720821 0.6622335313066 0.573994446319958 0.485777025249066 0.582995834407312 2.24037153539621 0.511185621205383 0.5350339160742 0.5368683537444 0.576055670227037 0.553457261269403 0.524664508828443 0.568836344114172 0.578038323516419
1.16681036202503 1.14844322193858 1.2801316395081 1.28573132869423 3.87764765546895 3.65834362271808 3.67030001106132 3.37954500887701 1.25308403769648 1.1709735759351 1.27375913684816 1.24586240355314 1.22024961723306 0.846128883073109 0.673474795238409 Inf 4.99326189107903 1.15607006783806 1.21625649234799 1.321889087329 1.38182712687807 1.22089102937338 1.17186608422667 1.29541167867701 3.12604647724718 1.15867663376544 1.14384888123086 1.17913542172373 1.23001846105207 1.20263526801357 1.19073005607465 1.20707098270799 1.21082960951126
1.43004757174472 1.40378882192819 1.49624176690546 1.47570860140432 3.53538153298957 3.18625336576231 3.53475178486128 2.92424031670935 1.48477770697741 1.44947929651033 1.50105979524857 1.49898954061382 1.47274548799041 1.4440251984408 1.4917862535953 Inf 3.96107126053085 1.45400851654567 1.49267411900574 1.45291435011612 1.58621712801379 1.48136711355771 1.42881882377864 1.50309663144847 2.84743345273751 1.43093996990001 1.45976492004467 1.45227821225032 1.46269561972538 1.48102165172852 1.41649810840209 1.5093908853321 1.38848478506242
0.340302719316198 0.338656670264695 0.352061848774893 0.372489764514355 2.27508458551568 1.42447227296017 1.84110268091853 1.59961483593713 0.377591976012185 0.366635024317868 0.363556452807497 0.343278973870307 0.391251753660788 0.541941410335944 0.713098784793663 Inf 2.88465462963336 0.34402384545358 0.353847577055937 0.365561594903263 0.401271354470015 0.331732603050208 0.371904039381028 0.372024842053988 1.21739833951182 0.352394619918094 0.368727695165084 0.326144907932133 0.380112564783794 0.320017080649216 0.370478090642336 0.376171167593952 0.375179395380522
1.26722549565228 1.27992286582661 1.27676316470286 1.29394998703025 2.76880334095625 3.31937682211822 2.55482711773151 2.57627149741459 1.19446218119049 1.28701869781276 1.27113009928211 1.29168920354691 1.30726204846932 1.54723981516365 1.76045132256163 Inf 3.82432519231851 1.30862079400814 1.19807472950182 1.30513126065153 1.27141098930298 1.27326705133139 1.21092345568674 1.31860292673765 2.31195704903098 1.28135422095922 1.31028667844046 1.21079888065936 1.26590378809125 1.28884167539678 1.27603359596805 1.2257854272972 1.27550681535552
0.74217957222651 0.725530013131386 0.754565199188795 0.779792473431433 2.35916685367521 3.18078398141657 2.99395972609839 2.63273075732267 0.703837328014029 0.72121034651824 0.795681839806303 0.767511883528887 0.770735856489773 0.753513420844984 0.781891447352088 Inf 4.45828265584359 0.722848860001108 0.740166864888168 0.765042575851029 0.84501534184164 0.707055617396823 0.739729816702896 0.837144284113555 2.45148068011143 0.751183213486286 0.757617178753836 0.744294430867918 0.758202602610214 0.758828592242814 0.783581637548097 0.744739760055796 0.752406346516891
0.0988279971732717 0.09193765476375 0.0999227278640307 0.128434321453762 2.0483328933199 1.89212348976549 2.64783073858512 1.8362544567642 0.0972316376152995 0.0959052002654928 0.109126361492847 0.118818774271415 0.104648525191157 0.396242942045497 0.483418874655241 Inf 3.13192167333875 0.0944833511891906 0.0929696893759996 0.131533694575558 0.154260293465719 0.0909651537175 0.0978371155650838 0.122667164961853 1.39852413126328 0.0941317350013526 0.0964722905933519 0.0840993976586255 0.0941563653901023 0.0886786689403929 0.103790437172324 0.0987134266763232 0.0948678452423695
0.750165780300754 0.832021242131394 0.823342411370717 0.740411964068764 2.03986681604619 1.35213613687698 2.25349456136391 1.80927751503727 0.740893097613657 0.836057733355449 0.796967609080773 0.794636062789765 0.815550540246397 2.04314617917895 1.59884670806522 Inf 2.95844913604287 0.807139987719402 0.737292921888045 0.721254221415807 0.80844584922912 0.806008613150231 0.788152045748901 0.77277461999754 1.4437366609434 0.846989143631446 0.840996707746064 0.76834178631184 0.85066147936897 0.844344504087242 0.771577430109863 0.776803951051139 0.758472374378142
1.01030287433465 0.906271017092878 0.933673255492239 0.962504252176363 2.92320181939379 2.7586662357996 2.59889125035541 2.64460280576116 0.863956531719899 0.937107698935584 0.948240581889457 0.89699112954341 0.950190126290028 0.685031074302962 0.725054241020495 Inf 3.98679733012715 0.953761941891076 0.929575426685257 1.02384379645276 1.04101799256349 0.964468711702512 0.914986792621788 0.986179547489216 2.51505731702463 0.919681686181885 0.927748263963379 1.004538473972 0.958862984869559 0.950005198279851 0.922743457534242 0.918361487510014 0.948706851613173
2.32603348510286 2.08866851549644 2.17108802934373 2.21697664225218 3.37674549950758 2.80738116500508 3.02354327145842 2.92765468651943 2.04502279592178 2.05647935159864 2.14945763270034 2.18276769636444 2.13702115292675 2.33334757086423 1.64204544730891 Inf 4.89323308885054 2.05940097516635 2.12738665153553 2.10203238787761 2.04467463860224 2.10418013709691 1.91263520291728 2.12418444877243 2.70302788652541 2.18134626431826 2.17261971538978 2.08613874812531 2.12281117867451 2.16165655079001 2.10742416816744 2.07880292947129 2.12409289857012
0.395764544761632 0.436002450452025 0.475366382972945 0.472652813339944 2.73100850542066 2.76749154929934 2.70427954214801 2.83870602595896 0.411322943249619 0.439026144653663 0.486994451267614 0.465693397863888 0.486328016453222 0.173703844512283 0.1252213643415 Inf 3.91223305273673 0.449032555763977 0.400688626825807 0.538434736586009 0.623160759640473 0.422495240650447 0.437748634395165 0.50974888647313 2.2542758249059 0.440726622101711 0.436140653553486 0.398667187032951 0.429103816662814 0.416195296867796 0.437940447903459 0.427063747936465 0.472327712812353
1.02744388142048 1.02633013080758 1.02518726471911 1.04143832214794 3.20261566055777 3.52175386263706 3.35575113216081 3.33414064449765 1.05707153653164 0.969918230990128 1.05747799025316 1.03792520008585 1.07299100370601 0.704444242036357 0.382506971502417 Inf 4.44288498954255 0.987803466706343 0.9953706568772 1.15787638105167 1.21526771995775 1.04740254032498 1.03105529086695 1.10051285527798 2.89483202422457 1.01211763547801 0.995903738466199 1.01622035587873 1.02324507121619 0.98406062822097 0.981764800723201 1.01783716826824 1.02232400891576
1.43726597722383 1.3879150282991 1.43332140101553 1.46706020345156 4.77406150855151 3.95792695967772 4.47936633473722 3.87882252043075 1.33211007335995 1.37225618526659 1.44140999645362 1.48320624508652 1.4335424955643 1.05756439377857 0.961588909494812 Inf 5.83728784110124 1.4214164166985 1.3813612648204 1.45178671294629 1.65153403218955 1.35837203850428 1.36275292420686 1.48977785221215 3.85559478735482 1.37883073969938 1.4339547222607 1.39155264586065 1.42352506996748 1.359689722741 1.35947924773603 1.37063673812415 1.40702488510742
0.350861297317194 0.285513589093151 0.338410467702082 0.345530764836336 2.86047776872214 2.32309726745471 2.49874680467802 2.17946691350157 0.346516059217949 0.321299553673228 0.345546030398693 0.371540299617591 0.345379845408959 0.244690995415995 0.188261264183895 Inf 3.56980039675112 0.319689295883216 0.331124485521709 0.373696493711052 0.435125584317382 0.316553939430091 0.32165752961835 0.35490721427467 1.96163942426413 0.296149193249473 0.307195947207551 0.313487592064367 0.303430746598149 0.301096928975528 0.269145181997856 0.308211123498828 0.321344400952949
0.632877141136286 0.56922564814189 0.631307976760207 0.649775083628741 2.70365394749863 2.55201919909691 2.63055785013091 2.3085758480941 0.536176901552933 0.597820773612008 0.606250289675416 0.622965745370411 0.603051061415587 0.468146022953271 0.428885224998647 Inf 3.77506712646326 0.60352975155269 0.581423800221854 0.660963169654077 0.711396207871148 0.590458395188476 0.540653361748539 0.620947775962913 2.14604806589741 0.591232307096498 0.587350997880882 0.626676597660968 0.571606710622902 0.611930443022873 0.585782586494801 0.557206499830338 0.542732732897201
1.74208072128114 1.70555594227173 1.76727110199441 1.74870892807747 3.77230977184385 3.81816271425797 4.0736835076193 3.51731476070176 1.71178042681659 1.69930047289817 1.75858449271529 1.72232430045602 1.76101128183308 1.27914172963997 1.11400374824898 Inf 5.94917626661033 1.74122421005436 1.7095679060164 1.88561049191535 1.99036088497658 1.68282954736251 1.75783954450372 1.90694763914069 3.85075134817898 1.77479206887224 1.72194479842733 1.70977146492829 1.73432215122197 1.76534258368945 1.71407738977816 1.74807640305595 1.74230184539918
0.724967354628481 0.666357596578487 0.670423048182875 0.686281428857456 3.7012385767949 3.66435416883645 3.21918033234222 2.83732399487348 0.636615995688761 0.695967142383409 0.665763933475866 0.672208168623519 0.701800839731144 0.370022204888206 0.292273032303232 Inf 4.19927594742768 0.686468532477421 0.612211031856653 0.78528109643571 0.904031470174766 0.627647215637755 0.633198949152684 0.740913757680717 2.73846780860899 0.667196273313478 0.61163739170872 0.661180811388839 0.662517970467531 0.592355728741484 0.642662390440544 0.624324115685318 0.683083430743901
1.69596550227993 1.69917864731739 1.7263232260539 1.8048442823214 3.34606714045323 3.39229175922358 3.46629168915325 3.14589906814464 1.63693559022572 1.69386217380593 1.82303787974792 1.78780906524167 1.88120353407852 1.43857666303422 1.39317185652546 Inf 5.24091111295075 1.71895779782068 1.70716763774893 1.87285981281234 1.78676019822324 1.76363085653127 1.63891658893865 1.82640881227749 3.05940530807446 1.84930109637839 1.77161687631865 1.84280085034539 1.85073736119991 1.67309308762041 1.78706673281862 1.78814935198657 1.81094682102603
1.6915371955811 1.77681056401862 1.85658694007118 1.88741302795364 3.27997721199571 3.75247524008035 3.4882452239066 3.0172743438641 1.68889440760006 1.84492189230345 1.84485622806087 1.8993657920232 1.82198352762708 1.65476140495606 2.41406367245505 Inf 5.10097891321699 1.83360901925962 1.77796554249463 1.81156299321915 1.86147388209058 1.83952562437283 1.52651094259904 1.88021573726742 2.84989414633028 1.76345194076436 1.7734933067561 1.76651843829056 1.81474361738636 1.7691486957176 1.52845633542601 1.80884192605558 1.86469114536374
0.599530474187955 0.523701310520424 0.589127455918566 0.628636994597961 3.22362792098546 3.35518872395563 2.93993595451476 3.13791817242715 0.545293578908938 0.560987726288641 0.618645610753045 0.632957723587603 0.657704861899422 0.195689910231523 0.196065389598504 Inf 4.49436697997336 0.550230593847138 0.573003662161054 0.67058927014273 0.790416436379382 0.553645104367441 0.544853915937455 0.687537544805004 2.7591301909224 0.594555408666153 0.554325629562841 0.572065682365254 0.589962512470071 0.542170619163204 0.594405829820235 0.60007408186448 0.556951843243171
0.591625439523632 0.609401942360641 0.61719662371085 0.643179285458044 2.82125368642672 2.25357615044468 2.58786747486732 2.3110765262059 0.65175734871658 0.6017033152196 0.592231985975255 0.616767919820241 0.629980075232678 0.503600636403804 0.116235511802088 Inf 4.00037971132557 0.600788986300368 0.58936289618291 0.650632500920713 0.732297510960071 0.594940741141146 0.60380873428392 0.639737054600095 2.25919715717421 0.597057995294486 0.590152133932144 0.624791666982922 0.630846186292757 0.593126269018636 0.617274037493493 0.624527945617532 0.618553080594206
0.52217218736031 0.527918706767096 0.58368565909104 0.557457579012718 2.59484775478257 2.61458061919876 2.46263299908727 2.14825676384921 0.526024493277562 0.542482742876673 0.598148046889705 0.549854931782376 0.576028984954099 0.649584415616984 0.81064562186566 Inf 3.69341837063367 0.522847857566649 0.522617168494234 0.56287723881544 0.640460282841422 0.516443475414437 0.531241547332822 0.554260185202771 1.92692935453891 0.558941145879245 0.536625139389451 0.54761278309813 0.553381363430859 0.547300043041546 0.551102868880224 0.546648458389974 0.56369715088825
0.656379941127748 0.636484361285166 0.634817181059626 0.595170475266943 2.75304950613926 3.12774768142586 2.60046422391236 2.13796942977019 0.61475132440546 0.603399868608576 0.655075950134924 0.607198940684038 0.650259335003868 0.634638888875451 0.585517893227489 Inf 4.33318547466193 0.571035660826375 0.614013968008615 0.657207822733853 0.717512130127624 0.609472909171419 0.625375760902098 0.626241978181726 2.27993388923213 0.610405502249753 0.566878092300386 0.621941317198507 0.625535037537002 0.626127770262333 0.62215853308169 0.618969264225873 0.609701855281982
0.82790263696056 0.811553774239682 0.888872767482472 0.843697384232764 3.60427300530281 3.09180468150407 3.62911715422066 2.60059497038222 0.853310866163562 0.861539709974958 0.877913514353702 0.86667368735761 0.813232019361974 0.65947395115073 0.600386071631499 Inf 4.4953986221527 0.820124177562286 0.798976709128654 0.927275524195964 1.00893751280303 0.819095529971397 0.766112463075001 0.870945173499377 2.7850414866723 0.830963476180346 0.813807835799732 0.868741839865873 0.848564599201527 0.834385408668141 0.833516076128037 0.858671854079178 0.835454525059963
1.08214024957487 1.02543371569756 1.03708167107336 1.00638774765849 3.3277313189776 3.52200798633266 2.88321252388301 2.61244432383531 0.989289005647638 1.02687256341242 1.04883145813412 1.04559056486982 1.08398461453075 0.697381967916352 0.663306128999728 Inf 4.47947042382746 1.05152788435079 1.00978945256784 1.11087065987691 1.15914339950909 1.01421525138585 0.910519592421148 1.09500337157708 2.68043286806574 0.987344613058069 1.02602899217615 1.06598972320727 1.01244397220195 1.06488095392541 0.565616008799559 0.996734363163564 1.0873020721334
0.364343620584625 0.423103976534361 0.448283101145456 0.440181753318955 2.52368708964076 1.98099288904048 2.02038108288374 1.85649624186908 0.469935244664607 0.414616012387012 0.442504312514198 0.46192093495941 0.445977028891402 0.425465011028686 0.251075226521766 Inf 3.46768962479054 0.403820755336417 0.406993284695065 0.477573827055266 0.483563736819976 0.4121417156466 0.38033052661651 0.452038468482402 1.81204613297225 0.400782797857185 0.429003100940677 0.404410786515761 0.433673219838023 0.437415150504175 0.410369552505904 0.414626805267266 0.405853564049083
0.908200809154687 0.888946558473695 0.938016723290607 0.927955750334285 3.00990972972475 3.75213540462293 3.41299119826383 3.64423741093599 0.878371540198615 0.954874502424521 0.955760782078115 0.967553275576338 0.954252565305726 0.501473521899684 0.463120292153991 Inf 4.65040699863236 0.897380831115087 0.878638573351717 1.04929420529983 1.15456361823826 0.897345033962086 0.859871282255257 0.965384084432398 2.96275316231647 0.887502132848848 0.933369288279611 0.924392391404052 0.921746201567762 0.929355998460639 0.875893520197283 0.919285018933424 0.90712501082167
0.521732135258178 0.548776710599294 0.601328465084077 0.585772665667129 2.55962680795511 2.8699950176031 3.27152453762894 1.96992548950298 0.495044043958878 0.545517849785927 0.572570206362667 0.585512605209285 0.593658733226254 0.374140863603455 0.229157552084606 Inf 4.09291943393497 0.561646821508872 0.51139920114162 0.581214227709074 0.746759101329381 0.536653392400947 0.498031701048993 0.601178754462735 2.45412517244328 0.586831731899597 0.554107526743042 0.494366055314144 0.554469903901697 0.572754868892175 0.524714252061009 0.536294459067616 0.595384578082012
1.19886852222248 1.22914622957812 1.29776495263841 1.34252671831899 3.57864984779881 3.27296177506221 3.55901659064736 3.51284708476621 1.36125087148353 1.26243975049031 1.32011896664858 1.34108133481704 1.32266841652282 0.834193243361219 0.701960705721947 Inf 4.68048967797625 1.20872408162159 1.27757945187808 1.34210029712142 1.5347993826897 1.21884294560404 1.17587645229929 1.37165199549843 3.1798324067195 1.2474672340216 1.23324925006916 1.23729315358467 1.28577650669887 1.24961385323732 1.19729480448484 1.23557268016198 1.26048529278414
1.08567329264758 1.1593344121095 1.23306250868796 1.13780783826678 3.79548317427122 3.40689545066587 3.45903581149966 3.15538182325895 1.15385915983487 1.14307546507875 1.29113954104055 1.1920548857507 1.26408915125584 1.2620481283565 0.906419623464507 Inf 4.46449762321168 1.11817466451072 1.15282693403253 1.27014822631476 1.33236139269953 1.17463410712106 1.11609524225577 1.23573796373089 2.85833401491809 1.16870370213598 1.16113354999153 1.18896053446108 1.18966559862956 1.14780537731473 1.12121896702224 1.14105220342649 1.2013588454961
0.844331045503392 0.698425524393015 0.704623613755908 0.77910791579954 2.42520963648299 2.996991463902 2.19074690021159 2.08794043924321 0.808144155095131 0.803788723074982 0.851804099578936 0.770967228001171 0.778178512656908 0.816485541327455 1.124102799605 Inf 3.90589065814279 0.76081098458594 0.745503828947224 0.748992009934653 0.84300835561519 0.740514099843018 0.614042006284827 0.794935114953344 1.98197672626809 0.793287579622443 0.737708561442403 0.746809369194507 0.838372401046244 0.692420549592262 0.812203965005684 0.75434746571334 0.760522991798784
1.962544410964 2.15767391585182 2.16868482410638 2.24793416217817 4.14339358498104 3.76516830227303 4.11360139624367 3.66309817396531 2.09465275241292 2.17146296253167 2.16510993806863 2.27377415781221 2.27569929280095 2.04985209350938 1.82189530982077 Inf 5.18987239529311 2.23181174598503 2.14774449219868 2.23196907296271 2.23429816787781 2.19585726965543 1.93254582010268 2.22770434430138 3.37970539004726 2.18506023597739 2.18632140000056 2.0612015316557 2.16323197613449 2.11581063594617 1.47480628751053 2.1321960437953 2.19441401632326
1.20011397440103 1.12667424975322 1.07555563728075 1.10522685849451 3.37378356690201 3.39996041114532 2.5064467268673 3.32284089515948 1.22844714943086 1.19285684750465 1.12552383280256 1.10548428167711 1.19013522859341 0.93131685694021 0.892068904245056 Inf 4.53234913542283 1.10294370734756 1.06247486770368 1.18809139496056 1.17378330851199 1.13504909675058 0.974587638304926 1.11549031364565 2.65772573133115 1.08351389633441 1.07831887875321 1.23654002568609 1.06855575123251 1.10649239585611 1.09074138345378 1.11692292160344 1.19791025266956
0.131083959321634 0.0816865916714111 0.118567077814316 0.11538006824105 2.12809184837633 1.43317364710127 1.43457612811905 1.24822625048448 0.117614455265049 0.0878429763589733 0.0895724839391014 0.0843554625094677 0.101680678416008 0.654531771905782 0.721535679397863 Inf 2.93996321731445 0.105605389833582 0.0939067495649625 0.125879418975887 0.138226063974694 0.103348077142366 0.0887046246897099 0.0766110076984603 0.965322215442434 0.0824335450529146 0.103795220918911 0.103004299714431 0.120404744534482 0.0936872910781689 0.0958049857088692 0.0902661633167239 0.0929062532148092
0.782876484220354 0.670269451012983 0.652230525229254 0.753490402748987 2.86072066198741 2.81094740912484 2.64818675272033 1.97715338543765 0.81352825199806 0.625710859701658 0.688284064852067 0.730622638670479 0.758612170757708 0.568464438690035 0.527304059610749 Inf 3.97284843714568 0.683651154957395 0.636381469848097 0.702230131451903 0.76638860771487 0.709050095150525 0.687444815391056 0.748518614014554 2.23040743478371 0.697820995998183 0.655295587092435 0.654260244212202 0.658743885800096 0.668917370570789 0.687600573727392 0.667446939062041 0.680721274091403
1.32432032834037 1.30522707190749 1.37520428213678 1.40808435374063 5.10461346770156 4.62987058298519 4.22355442332485 4.13148305432067 1.40214979202079 1.34250115968077 1.34737553329867 1.37632121041125 1.44105615834572 0.917984329607847 0.751036467273446 Inf 5.71470714122749 1.34389042710773 1.32473244208788 1.5635989108096 1.59061565496503 1.31434449477133 1.30887144920642 1.50521143080622 3.8939972098826 1.29595855778304 1.30474963277619 1.3260981101592 1.39629503485712 1.25662767515733 1.30389180905965 1.34352519437865 1.37025912881283
1.5346912893784 1.64430804350248 1.6335808947571 1.70544648572799 3.61671771870857 3.65067244116038 3.31939213300224 3.4544466022282 1.67797670685694 1.60262360822317 1.66949476954481 1.64547971481197 1.6349988215959 1.43244125872659 1.27485410900393 Inf 4.75699198113556 1.55846276654205 1.65811082554714 1.64975771566012 1.75105675212204 1.67411129401565 1.64436883027641 1.61089492349743 2.97169014883384 1.63072165398757 1.64062002791255 1.63582037304213 1.69451163796246 1.66079070607942 1.59447411459982 1.62395504663104 1.58920334198504
1.5269334941146 1.61626527971093 1.74123164910048 1.54246615057574 3.62969894512569 3.75045824956564 4.06798336014607 3.50491603030356 1.76611367786558 1.58990971552597 1.75752661310177 1.62075316003615 1.74806917926488 1.25465705937882 1.5689084789099 Inf 5.36069713720236 1.60438953282254 1.6092772514696 1.70568324459413 1.73042583168606 1.70734483167152 1.65595387327851 1.64078178551093 3.22713882151564 1.68065771872502 1.63090925470604 1.62580982796937 1.72686639518005 1.7283649687976 0.734165437531272 1.66100622904655 1.65774127876118
0.638558448753821 0.66772864967753 0.622508492044888 0.637859409362183 2.4601724057976 2.81562567354721 2.274312675588 2.38911916135993 0.678597082392973 0.659391763391407 0.661927757685589 0.65207412360759 0.692056954345464 0.98396032889778 1.10511949980163 Inf 3.60644078393618 0.684276423412824 0.653958466879135 0.671653831805185 0.638835775594868 0.671343903101254 0.695579435129669 0.666792704104475 1.75441653969877 0.656147405097374 0.664995057084974 0.654367576384687 0.67381276655497 0.621382819105403 0.6434022338574 0.598480006955377 0.678941705160467
1.20056916074472 1.1758185741766 1.1824790633619 1.284461228969 3.97517926770629 3.55448502418963 3.54398294259278 3.01161905804723 1.25371626052543 1.24757913227604 1.18342881963185 1.20154020630386 1.22081899315363 0.764743679857594 0.89024784667228 Inf 4.69308980693592 1.12069153452959 1.19353021517076 1.29019547258808 1.40479603858361 1.17740731592266 1.1625944608833 1.21974952298242 2.95944219545233 1.16361506520437 1.20739214360471 1.22116409811454 1.23226958741443 1.17625017298647 1.1675094905555 1.1448602812481 1.22352376896988
0.664494888230972 0.701344142516277 0.748429409771061 0.702057164274159 2.92450300857215 3.3905355934689 2.88041805362404 2.62319856206998 0.750141167623501 0.784487578486773 0.76057917691248 0.764805855535604 0.761478099834751 0.728765103563058 0.640516829277982 Inf 4.24394777860819 0.716616967030141 0.744785535271348 0.760337010305465 0.878732728528717 0.724921793168667 0.709728577857547 0.761231492671025 2.46480093978979 0.698050914034036 0.721194936362817 0.682811473424684 0.771224762695607 0.75731777813369 0.738149423513496 0.723562906494263 0.728607632098542
1.07711536649902 1.01716160986717 1.03516480529141 1.07031840130281 3.98911585019317 3.73249679574043 3.30533426271194 3.34879748989606 0.961287429600888 1.02143679596571 1.07311660736185 0.99940073330349 1.0580271290143 0.704588267120401 0.567235253678589 Inf 4.40953198389162 1.05414758239554 1.0213745237006 1.19878278892345 1.27516666070301 1.05021313385125 0.994104133532052 1.13984066815298 2.88930645444447 1.02317494314179 1.01594124339786 0.989937885869293 1.09054045082219 1.0076740570177 1.03791805703081 1.01453414355321 1.10948143356278
0.394688866396915 0.299646048848592 0.344357228878914 0.355906586954696 1.83986957138041 3.17299880327917 2.52822723845678 2.01066220386615 0.394225238244425 0.314791136110714 0.349690589996973 0.353279633086638 0.329050631701588 0.203471337047624 0.0824661001627547 Inf 3.74471949270258 0.283560894588001 0.295153450490839 0.411690603053662 0.475532637204948 0.297980616464104 0.321264951523143 0.389497774846572 2.10282134102066 0.321461363181436 0.293387124694208 0.306460204150643 0.351559138185605 0.325925075949907 0.29917626127264 0.300574108686743 0.339174604108064
0.731980923317608 0.718730376374769 0.805217153228647 0.778562855875753 3.27565023112959 3.1908734091135 3.08105512820896 2.80827142293633 0.75100330247602 0.726291998932751 0.809578021194073 0.777208970116901 0.787288321893843 0.538212851748193 0.272149228532776 Inf 3.90392730036924 0.729458899406166 0.696492544394248 0.880987918869606 0.998028208265508 0.730126774472133 0.739671802212977 0.830312228526027 2.63955714434078 0.733228892674936 0.70782843019529 0.712270984279183 0.776438935516627 0.727021858558721 0.718753441182091 0.760743406064338 0.729047470602596
0.57556434618351 0.567750428140525 0.590416174238229 0.63634025187049 2.68704660448452 3.49220777592775 3.25230326239214 2.74106751223182 0.602535249636824 0.581883458119972 0.641138064602506 0.656012474003237 0.677836765976313 0.214127733229968 0.171170478668793 Inf 4.56964031056425 0.563425683636241 0.588157516949004 0.705436811570616 0.783941570495914 0.607211371923278 0.583250599035581 0.690200761060242 2.51376801593711 0.588956449560289 0.579591055417779 0.648330153459187 0.610209516131555 0.58267150732096 0.578404783940784 0.604372674535311 0.583487321099325
1.10520034071543 1.07098651924084 1.07186749771329 1.04061999045201 3.01714952852097 2.92669296543946 3.11220798373686 2.6002376516781 1.11770286660578 1.07732567273665 1.09400154797801 1.07207397087182 1.07513786209686 1.12289395084039 1.27108983763372 Inf 4.60114300853241 1.04915240947476 1.07046135207495 1.1187421619544 1.18805124878341 1.08891310218283 1.06473042281548 1.07303161752487 2.51328172678075 1.0810110240711 1.08235491211201 1.08735879841267 1.04448147586852 1.09852618078299 1.09246216172882 1.08138975692858 1.05043485512722
1.56815635215105 1.50960439966167 1.53838791097042 1.54018801472957 4.39690751617019 3.91334805827108 3.7606949724221 3.41854701981074 1.53229773620747 1.48367053443529 1.44567989198151 1.56026802603635 1.53067223515544 1.21794534790863 1.18227245942387 Inf 5.19951899857631 1.48789723042474 1.47846444588967 1.62167016189158 1.67905272510328 1.45994624351059 1.50247125702471 1.61763142255727 3.32939918904413 1.56780827382382 1.4592620547789 1.50762913816365 1.56757750526321 1.48155187995387 1.59998401435791 1.48680822306551 1.53758356754604
2.2533365939941 2.05615474343259 2.07465321947217 2.08261682064978 3.84292913059763 4.2208924372363 3.75287514043951 3.48567490232378 2.2322691300278 2.15849123790703 2.10492506779079 2.17073612174707 2.16908031652116 1.74025909445837 2.38379315750823 Inf 6.55358669970458 2.28821304316398 2.12924261606701 2.20683470409678 2.19763054328499 2.17279261029912 1.8843455505121 2.1655369955957 3.83600220768486 2.20322751205661 2.16214922827041 2.15097620238404 2.18838756931694 2.14672283463153 2.1226426014457 2.19238974679952 2.09177647271743
0.784860836471324 0.942190463137994 0.901619885275025 0.871732813264979 2.63901180068249 2.94837743239333 2.3758917151281 1.97724472724839 0.811970710761143 0.914399312433968 0.844251439129556 0.855424038196292 0.876270249804747 0.973771431751711 0.691037494118152 Inf 3.80735573768244 0.874083817815946 0.888930781988945 0.930215073648396 0.910958265668504 0.933959569112668 0.885088522373438 0.875587729777016 1.98247358280566 0.949519744328739 0.94643856712128 0.865087096327635 0.906559459072536 0.887603730870706 0.945123992220235 0.94578049262829 0.898660645167193
0.819027750955029 0.760568574068841 0.781039375225293 0.790351966896895 3.42802314031047 3.18083841139259 2.68466856551134 2.63093351580145 0.647051103599985 0.721825475246287 0.800887209602128 0.771339261876516 0.731817391426223 0.409207474605562 0.464389420983888 Inf 4.382523226669 0.751758848134508 0.708519541890981 0.844128796716397 0.907552998871529 0.725896319339746 0.729677959209822 0.865867046041263 2.65127837262823 0.679776577554022 0.785625286012566 0.759907965177525 0.753842531455424 0.748911836796718 0.799752829152415 0.713426952562002 0.779134676758017
1.33417489133417 1.53313250688433 1.45842929611896 1.43621385883874 4.24646870302754 4.27233660025911 3.49002866185106 3.32680879810315 1.32059588854469 1.44610863083354 1.51458523744822 1.51227731647232 1.55201301291568 1.11855345885406 1.468811986163 Inf 5.16928035516915 1.43729782824601 1.46126683894684 1.56306780688284 1.57882386653716 1.42622771532181 1.34199475094573 1.54797464179824 3.35802555511961 1.48985303142836 1.55754355256518 1.49304604002173 1.46615397004152 1.54943726638842 1.56978112957104 1.55389236045926 1.5519561560325
1.99341882727471 2.12080200086194 2.13135868033765 2.20231042268553 4.00590165899087 3.45753222593614 3.28942551683986 3.11225658561241 2.2021637734578 1.97441957211406 2.0706301385648 2.20504680167897 1.99531148436161 2.32287597782105 1.59181414836255 Inf 4.49766347767206 2.08897826679797 2.07955086594029 2.09552623342712 2.15974835337461 2.1118381274517 1.97425600176126 2.20039645254247 2.92176685930544 2.06125817868326 2.02029392100206 2.06667049701637 2.07453753057597 2.09515884224541 2.08514698208125 2.14955232576756 2.0972806564599
1.31843030434367 1.23765976168962 1.30350777622317 1.21398086832345 2.76548289487633 3.52228178303245 3.30152134961303 2.58113390502307 1.35908556387687 1.28949386274226 1.2812976839802 1.23758660622112 1.19662794212802 1.23793514759592 1.33537013614613 Inf 4.24649874610216 1.16127272912558 1.17336328427582 1.24802084901872 1.3419730840555 1.28382781973675 1.15909490734013 1.28045237746429 2.33404118695765 1.24121900260985 1.25887787427211 1.2889951209328 1.21137258630596 1.19446576839729 1.21171783537762 1.23205264797408 1.21812830827765
1.30069343403042 1.32749862373233 1.41386178234903 1.43599311105074 4.1563892916455 3.90908930717374 3.79723272529621 3.83735609631555 1.37836387692727 1.39892833636867 1.39659091878904 1.4075815067527 1.38657624039193 1.0459469539922 0.71671096824109 Inf 4.96598410243294 1.37809236493509 1.38012756033567 1.54965217340489 1.60070205362989 1.37546273915884 1.3341610286254 1.42100798317057 3.45259037155724 1.34930295748853 1.29472510480516 1.36079116044143 1.34309779635376 1.31078539099332 1.26486156666632 1.36373863510392 1.35190649703454
1.87265219095904 1.9292260411641 2.03637945885842 1.96048981424615 4.97868630911577 5.37135858705921 4.88262748447956 4.32791479607363 1.84233973122938 1.9297241816379 2.05064465114723 1.99884010625616 2.11357906964502 1.64536467590371 1.04087136993482 Inf 5.73679563964158 1.91659620460674 1.89132087838699 2.08107124337313 2.18836736071023 1.92004164823432 1.83804835975998 2.13031411954737 4.11012917861117 1.91654293867521 2.00369651594174 1.91894804472983 1.97143591123008 2.07995938676087 2.01310304400624 1.98019222218892 1.99012744109701
1.89077638226513 1.95323896124737 2.0242801962958 2.03100398255238 4.94070369331265 5.20356373968369 4.55498937880278 4.62191776832657 1.99228315915685 1.87487232507392 2.05303273804089 1.9737169461925 2.03496873565895 1.39660638910621 1.07987275078031 Inf 6.31680086865895 1.9295765560489 1.88134129681223 2.15573415521557 2.37584796117748 1.96580390649726 1.8499240685302 2.20107075476276 4.23006011648024 1.89506476226326 1.96219101637255 2.00526945540342 2.03651210885708 1.95219479104894 1.66632776702994 1.96543675858037 1.89862985856178
1.29616966908617 1.2567912653846 1.27273310263411 1.29240190664324 3.64859729087617 4.20376120629724 3.52029211001188 3.66565551546214 1.19631232007404 1.23108862616164 1.28537126297409 1.30659065692779 1.26749086221331 0.914582765189148 0.833952957569301 Inf 5.52411895754653 1.21738100695583 1.22988794680802 1.50097268474302 1.45386406009862 1.26887555405313 1.15716906265118 1.2775233138948 3.45879600269516 1.21682772493217 1.24988166900604 1.21437815083494 1.27572478238678 1.26485415068275 1.21268939292851 1.28223710863988 1.24328266845057
1.41034079272522 1.51849231505673 1.47860799633869 1.52718032362319 2.42766679635737 2.20186710490587 2.53310154540021 2.1238529822891 1.40982407178082 1.46513815778584 1.42278405604938 1.51008643833837 1.48408358463173 2.32229451140532 1.79171802985014 Inf 3.72503020178315 1.53492363333762 1.55801996765697 1.42331772937577 1.48708300467779 1.59913581836963 1.62156765987769 1.43844881195098 1.93198430697153 1.49845912381934 1.47942153271213 1.47545300716437 1.46366522065966 1.53551035401564 1.5526100880627 1.51389565955328 1.536162016834
1.00822503380197 1.07898143705761 1.04741439071925 1.09314886337505 2.97216048237317 3.22104145733645 3.28723908408352 2.66405320902505 1.10135015713848 1.01150701902935 1.0474948485878 1.0702956519805 1.10850724775679 1.17693426679669 0.664443486896176 Inf 3.64541752256664 1.04827499518472 1.0352831356761 1.14054270966903 1.15706379206183 1.05483934762374 1.03980155631974 1.1236455558446 2.33142066731493 1.04261399230447 1.03911284080714 1.0577876695078 1.08551798267397 1.04854850144948 1.06454918667123 1.07860054928051 1.08643919857269
0.874865070227344 0.841887504890219 0.81789652143762 0.824576631389093 2.97274763145099 3.08973746198062 3.0700012729216 2.79624230433961 0.818414970765503 0.854693857755301 0.848103194785724 0.879159047821033 0.850533305147754 0.948576901413743 1.05263119086935 Inf 4.36966522856554 0.851199979658562 0.807003252607038 0.931335400633245 0.948394795274212 0.818608580174255 0.795151049026666 0.855053499232306 2.2889738662251 0.801953412450894 0.800802212624761 0.79654533849701 0.80552287533986 0.873557199835487 0.815225950958819 0.799742034522598 0.864783873641121
0.615775695005013 0.635582312777567 0.647097666010791 0.6472597795074 2.55278392209554 3.54554091615412 2.92012486248896 2.67770061864282 0.657098367661592 0.66064055397149 0.668057067045161 0.674520051814369 0.692652332649329 0.334042606114253 0.242763792115706 Inf 4.17487630315223 0.621570530345473 0.639239553835294 0.703639638637318 0.74932923069189 0.621712098087631 0.66804393122871 0.730869262777227 2.71523692047227 0.619298270929134 0.637451443829961 0.620962941599751 0.677394017646713 0.643704921941747 0.636799162654782 0.667304516811536 0.647798865489332
1.51817970937505 1.57031235557414 1.57437404049143 1.58546434358042 3.81378533064217 4.12189401201904 4.11111706056807 3.26755157333649 1.59770809771058 1.55004297610536 1.56452029378549 1.60806480185267 1.63253260478264 1.33695368066527 1.25259431631607 Inf 4.6920895337607 1.570562786337 1.53751055521752 1.69554660113493 1.83934490531228 1.52372604681239 1.51491276081516 1.66693102085541 3.46706458539373 1.55057678854492 1.46295195905487 1.47932928643907 1.58251181112321 1.53873643587561 1.53426019368403 1.50019556246026 1.53983020720904
1.5979094307578 1.64548119871137 1.67789860942101 1.79132818072751 3.09377986916038 3.38867595465598 2.85612035005146 3.01134554223643 1.83231490851556 1.69549848019333 1.66267461200959 1.73878911037822 1.76108663813634 1.89316067586683 1.49654722123063 Inf 4.87014854187043 1.72991111621686 1.70061837026679 1.65956568870486 1.73140497565349 1.8289454465177 1.68113102233217 1.77006385732945 2.77766640288915 1.68162807206972 1.77248560192993 1.67101490451125 1.74323507838986 1.68007468626058 1.78040412465617 1.82154385152551 1.78879747662724
0.730043642450787 0.742139286480015 0.823784709383131 0.784037387259798 3.91610810392449 4.3813952291473 2.98489715114131 3.17301819249356 0.787241490697975 0.799887613873512 0.78818186291691 0.820591908661114 0.808793465399866 0.378394607174664 0.225900425422057 Inf 4.56766040212927 0.801163491896505 0.800024837455171 0.938793864627361 1.01016176836786 0.752711430050676 0.736010684145854 0.852664750928836 2.88336952802147 0.738651575072714 0.780512089864579 0.773683171880206 0.762812888344046 0.764938744514163 0.773022447293206 0.763248487746898 0.788695761423146
1.05076338362952 1.21452236930576 1.15743148170409 1.12068959200598 3.26105761159814 2.63467874900778 3.32490844086079 2.82361184075399 1.0835573384473 1.17588041388582 1.22881112710353 1.19880373635345 1.20929450895331 1.14993151893167 1.02200788931588 Inf 3.84161595186294 1.15136763021969 1.12353059892112 1.20587836823178 1.26590302261532 1.12150585547881 1.10727390041198 1.22988682133905 2.45670603061626 1.25363471411125 1.16791223916886 1.20020831289399 1.17874345076621 1.21978036934514 1.11543975286459 1.139174118835 1.14773987399514
1.08628671116449 1.17465527101124 1.23549849427673 1.23478707791135 4.14078478191967 3.66122061858607 3.7016286386796 3.03299819289797 1.25500608937826 1.23194654781432 1.23958138917677 1.23163441333062 1.25548547778573 1.02408413826406 0.739290773627437 Inf 4.86254759613252 1.13038625653579 1.22213271718506 1.26930980474014 1.35495533596666 1.1387122007825 1.0995426640064 1.29243931764445 2.93687000324416 1.16826140412648 1.19950964664151 1.20304791759834 1.16200835744241 1.15271544449903 1.20793451535671 1.1895806899466 1.23224371829274
1.9520329582669 2.10057309722196 2.03733715525758 1.99563841635723 3.0493172139349 3.1075024933865 2.87428399045197 2.78589004261667 2.04559590084996 2.06622244596892 1.99537374626513 1.95833417105592 2.01392852262128 2.14457491335101 2.08422449018522 Inf 4.40789482806184 2.08521982831497 2.08578570623895 1.93204066464193 1.94457490007836 2.031732542146 1.99489584434576 1.92504673723395 2.71454444697888 2.05416896028741 2.07050771871166 2.04725776576453 2.05684058970938 2.06197040025671 2.02264347154156 2.02639578891948 2.0157060207207
1.37070420615589 1.34646817995739 1.42430329049905 1.3914978491087 4.7096498629284 3.94075220993841 3.83454675829965 3.80114854880923 1.30484832106505 1.33177711206846 1.39432533598621 1.50985623165001 1.43470436461286 1.16556409178453 0.699593130231259 Inf 5.07430644886489 1.43144965395571 1.33098817967379 1.5213885828737 1.59242353631802 1.32268624151569 1.34878150224223 1.47165022148909 3.40125863845241 1.35594963173996 1.38505112903244 1.38911388159599 1.34470885422596 1.36698760247114 1.35895276932484 1.39060335407702 1.44925397420615
0.776007947073707 0.704349818774522 0.758348676178875 0.806922561074288 3.94161237016675 3.19818564734876 3.0575565657599 2.36896345819956 0.667777444888529 0.770392812615909 0.741500624101568 0.734697417549715 0.756763576200923 0.308025701541397 0.264720433634391 Inf 4.35366476932621 0.702450149610626 0.722223245002854 0.84046223671534 0.87762684540294 0.717851741111665 0.673915478933255 0.831585766587736 2.68543099657252 0.705781781088798 0.719015839772829 0.757360490486968 0.731834165000767 0.715422182421682 0.6616984242428 0.733411894851947 0.720549351338399
0.608105805391474 0.607220590500332 0.650347411666875 0.708306791803559 3.57196599081605 3.42630648629549 2.59940967692809 3.14801190103046 0.69026335812262 0.601935055144265 0.676200579197936 0.704031444307305 0.644078147854076 0.247443386160009 0.247335405987919 Inf 4.33309722567571 0.583752650884648 0.566814783406139 0.728556058412419 0.842614767713718 0.635607247042172 0.582221342093834 0.741384261442636 2.6842995097951 0.639954827978217 0.59020191547634 0.58871442621787 0.646632914804771 0.62852275981735 0.505046990115593 0.590907815020142 0.637192598264883
0.68830933454263 0.683423563272911 0.708408788956488 0.699111587528594 2.79691393849028 1.92846068025156 2.2391146306722 2.08620189870761 0.759936888841735 0.736469411953075 0.694142085991538 0.740999465439672 0.709340162774051 0.933084526471151 0.726989624397741 Inf 3.71288005486335 0.729974007731758 0.654991634051406 0.706982962771348 0.753660375142504 0.692023693103055 0.710309660349411 0.728807278551375 1.96471856696875 0.683487666595461 0.723988222442778 0.681242935433098 0.712133468844122 0.65143824661557 0.72504829671859 0.753541810382232 0.67459735820424
0.932095123500834 0.935975865408482 0.972888281698286 0.997608336616212 3.93477311482944 3.72329569777958 3.72310261466065 2.91935322141253 0.974304199143304 0.893811229025712 0.928027272160076 0.956708423810567 1.00115618140069 0.502877248342175 0.38507265035978 Inf 4.64194153197467 0.938126259559326 0.922742375305343 1.06365917259141 1.22051249032418 0.894268007407199 0.957004582898015 1.00662654302071 3.08972425654933 0.895055859017187 0.938208960136679 0.952665721104615 0.910184116105898 0.901057675143637 0.87116633801517 0.918107961218845 0.93417194513733
2.86647046684987 3.0759171808196 2.91006636323434 2.95369288443376 4.22147985499014 4.55817553190908 4.45030096606626 4.40844339977129 2.82782440689963 2.94867917336329 3.0786958779634 3.05245773572686 3.15839741258812 3.51128532167289 2.10930405808075 Inf 5.79257057670085 2.95132621391912 2.8962484990806 3.0546056827248 3.02222022929293 2.95488991517591 2.82061251120763 2.93815655967358 3.78867835152836 3.14051085108167 3.0259166053566 3.00159376643429 2.96427713751521 3.00378724050328 2.97353681802118 3.12874863921132 3.05186520006141
1.15802307250159 1.21655251325936 1.32584475132381 1.26966934290719 3.50085278984247 3.45882526956108 3.97713557400016 3.31778710213196 1.29154783250889 1.27662902762943 1.3454278600352 1.26422199978721 1.24139262293769 0.828129621882672 0.864664723565238 Inf 5.02964571550759 1.2519769229991 1.26110325386459 1.32056964662382 1.43534607921057 1.30699204743859 1.12330719306353 1.22333472174031 3.27657955358156 1.25027343200572 1.2002807703276 1.19832845301765 1.25972917453287 1.23498476583747 1.18742284599643 1.26888217321737 1.27444028015716
4.28698895229916 4.53356353910102 4.6797307274921 4.58109842935663 5.5615671127677 5.56469201143261 5.38808520259697 5.35952294308309 4.08150316377169 4.46408615364424 4.59890609283765 4.47838873738479 4.60149903652777 4.52001751281564 3.26855694401831 Inf 7.01700021833861 4.43725872657537 4.44532790948587 4.36151330330034 4.6596443499064 4.4691937208609 3.95482911169229 4.37108174919983 4.8299456608761 4.51220947900504 4.48418096523101 4.57100373163945 4.5135242958944 4.56935119261551 4.48000387771346 4.66051598033709 4.57995326656321
3.47351000451898 3.5795936053745 3.59773954133066 3.78490611456137 4.48170283477465 4.36247460112832 4.49544708210868 4.27937623931732 3.68961362854402 3.67137386436033 3.74867385408216 3.64386314259089 3.77736554685326 3.70499237210809 2.80441235279586 Inf 6.39154855471084 3.67027434174422 3.63715045317302 3.70924729968775 3.5999041691313 3.70637128081224 3.42187689190533 3.73934467206107 4.11734661192034 3.74468657417753 3.78392502103148 3.68444711153196 3.73117495838255 3.69931913161921 3.64311960663237 3.73845329356239 3.54543588485182
0.261891758362536 0.328113751652471 0.329988669355516 0.332092466093849 2.11548423813815 1.86150951202858 1.69622824532817 1.70202134758055 0.359569988186315 0.292103602291094 0.34161110044667 0.320552079205772 0.339305631549945 0.332787841716137 0.548970277617629 Inf 3.40195089928867 0.326356195747177 0.308728479767381 0.381172069993253 0.394269969377801 0.321366318701811 0.31915196779536 0.349835693620354 1.57375761617794 0.314259012630446 0.349415859816564 0.320405098586225 0.331727811054044 0.301213220572102 0.341608264856667 0.329177486507264 0.311833691709613
1.3396336236245 1.28768082922637 1.30036882236026 1.32512078518888 3.66162828882453 3.41523340788579 3.55697884851526 2.79263958428147 1.30141865460872 1.28638316192116 1.31271133975346 1.39324506903995 1.30595599817024 1.3988626435734 1.5587577476601 Inf 5.12661943957425 1.31760497432495 1.30043905218702 1.38071669096815 1.37447353034954 1.29837200815864 1.30689295804079 1.3026642193712 3.05442273196094 1.28108760550531 1.29951395611755 1.30361891580557 1.32719228389888 1.33829788241738 1.3672647584492 1.33072159893313 1.30597595816907
0.772366799200281 0.765831764087967 0.846411666191011 0.852981038266738 3.34181250193429 3.48641379995286 3.65044865684226 3.40113388964897 0.802687097763805 0.812253631800375 0.841998356502265 0.840928873698711 0.834902031454895 0.750526610128983 0.287509890904411 Inf 4.7910356565368 0.795016172830383 0.76639956760317 0.955827380764886 1.03225904803416 0.781724150342847 0.804264985061702 0.928572839104454 2.94488812296096 0.809213073149258 0.805259511185559 0.765894118523519 0.7893803746958 0.79347159216721 0.788702751711532 0.809157550731564 0.800350189551317
1.08767841644387 1.07107312867597 1.07076239242759 1.14986647556425 3.41089450739211 4.12247856968223 4.37080685577716 3.3637782534364 1.14060248658706 1.07098556882644 1.1285387599758 1.14830897944122 1.15378668275664 0.755573615631245 0.525257281987685 Inf 4.63423662636784 1.11385819395496 1.03267796289598 1.24624395650805 1.3574849277545 1.11175211345656 1.05113405713931 1.15630943043195 3.22506995556226 1.12872579497298 1.08187602156703 1.03609640271395 1.11820796642704 1.04490847924424 1.12261735663176 1.114148859902 1.11883557797158
1.51511992863577 1.65464250728581 1.60450690646027 1.64905569534059 3.58433303318026 3.56495386835528 3.16886725153626 3.00974962646002 1.45881798866664 1.59131750234317 1.65743878057894 1.64100028028452 1.68227796335549 1.42450501490757 1.48109356104055 Inf 5.31123812468585 1.64011984243142 1.59931509146192 1.73199351992325 1.78734776457404 1.66825534246089 1.48086897841129 1.7432506382035 3.15876366075198 1.70026648982229 1.5343996272272 1.61095123812424 1.62380587714906 1.70125834310413 1.56462299343639 1.62086859041848 1.61153816754684
0.656870441097126 0.609628607429044 0.692691596249387 0.695127356057176 3.46069183356165 3.1492065330213 3.24433487997614 2.79970339390989 0.636446657953982 0.666797937536822 0.683825677615271 0.678575328614921 0.697101272499647 0.547216847824139 0.232284059039827 Inf 4.2200645794342 0.658712247887362 0.666693549249234 0.78522489087255 0.883302869272965 0.645512155716164 0.66414856608695 0.733832913287203 2.67769399471038 0.629052128532798 0.646691036572984 0.657057654629616 0.651703635817949 0.662369809726958 0.611977231714824 0.672048698410394 0.622218395682994
0.599927191270042 0.664097385740298 0.603628352907689 0.662566244673489 2.33679112675037 2.00570982857061 2.16792854713068 2.03531588614564 0.618797938507963 0.590536638775367 0.637355259057721 0.613367127139182 0.665248679920847 0.833651672608425 0.82853584659396 Inf 3.07051734619247 0.604234888330457 0.628179389574874 0.687780639572843 0.687603627524079 0.630572230496535 0.622504819829899 0.686176996842969 1.85522818420251 0.605760055737855 0.6634451491656 0.625244997240353 0.663542288765605 0.606224217220091 0.611789774003806 0.617818813412268 0.644472332643212
