"U_1_Gam_alpha2F" "U_2_Gam_alpha2F" "U_5_Gam_alpha2F" "U_10_Gam_alpha2F" "U_1_Gam_alpha1F" "U_2_Gam_alpha1F" "U_5_Gam_alpha1F" "U_10_Gam_alpha1F" "U_1_Gam" "U_2_Gam" "U_5_Gam" "U_10_Gam" "Sylvia_Sparse" "FM_RevJump" "MBC" "DPM" "FM_Raffaele" "U_1_PC_alpha2F_01" "U_2_PC_alpha2F_01" "U_5_PC_alpha2F_01" "U_10_PC_alpha2F_01" "U_1_Gam_ProbKp_01" "U_2_Gam_ProbKp_01" "U_5_Gam_ProbKp_01" "U_10_Gam_ProbKp_01" "U_1_PC_alpha2F_09" "U_2_PC_alpha2F_09" "U_5_PC_alpha2F_09" "U_10_PC_alpha2F_09" "U_1_Gam_ProbKp_09" "U_2_Gam_ProbKp_09" "U_5_Gam_ProbKp_09" "U_10_Gam_ProbKp_09"
30.7390583670627 30.7265708529026 30.7594951313199 30.7080272022277 30.4575385678114 30.4757704699199 30.5099984718745 30.4812475053343 30.7389360337536 30.759502956779 30.7225891922376 30.722872055277 30.7397793404769 1.26426768054622 0.565375378650292 1.96218419137619e+94 35.2294383825178 30.7755609858097 30.7207623484433 30.7205463380538 30.668946453467 30.7450778086179 30.7624434862755 30.7140476918272 30.7040226621097 30.7353263296516 30.753416297208 30.746738731674 30.7756123129476 30.7415180786492 30.7499376929028 30.7616213298676 30.737017124573
4.3477452377161 4.34275717469674 4.32157031436364 4.29225073158121 4.30143832867469 4.30882279318936 4.28310291428423 4.29457399878019 4.31402379181421 4.3170648139248 4.31879353458996 4.29126335325718 4.30254663081354 0.931651664106168 1.1186646244958 1.69132867031513e+94 7.54341178359616 4.33059889562787 4.34338661509706 4.28540996467629 4.30496494156209 4.32614352310312 4.32636574123525 4.30439570747218 4.31121603543955 4.33733434565415 4.33740812255797 4.32647859314731 4.29646867802436 4.32764869297371 4.33148496332246 4.30286085146872 4.29681081085893
0.903562070693565 0.920859954947319 0.783789181094209 0.80500695770463 0.769302941415123 0.769150529756164 0.765112251684377 0.766679988276715 0.869712610439851 0.80169043774347 0.789696916041211 0.787506330327999 0.767826306065216 0.0482086095510895 0.0993842835393672 1.6636309960025e+94 1.30597056897846 0.906993965771445 0.914341156300406 0.779001394290129 0.755596392608284 0.90051079881709 0.898515525509225 0.788765358408713 0.751246050439343 0.912112549898253 0.904271892227894 0.794991016757582 0.782532961052441 0.90209111642716 0.898463143795207 0.78475933539377 0.753748623504651
21.2998561042136 21.3267275230891 21.2961451402179 21.2848752264902 21.1197816027071 21.1410447556845 21.1042831356804 21.1192819871251 21.3430294865444 21.2873370290499 21.3064224983418 21.2796500408292 21.265736241569 0.698607113122834 1.43255957443033 4.15706160561263e+94 25.6233066645119 21.3275499067147 21.2920785121947 21.1854665366981 21.2478967481416 21.3040301735719 21.3381757999891 21.2915282160188 21.2300242539357 21.3323856973741 21.2961767586529 21.3188967839856 21.2898727482095 21.3191401527294 21.2824973824552 21.3640551650261 21.3050492330172
24.9218793396131 24.9166976295745 24.7060057482719 24.6160484324092 24.500201982273 24.5010819864537 24.5139156942337 24.4725338764016 24.7154162881626 24.7832580583902 24.6599101171282 24.6125932396633 24.6365503597932 0.672098444044186 0.752527727348245 1.21025062493599e+94 29.4666471677747 24.9290932598169 24.8471491831597 24.8068139996466 24.5409424962971 24.931138136309 24.9233065185007 24.8349690133092 24.5260458656225 24.9432897864401 24.8885916352652 24.6952614062364 24.7443643065526 24.9299113795108 24.9417868717544 24.8398262319248 24.4513173066143
3.86452398468489 3.87258413540819 3.87858032877625 3.87070910474986 3.85886254606262 3.85161493574979 3.86513478265134 3.8627943485378 3.86341514649879 3.86823788325203 3.86082560467309 3.87362729202638 3.89111586509776 0.853178028901321 0.391124676710347 1.14771828436094e+94 4.43085878721987 3.87847928952788 3.90048620668232 3.852257829056 3.88308259724737 4.25001867326049 3.87213588756161 3.82807420442325 3.86453702272151 4.25376636873128 4.2488035709331 3.89762194358014 3.85119699178434 3.87341729062305 3.88728831682984 3.88220450736644 3.89245336614223
12.2718447095646 12.2672605769327 12.1570722993607 12.1593511302798 12.1092052724178 12.1081814545499 12.1178530979983 12.1226122979521 12.1608418859958 12.1684653922316 12.1504848571586 12.1521111964273 12.1523997049489 0.441105814963352 0.449232401070295 2.04746141094218e+94 14.3268131800323 12.2758815190856 12.2596504692041 12.1611001641152 12.1469021210762 12.2917820222958 12.2626352194449 12.1558492037537 12.1507758974601 12.2745348964729 12.2650778741831 12.1691153248355 12.1538160444803 12.2784540545115 12.1986027307804 12.1544767442129 12.1599583521266
2.19965741593096 2.25823587624515 2.13040766031246 2.1196808947169 2.10874309150167 2.09740578065771 2.10202983985219 2.09459420322602 2.12345215862857 2.16571372023759 2.13339657344273 2.12907149348583 2.10587836059193 0.595216553595167 0.576365521442706 1.08468169282447e+94 2.39555305895181 2.18513157120649 2.25679327846657 2.08359635808204 2.09146044866243 2.18636614376079 2.25675042276261 2.19335022489568 2.07736453923312 2.25076408977278 2.25592513459811 2.0859172118437 2.09257721272087 2.254833162164 2.18946842608466 2.18932504857233 2.08902777434001
3.174207154761 3.17508158611326 3.17500290225729 3.1677489806815 3.17281474266787 3.17856073720926 3.1721071879704 3.17204482043297 3.17239918777449 3.17848620115538 3.17472575669186 3.17333924089474 3.17857884345594 0.289350613781017 0.138823909805065 1.0758506879459e+94 5.09126114537617 3.18508475773894 3.1767553634047 3.17139958763727 3.16922223949906 3.17743629032446 3.17139585686821 3.18085935955971 3.17180240879217 3.17109862588371 3.18358361218189 3.17259534718884 3.17346847009517 3.17845025506315 3.17399785243483 3.17592286263133 3.17789633719189
18.1864157642899 18.1638865866297 18.1912618803056 18.1894784239577 18.0001565958518 18.0269321969402 17.9817514986158 18.0274778229578 18.1850379463028 18.1824208062676 18.1839678709176 18.1870524361352 18.1829779387961 0.667022653549694 0.682604230991956 1.58186144930974e+94 21.5803698474974 18.177969932607 18.1917139289914 18.1759388383199 18.09361735415 18.1843285355824 18.1762072287238 18.1935737006717 18.1764179955542 18.1868615307076 19.4150121602556 18.1783418418945 18.1722477116789 19.4379407312137 18.164683309907 18.1748502271133 18.1889434517382
0.345486387349809 0.338720041493496 0.286342161564576 0.305190880258781 0.271117581215196 0.27426788528954 0.273683979040885 0.264949655368213 0.324829922365302 0.302949680172745 0.30952850249162 0.28191200888202 0.307998719799711 0.279558454887931 0.283588412030341 3.47208242522401e+94 0.435131591118198 0.334650769354351 0.339027065157627 0.272280946589736 0.266797746751458 0.341925108932674 0.310116704979501 0.26524053112248 0.287337876869379 0.33486053148459 0.338271106000943 0.331051869494759 0.321163665756474 0.33714942874741 0.335643113067354 0.274870859783884 0.304864343236738
3.59555588855745 3.57353489336525 3.54268674065227 3.51958947535109 3.41014706932962 3.42471681235453 3.40942624078587 3.43432919610987 3.53397626948412 3.55175907814592 3.50903384953581 3.5170480965474 3.54719057209391 0.413868723303436 0.443575437318522 2.10603341499971e+94 4.61300333477189 3.5625818831451 3.57369905191008 3.50071944672897 3.52447952871916 3.55130471559401 3.54590060166062 3.47711235680862 3.52266670090904 3.57494910239517 3.56681883631519 3.52023484019961 3.54281923524047 3.5764124917858 3.59731650824248 3.54809006513757 3.55785527253472
1.14462040021647 1.13864658198791 1.13743806617585 1.14083058305656 1.05971039780035 1.07032464805414 1.06010515014871 1.07150960624455 1.13474678374968 1.13735442298163 1.12213913889286 1.12693536058826 1.13253621086043 0.101825889051161 0.166491654735427 1.09222189352153e+94 1.57342830782055 1.14678464467639 1.17865300141944 1.14175199936694 1.10998214820207 1.1416144450374 1.14081045661098 1.14568584152987 1.10864015124251 1.14485291653665 1.14391731188439 1.13945270990833 1.11300140054363 1.14342344526958 1.13765488288008 1.14492961067141 1.12878523303279
1.87719160285253 1.88162048246028 1.86707072137207 1.86196276986487 1.80552993995004 1.80051084131948 1.81574989876327 1.81088143606623 1.86206108005325 1.85815887552878 1.86014883518442 1.86034025764186 1.85442082890408 0.298223650719972 0.421180581877206 1.70692641896928e+94 3.19429457835394 1.87117262023026 1.880959277461 1.88276783914211 1.84793423168054 1.87892291599675 1.86253119441794 1.85441467719069 1.83259233638607 1.88296262481525 1.86833521972385 1.85745362779038 1.83945003028804 1.8674904738886 1.86889182832031 1.8556570138079 1.85643925593939
0.169623443867228 0.170470547727495 0.148595750472874 0.136062079571927 0.0889333489208934 0.0875378115360266 0.0900786826092327 0.0904731255562406 0.139667749606382 0.160205752206541 0.134966405280926 0.130186854379436 0.13674543352133 0.115548986766107 0.15871960663821 8.45257335293565e+93 0.325075892772808 0.169361218596189 0.168603965881362 0.122826463978901 0.102925364694746 0.171136369559777 0.169248198760819 0.124068960166191 0.0998869389845566 0.169676100387572 0.170509953067275 0.164353543308668 0.119424326846855 0.170876268581907 0.168355119159367 0.170559453095103 0.133891874736236
2.32565348511024 2.31247852583639 2.30940930031715 2.3124783805703 2.25536945432325 2.26795521979876 2.26805690425019 2.26723981132512 2.30077238002322 2.29920687425777 2.29916427263351 2.30123833082796 2.28853839450816 0.626015365579917 0.850211693621382 1.31331187920328e+94 3.07382029756668 2.29560271312415 2.3003779213982 2.30305819714388 2.27417324936652 2.33112783059698 2.31629558135957 2.31557316778417 2.26210736118777 2.32104073870963 2.31629641326885 2.30731652438905 2.29276134964172 2.31679347135584 2.3148865155224 2.30602896060149 2.26071807515606
14.4906764712263 14.4993962838942 14.4493268202135 14.4447793918269 14.412472647424 14.4386004059604 14.4337820975922 14.443791985792 14.4820384118055 14.4714409077315 14.4578641653572 14.4249157099102 14.4567390456504 0.685756365019131 0.55345007237862 1.5859014161033e+94 21.3117231486019 14.5119785059022 14.5163781054528 14.4385726579473 14.4571980259534 14.4899832871225 14.4799515976668 14.4664083281047 14.4470186121341 14.507866515012 14.5020198509656 14.4659026069189 14.4531649371551 14.5490730287965 14.5282717738705 14.4340056223696 14.4745767934309
0.50480111204088 0.50636987494353 0.484770109079792 0.475118621887582 0.448598310704313 0.444195750385438 0.452462395761933 0.443762808758796 0.46732057478854 0.490342283058547 0.482365966423128 0.469796493804977 0.465131026942584 0.0876760326110087 0.0757972876985061 1.13826686932527e+94 1.27806221396065 0.503827839775506 0.51240258885635 0.441298826048829 0.445417959705875 0.50739633524791 0.506526547987834 0.458191919013673 0.431477237944168 0.505382597174402 0.505470191231072 0.487022288891182 0.46631331479401 0.507937629675801 0.503951872996222 0.488416875483125 0.495512410788974
6.63319433454949 6.66208443500178 6.55581490530608 6.22011818046472 6.28532403961982 6.20798876687305 6.22367444920882 6.23497943560939 6.22897294143153 6.18380588190188 6.48601508253624 6.27613123651237 6.11356614819043 0.189484458033095 0.25275987211736 1.07657373915457e+94 7.54887480868044 6.73517613857606 6.62815362884412 6.62513013001579 6.15787764875409 6.62728409818768 6.63397046215976 6.57531775867396 6.11931382422299 6.62508860795511 6.63118789550707 6.61531356431845 6.12841021479257 7.26930133730497 6.63536452326343 6.63091955928048 6.11663617707992
1.75042522719425 1.7486727673323 1.70814723137317 1.71396900045837 1.72744574517992 1.74213062920384 1.73702592040814 1.73851167932291 1.711428375548 1.72068943705455 1.72249656738277 1.7103413507913 1.70340428716909 0.167345996145994 0.166682478626607 1.72785359592846e+94 3.55947220125951 1.73445984513989 1.75318829413642 1.69621580734015 1.71402867097358 1.75752052374475 1.71551483702935 1.700502899391 1.72078765517 1.74661661460152 1.74240220323096 1.71559737044759 1.70681552325339 1.74956195272187 1.74979154292318 1.70845743248577 1.72424169016497
0.495765985230971 0.497847062308163 0.395785273068624 0.385148488505384 0.369880666141846 0.371317128304986 0.371090082812579 0.368198812671522 0.438568833206535 0.445146425131064 0.413088361067277 0.386969819128917 0.397258982987501 0.306390938476458 0.53782433099346 1.47911470307476e+94 0.497690571101156 0.496935876949231 0.494646653074595 0.377944734269337 0.376846648569186 0.494707017662155 0.495087518888754 0.379314894918452 0.374931202992194 0.500433200888263 0.495007964746393 0.380246037623549 0.37884578321704 0.497223522033457 0.46608647597154 0.472717479342832 0.376780890982997
4.65720006204397 4.58559182157656 4.61974902398941 4.62867620123485 4.4257617176505 4.48975613241292 4.46035091877192 4.41685406631851 4.63031250395768 4.60947848981492 4.59997282226614 4.65047501111658 4.62870236974909 0.239309254510082 0.208040796519445 1.3110949742739e+94 5.60118943766702 4.95280519368991 4.65430869133961 4.55555481019647 4.59621612494323 4.62604060385924 4.6228134552828 4.57094869482887 4.57027462018461 4.62843126972202 4.60894277202614 4.61309831429775 4.6053908030316 4.63546024811556 4.62146000941701 4.58944154723606 4.60741973340701
0.671657463807944 0.590815203918563 0.585452133882517 0.584726343729112 0.532681976981735 0.53505617768954 0.541905973216185 0.532644793255598 0.589935419552751 0.59857513097749 0.591309953079391 0.579223309788013 0.573730821379063 0.232345770250107 0.305495071516021 1.66591901525904e+94 1.27588955986392 0.709352619939024 0.616265942237673 0.57444814119206 0.568114362277361 0.706610872486276 0.5959815172587 0.588628353829475 0.534856046804901 0.705518185737044 0.613959820942387 0.577837572225784 0.58682826519677 0.712919538369914 0.70898426558257 0.588459878691758 0.548703019731534
4.21310533331391 4.24181037758594 4.13903602308633 4.17991689365755 3.92127657259118 3.94368680545431 3.91370072393498 3.98334087488062 4.11460853203401 4.15020168339023 4.16765515873532 4.13922144433678 4.18103174602539 0.986577686255026 0.58267949118429 3.19119382302271e+94 5.18975478202647 4.20486855284888 4.22776197995062 4.11144050331547 4.06355349102412 4.21407570479733 4.18109914746253 4.00373496369806 4.1697410562414 4.17021295250429 4.19047556234386 4.20376120172441 4.18681859499511 4.13601218658234 4.21458782539851 4.17532554939612 4.21756800944902
0.496646473079525 0.49652985570238 0.497557256224528 0.497637766389262 0.518805828857913 0.5131812567278 0.520368958024561 0.511258608967503 0.493577542256113 0.494822742110517 0.497734144870879 0.497779922730104 0.49558399758197 0.415319794360676 0.451968001009777 2.91415158475085e+94 0.943015064174307 0.497566416519936 0.497389891813841 0.483635574294294 0.493733806212112 0.488802698840875 0.495764976252632 0.491773414755058 0.493811624167479 0.492951568194204 0.492563898846353 0.495165870739755 0.494031224199171 0.500178177950538 0.497770996701589 0.497720179037555 0.497337514566449
0.196126155969616 0.199392872450177 0.196918868945931 0.196124991183727 0.186995850446054 0.18962981645555 0.187372604771975 0.18736596409778 0.193162631350828 0.196046085868909 0.197505186855365 0.198961931292002 0.200069297417485 0.17528770001097 0.218773010336257 1.44327610092504e+94 0.93733076316897 0.198826073536922 0.198559062603696 0.192835354758107 0.193732164832984 0.19444248855401 0.198688567922693 0.19322898221361 0.186910793100316 0.196281134251436 0.199307477462362 0.194683676711357 0.196386491715357 0.197473712772164 0.194516715684215 0.189448449997392 0.197689471837259
3.39571366066023 3.39383442233068 3.37344926175145 3.38459518116878 3.35284449518418 3.36076157848601 3.35583120164443 3.35140100607018 3.38022535575433 3.3880282643661 3.3773371791038 3.38175042586785 3.36969800201269 0.106581273990328 0.132975298195477 1.12938975949556e+94 4.6620677213159 3.38854697355757 3.40300188434242 3.3828356015427 3.35320044141821 3.39983403790842 3.3939772819173 3.36989488562803 3.36485287365661 3.39713163715061 3.39265250806143 3.38668845552348 3.36481254575656 3.38857505684376 3.39129661056273 3.39043602345299 3.37557915600586
0.254139425406639 0.252305879743841 0.247584537874033 0.256018553892499 0.215323557381929 0.210017601075887 0.19577870609849 0.222909904254422 0.253467146311749 0.251409695241572 0.253082456133441 0.240614700908046 0.240871647936992 0.119503943416199 0.21437674854803 1.50580124755611e+94 0.471160274238292 0.251126130847827 0.255344138365874 0.23273380010028 0.229391311470992 0.254151443490746 0.253479407628244 0.235445054728823 0.245199501634939 0.254294231547643 0.251799112266941 0.253937092038319 0.241373116417227 0.254867930944624 0.252067888802941 0.230513129873568 0.218342364880132
8.2999757246226 8.27557418964863 8.27451993589401 8.28848925796644 8.34562612614829 8.33878124761903 8.31489256445613 8.31823820030768 8.28767001548043 8.27077818874712 8.29439419334383 8.28109584178374 8.2726558468169 0.639027393991915 0.883922873819918 1.24734977953887e+94 12.4122204922873 8.27332318206319 8.28585811406202 8.30774585642978 8.28725088009393 8.2757385297606 8.28076155100456 8.28974041535247 8.2770765898179 8.27399860634467 8.27955925115899 8.27824331957449 8.29967156489778 8.27278581825398 8.29269119275114 8.28896893284553 8.28458787884422
2.92735787945419 2.83944764786251 2.88002450050465 2.84996318958042 2.88091264687628 2.86289209494767 2.84794027539427 2.83245235235448 2.84585296735657 2.87289199036418 2.8157594609759 2.81888529419897 2.83702212823496 0.544042619158317 0.624050374447738 1.76812221331033e+94 5.1977278786563 2.91882647975631 2.92853679958589 2.81332758518093 2.82673132314821 2.91896375853307 2.9326879478413 2.83136524189415 2.82704378225419 2.92765099257435 2.92528149077472 2.83459347981 2.82513280528549 2.92290328609571 2.90892881866769 2.82492115928649 2.83544862863649
0.356511096969976 0.356782510417044 0.343767948137149 0.350557152530411 0.328288547456496 0.328751287270328 0.322568435201197 0.321485144810089 0.348853704719895 0.352220339057449 0.346069649328729 0.352052415760991 0.343564145976416 0.275536218116654 0.270373016046336 1.8388167518147e+94 0.850246841715069 0.352299818456243 0.347864934275055 0.332406185987789 0.325672401742157 0.355896141634158 0.34898360275245 0.336214299239073 0.337229065544009 0.357373158082116 0.35276589792111 0.341984845429888 0.35544763065549 0.361485193904748 0.351185147363069 0.324581241281138 0.345873382762617
23.333838327196 23.3578879910387 23.1189768319848 23.1882145999487 22.6477323152083 22.6599140196799 22.6040627509789 22.6648517457512 23.2485503920085 23.2604165603757 23.2002797130908 23.158356884447 23.1405589210561 0.537394902229978 0.370536511086826 2.39089842007046e+94 25.1735001058894 23.3229153479219 23.3511277131981 22.9660260384665 23.0471273150469 23.3602339056087 23.3487222234843 23.0293147005106 23.001858354623 23.3508058452793 23.3499937138111 22.9458608463584 23.2251347197112 23.3374503710699 23.3453753350382 23.3284475239663 23.187295765281
1.25631844397702 1.32343161060043 1.23079093056264 1.19842471849928 0.984296066271931 0.98218060882083 0.985595406425425 0.983010170261147 1.21832147587531 1.21994406694152 1.17130244593904 1.15674596011591 1.15073218906682 0.46659046742471 0.274718092110823 1.27070025861487e+94 1.43347257628789 1.25993806909171 1.25642802541934 1.17245983238403 1.04409508679497 1.2561385709678 1.25351280226261 1.14176505332075 0.994901927155431 1.2613941479204 1.2582572006865 1.19914607134319 1.14960093287326 1.26014609540593 1.25611364581023 1.21326489032455 1.02982916119279
6.23520222993707 6.21946029091928 6.21125100596416 6.21377555041807 6.25942986549774 6.23848500475832 6.24692592118859 6.22163578141334 6.21157081948842 6.21112843045051 6.2248925572418 6.18289116855535 6.2158382018418 0.174833564400422 0.301289957357654 1.35862791803944e+94 10.67636301301 6.2242436158102 6.22154818843533 6.19434186439347 6.19743415026002 6.21889766490404 6.21079389232089 6.19888614456892 6.18901869249059 6.21954422443336 6.21699237852719 6.19641781665856 6.20344541984827 6.2274878498316 6.20503253049206 6.20291071806584 6.2086166129007
2.46047658775167 2.46701110088444 2.44517982030338 2.46063599410998 2.37522747569729 2.37212557598149 2.37549610316041 2.37409127378377 2.47162253777423 2.46257191243329 2.45579835357423 2.45252668977608 2.45250860242852 0.24695450845345 0.209677319775981 1.96311882097298e+94 3.6881232627437 2.47460217040269 2.46320242025102 2.42956526924269 2.40119484671269 2.46917009687806 2.46630758395175 2.42928303833551 2.4040417442078 2.50787812381952 2.46896657816289 2.45931156017769 2.45658057184353 2.46988140527836 2.48115465154818 2.4655622118402 2.47025582095941
119.624343192897 119.638819649405 119.62472538729 119.601001812762 119.605365162779 119.576325301098 119.580465909714 119.575296447266 119.578814007841 119.619541989166 119.580501956834 119.608826339981 119.599962536227 2.20105642476216 0.715016526407655 1.42814836868784e+94 122.176157433216 119.588646525851 119.630190144794 119.579458612289 119.582844710256 119.598885149211 119.62100096482 119.593793322213 119.556093423352 119.578156456183 120.809549115436 119.616008112793 119.621250779656 119.642315500879 119.627088665774 119.595750504701 119.615615786828
1.8288591970598 1.82827741734274 1.82101457788327 1.82474310421748 1.73958985347935 1.7424209959571 1.72994822913645 1.71614282303061 1.82733149234541 1.82482784331613 1.81365693154486 1.81700309123864 1.82706372207458 0.5183442809882 0.226621243133707 1.73342528681317e+94 1.86530848101764 1.82282112656418 1.82553274809239 1.82012327551127 1.82557622143781 1.82691250076582 1.82430370162492 1.82197536659748 1.82232805543538 1.81514166270382 1.82536845040696 1.82328571519878 1.82207503642016 1.82937942168612 1.82621463959571 1.82731801251998 1.82139302698739
1.50088926057579 1.43922988762794 1.44683556565151 1.44756991244666 1.45571837146194 1.45553756428229 1.44296391828823 1.45232529613608 1.45103061788007 1.45286601600544 1.44986678080145 1.44484806756064 1.44105057424575 0.137267247671393 0.161665814186492 9.56577314968993e+93 2.72251143746871 1.44621774902317 1.44575683276596 1.45551648721143 1.4336833734088 1.58921944921542 1.44970881947919 1.44784314852763 1.43568355525134 1.44995378028417 1.44622324668197 1.44234700144255 1.44310099337512 1.58882681448116 1.44811523370459 1.45323885181877 1.43493992080128
0.382013439644846 0.384155103407569 0.389033506865931 0.383596141713876 0.368345395451885 0.36640455740227 0.368589961251766 0.362379020897932 0.377951743162263 0.376332985459814 0.378794278288409 0.382029865160484 0.379954128928431 0.264797511408128 0.287227479353535 1.24286508630444e+94 0.98785137503032 0.384871573019181 0.378635412556169 0.380986675829698 0.368157645608389 0.38328120959616 0.381725956339373 0.381296205109392 0.375918093745569 0.380623439656791 0.381670107350575 0.37722991846462 0.379101246971368 0.382451075370174 0.379735835110052 0.383141561116637 0.382253142213155
4.49958606545408 4.2495550816396 4.24780158490664 4.24404560792045 4.34116864735022 4.31429532638723 4.30632142274691 4.30330430555174 4.24649035534019 4.25308259751639 4.23968195154787 4.23980463444581 4.24066463575764 0.350384575196557 0.321749849116164 2.00768057990166e+94 6.09933914796012 4.49588612262935 4.48545810284165 4.23760397211594 4.26228572426188 5.02024616743481 4.2499789966319 4.25914679366442 4.24210612278491 4.49242025503204 4.3091929026597 4.28896255140586 4.24897335416632 5.01267544419718 4.49562344545175 4.23143531665374 4.23939854925316
7.19495940313796 7.19401981821675 7.18899525994555 7.19766790743769 7.12262802383064 7.11166841176332 7.12078500858254 7.11955645632876 7.17722470088683 7.18618288456676 7.1867079177467 7.19010960301594 7.19628811225535 1.22580675443791 0.611900667368187 1.81144317160651e+94 9.86870551560061 7.19121243810439 7.1922580961661 7.1759305546198 7.19870776374512 7.19423303180927 7.19686486426329 7.19168498432242 7.18994349205029 7.1881654656334 7.17338437514662 7.19137724460934 7.18986648321402 7.18772451298027 7.19864256196155 7.18808398116577 7.18643356748784
0.243638971365342 0.213741640398683 0.205582658874855 0.208344070702538 0.201110081101501 0.193104170405703 0.200284716087753 0.202062113021198 0.205302950853668 0.19352022587609 0.194466143605532 0.208478484144851 0.211451166137573 0.0726917994908192 0.0480438719674329 2.25260453401178e+94 0.586311609189978 0.218522770161006 0.211817894475998 0.215791930646608 0.207287486357812 0.212202034659908 0.207916219398165 0.231009509035189 0.208109137563414 0.220214119252435 0.219054386579902 0.202667562235535 0.215176720784312 0.209956541731393 0.213047707425452 0.211777531450504 0.210375721427143
5.32802114554595 5.3321997022358 5.3286673849748 5.33629925718641 5.38629701768904 5.37543804099806 5.37275017448555 5.35257085457851 5.33433459698527 5.33721938510013 5.32545366622208 5.33303726121452 5.33630786985142 0.355974546820512 0.341536679931908 1.65973713896303e+94 10.1267627860643 5.32077642891671 5.32382310405566 5.34169945040876 5.3332102906367 5.34364785565546 5.34185664831146 5.32429366397161 5.33289760971223 5.97608117909652 5.32594731257548 5.3238338431434 5.32876585766342 5.33479515060257 5.32889954554855 5.33914734591383 5.34872361701357
7.06637646868962 7.04902941622462 7.04702467284556 7.04277212052068 7.06648950867987 7.05583600596789 7.04828518509164 7.03607220752015 7.04486961611172 7.03933599091928 7.04327625525654 7.04147773007606 7.04625422329804 0.563987850740215 0.916021860006567 1.2074862454388e+94 10.3659173733664 7.0441489803568 7.04973549780102 7.03758837353531 7.03403050252944 7.04521107574716 7.04875623976785 7.05467778187663 7.04103674470074 7.04207328694047 7.04763638987984 7.06004086950899 7.05333651013993 7.05437738148055 7.05526549145851 7.05187870795335 7.05786098718591
11.5660241891261 11.5654512620951 10.4090606780446 10.3937588523327 10.4706970769591 10.4649128774615 10.4808682548785 10.4668504983522 10.4041160499818 10.3908529391058 10.3907720569037 10.3979384217922 10.4012148655163 0.394970272852641 0.601152652793794 2.47227621339608e+94 12.523828647891 11.5710203686814 11.5665058071928 11.2221468951375 10.4317233062565 11.5723225340209 11.5664536680404 10.3842377819 10.3893895728918 11.5682400161563 11.5684629549825 10.4313085070408 10.3912112685231 11.559849358982 11.5710916104199 10.394389595461 10.4649849291894
3.53218408875796 3.54521756046767 3.494604772171 3.47063601162598 3.46790100724579 3.47105930763726 3.46514876054021 3.46769526930236 3.49496952442673 3.47167909226422 3.4616154975935 3.47872971671868 3.48037158571974 0.231342084187967 0.186073236430896 7.50468384964215e+93 5.11467486491964 3.54331675563834 3.89590503329624 3.46294407012884 3.46021046005267 3.5435144137612 3.54456502351914 3.46470902748491 3.46531897220745 3.54474929105429 3.53993961130013 3.54528435301478 3.46916126396909 3.53195139981819 3.88893735865334 3.45743163458384 3.45734947488672
21.1691997591195 21.1601084747054 21.1566360212636 21.1772256578894 21.2026441200239 21.2001889285287 21.1913171353101 21.1948588792573 21.1757550032119 21.1562005251628 21.1681453288869 21.1651289956766 21.1675953808481 0.732541790165047 0.173811114050399 9.85221654111245e+93 24.8614152831074 21.1666917272541 21.1627323759962 21.1711159413781 21.1756711823615 21.1682213411242 21.1641606382912 21.1769812300209 21.1808964252632 21.1738033701319 21.1625601429474 21.1688821082422 21.1699123316298 23.7096888894331 21.167927794805 21.1816445755407 21.1745413744914
3.28567175536235 3.28381613082367 3.25281251743891 3.24416320409055 3.21896022774243 3.21839627900272 3.22129391857567 3.219949607533 3.26043550261198 3.25977099556285 3.23690707322242 3.24049809810421 3.24629472613838 0.786174091430244 0.598968759045761 2.26374345089037e+94 3.26100865442986 3.28357228034051 3.28960511983455 3.23662034887502 3.22766081990515 3.28369234049389 3.27991751738916 3.23424118223581 3.23457452538118 3.28472852580897 3.28190237786489 3.23531991336671 3.25754979253111 3.2883560894171 3.28435554288739 3.23630134943021 3.23910506150278
2.68004516745793 2.67796378027353 2.67891636417466 2.67865225614127 2.66709917396193 2.67183685368953 2.60503483415204 2.62767506668668 2.67678906186573 2.68188685109125 2.68126783113306 2.68878475582996 2.67948743325223 0.14683256183051 0.161583907839624 1.08227300841005e+94 3.87659257495318 2.68764479443715 2.682750477813 2.68331501326936 2.65363473448565 2.68205040853253 2.68124370114002 2.68546206433567 2.64641927919907 2.68239000753665 2.6747048575558 2.68167758386493 2.6002038583909 2.68303980910113 2.68235517131343 2.68141099075323 2.57611393330333
2.13087926682407 2.13467049943872 2.11672611255374 2.12098860381764 2.14386355267457 2.12782573162352 2.13854730745035 2.11511470179179 2.11907255099925 2.12200319014362 2.12217917977213 2.13634551086194 2.12729448537529 0.698870287040466 0.688132950077468 3.2427301636807e+94 5.95429195334457 2.12328506705237 2.13172713416563 2.12516493577987 2.11795162540621 2.11831382789283 2.13471699397425 2.10685456486719 2.11154633899464 2.12840008686548 2.12784778380792 2.12438706720831 2.12843562185159 2.12813245739607 2.11871776729431 2.12091340913584 2.13241038305116
0.458623338657892 0.455423485807958 0.422390734268318 0.437089842821817 0.415362557120758 0.416606436413407 0.413616133071874 0.407541714630624 0.431768885568205 0.425187738686884 0.440477894848206 0.43480415352768 0.420299864325671 0.354547673104759 0.448846145344916 1.41050287996341e+94 1.16670238719027 0.45606993886905 0.455434186653387 0.422636202857777 0.408329807230651 0.453553575115991 0.455702999790297 0.418607489295487 0.417474523628329 0.45687150625561 0.459557848168868 0.457587411174794 0.4291575016992 0.454139910545277 0.44962229272711 0.456139724173449 0.429833229121203
0.377961876899397 0.37764785230542 0.284092611735755 0.273407364219639 0.235152569378957 0.239510389863595 0.23015437269962 0.23362001812512 0.31431983769815 0.31471962421061 0.280741937501382 0.26875722577436 0.269712124406856 0.127831833174385 0.146109605874725 1.29987791607522e+94 0.709341401318781 0.376273137803032 0.376703448410202 0.287592357579084 0.229931475477497 0.378312987189139 0.375595569202658 0.289668322847479 0.232619115463896 0.376738836710983 0.376145587529526 0.286877138216993 0.243845490788985 0.376484273396632 0.362373731605882 0.293129547194618 0.223421339990172
1.59574646511994 1.60967328406149 1.59604170521458 1.59106841669339 1.66779489506792 1.67700227666793 1.66929484634862 1.67113987185466 1.60117435087269 1.6056405181656 1.58346319149996 1.59954583991349 1.59769207782387 0.150331868903632 0.327212129269391 1.49941716851898e+94 4.01546311741576 1.58475519393366 1.60298891811315 1.59519828083376 1.60910341466088 1.60479258315388 1.58001241142784 1.59588088488372 1.59751111525912 1.60492494091331 1.59403570883343 1.59694455143449 1.60267748389943 1.59592787275862 1.59846617239851 1.61210634399801 3.24625603131663
2.9637653155931 4.90918853001204 4.91100889688565 4.90898577654447 3.0111889969274 3.00022208325949 2.99635541200411 3.00170296465689 2.98383900387073 2.97579700309043 4.90968931607587 2.98080137839521 4.91326123717591 0.129989121221465 0.125760673307491 1.12876217108555e+94 5.26050608987757 4.90732772513268 2.97267189021257 2.98510811662196 2.97406171874195 2.97815890240755 4.90894294995285 2.9714396510186 4.91044068198259 4.91465054930921 4.90684019104245 2.97052950643493 2.97189095654365 4.91552005923888 2.96741012753393 2.98031553119619 4.90849067234727
0.112792667840346 0.113384878863539 0.106132511542467 0.100337547209378 0.0610014636359983 0.0636871537549971 0.0629093974657128 0.0626044222660252 0.104071985914353 0.113293593168153 0.096955075283126 0.096981400081923 0.0926121520980956 0.10042158802511 0.112638198142922 1.61688887730441e+94 0.114512867264589 0.112379590009837 0.107508326348509 0.0793001793978835 0.0820223240878243 0.111845484482883 0.107714827903376 0.0728177014359267 0.0871943749142403 0.109326844591797 0.111186307596194 0.0904659690579444 0.10498629680734 0.111651942378104 0.111179428492009 0.0776168792434326 0.102778518501021
25.0308640828254 25.0155421286917 25.0274079282198 25.0370499330989 25.1506333961152 25.1430732296303 25.1046744613908 25.1033456996533 25.0293885047128 25.0456618655759 25.0099263071707 25.0505225306677 25.0320216576056 0.586893880307781 0.7694931520562 1.59250095960775e+94 28.8102923644392 25.0422588176255 25.03955365203 25.0195433562839 25.0503421615314 25.5269809955109 25.0377275106967 25.0316379441061 25.0378252206619 25.0290947640219 25.0460796313041 25.0312229419449 25.0478056151836 25.5184282347131 25.0277186127276 25.0287700697331 25.0358767051988
1.53444173772904 1.28094959616986 0.964119268208163 0.985758802370888 0.935929519287576 0.95677254389287 0.979265791461848 0.965971017830565 1.01691910907311 1.03867839609175 1.02358450960868 1.03583253479691 1.03098851392292 0.690561262071329 0.466853183053444 2.58110166477651e+94 1.50184866618167 1.53682831656192 1.03017365979887 0.935635472967692 0.9383823703837 1.53826599948742 1.3649783189584 0.905818550122176 0.950121159237449 1.53427310917688 1.01739567670536 1.01533403129459 1.0277726359897 1.53446487601608 1.53606395905886 1.13741723835479 1.10147550948172
4.16169776224262 4.15122026539242 4.15226857607658 4.14118508901514 4.113905428541 4.10383972224364 4.10192039666952 4.10834028771042 4.15031201778783 4.13869792229187 4.14813359237047 4.17172669871453 4.15673239446045 0.617757247007896 0.545250648343068 1.56563666435265e+94 6.16744734974813 4.15658014314756 4.15789970782304 4.15528452734868 4.15562438301978 4.15373336930334 4.15420239236353 4.1555420178452 4.15373954137768 4.15214977459952 4.16543315275117 4.14700403899404 4.14750936757847 4.15235139858161 4.15728376051743 4.14087581273269 4.16111112095232
2.31105773067719 2.30247651751156 2.30640707592614 2.29961379073457 2.35205579058116 2.34249674810699 2.35709641265382 2.33616973717041 2.30633154615999 2.3089518837743 2.3106677179767 2.30779310337594 2.3063522970479 0.247166284634111 0.245692820510297 1.50264787617313e+94 3.76541260650357 2.31063956859011 2.30819504465758 2.31714299360267 2.31043437970211 2.30563998724013 2.31421665876032 2.30478405066899 2.3024877432708 2.31439923162212 2.2926711455653 2.30451590559872 2.29743354955215 2.84237777611464 2.30041992990386 2.30267798387293 2.30948927393231
0.205314847100884 0.206805181531806 0.204353371371941 0.208835100015048 0.212367355695286 0.206458491920251 0.207547850507453 0.207662578239659 0.20711795196344 0.205194455316229 0.205378030347485 0.209914775463219 0.204061543687081 0.196006343571727 0.211159140362347 2.78955175417639e+94 0.41869517644925 0.208868780942535 0.202399816157563 0.202488905612766 0.206555015284604 0.204669547351053 0.203327601435971 0.205448237113263 0.204555084436305 0.208535623626396 0.203110784908107 0.205886248033849 0.205860139581718 0.207662023507617 0.208371954312468 0.204735929132079 0.206995163085794
1.17167143819855 1.17037615024881 1.08563779572885 1.07146480252068 1.10571678794424 1.0910979431179 1.09678885359289 1.08789311060243 1.12172206451246 1.13324232276321 1.06980700611855 1.07041620188151 1.0833608517839 0.240563348496001 0.530068692356886 2.77824121702877e+94 1.27583688802768 1.15502456897793 1.15429757936457 1.05918577049211 1.05946984834668 1.16231487512236 1.15991839154464 1.05820406722384 1.07114030622647 1.15501857974672 1.15079675254591 1.11483809571643 1.09583755210871 1.16833816620926 1.17012793094847 1.07570373488493 1.07098146647032
0.404547561550032 0.403369330612378 0.404385810871864 0.404594305357523 0.406601532518519 0.40613737315006 0.399385525378056 0.401003766112401 0.405908878531668 0.403020305971529 0.403865848853038 0.407432092101005 0.408273617843392 0.144764055682886 0.16238488590905 1.0727514224321e+94 1.78490665270918 0.404986275275634 0.403626295478701 0.406914101715859 0.402158661793369 0.408418214493709 0.406494044645384 0.403243258740761 0.393077966869853 0.404821209359843 0.40687418216009 0.402511806718851 0.403673181175525 0.405507984454091 0.408227236613599 0.40349971460846 0.397612651937555
2.153603052367 2.14507433942248 2.15105542458898 2.12065505230909 2.00322958783656 2.00604430645191 1.9936407639795 2.00304581468192 2.14131185533887 2.13987651797521 2.12254519036797 2.11832985366565 2.09811114049108 0.406739268065405 0.659937794201372 1.66318291353517e+94 3.72131018942376 2.1490804644746 2.15786695651471 2.13212401393044 2.05864941002036 2.14455831485957 2.15179429308674 2.12516127403133 2.08326404257868 2.32798187492341 2.14462411159197 2.18302561810534 2.11478297351064 2.14555751114962 2.32890146577575 2.15909113439207 2.11175153392194
4.65366155398781 4.65588873752084 4.65291432010724 4.65600867484265 4.64265839974216 4.64852767418185 4.64714507309208 4.64695873874763 4.65925201553217 4.6483622322729 4.654740180117 4.65292014309847 4.65424321777145 0.287696594054874 0.383251419424047 1.02373072084855e+94 4.71402369754672 4.65247032545341 4.65750603837716 4.65937709094926 4.6485141145247 4.65437008607709 4.65293916682714 4.66340327919631 4.64631201933496 4.65257148579702 4.65281299843807 4.65245890061098 4.64905559621907 4.65204704208125 4.65446350249113 4.65682935508657 4.65604609986729
1.62364009230464 1.62519526471336 1.54193204145177 1.55378997666119 1.2653988961081 1.26437546174504 1.25427760456734 1.26570683653416 1.56035424025492 1.59814449140533 1.55211830891011 1.51302885408797 1.48845828051863 0.0555233205540926 0.0565254520989166 1.95175630697142e+94 1.8380685646841 1.62441974862807 1.62241771426429 1.36234011897801 1.41155881599325 1.62272015612241 1.62662854377069 1.31820483240223 1.42727156579344 1.62887133006494 1.62095284401998 1.61831384363167 1.55012707538865 1.62115344013035 1.62647624081451 1.41922280732321 1.56882248578313
0.927177131860772 0.928296745590036 0.885116025894007 0.910326768777933 0.763285560261551 0.775980637638892 0.774526025895208 0.765014491293146 0.92831101961341 0.92573601219814 0.89431044931247 0.878305536475614 0.903919760278186 0.399632099448107 0.566599395424963 3.93923971709773e+94 1.28111434377278 0.922515863229897 0.927863564009255 0.88057789556384 0.879176103397685 0.927604709424883 0.925989551363252 0.90359106384551 0.912324920680094 0.926953537048381 0.928520740239893 0.927542674130641 0.925383445569832 0.924798858688962 0.927898172719998 0.905323164711064 0.910872908877278
2.69630197309388 2.69766326075537 2.64175547892019 2.56446339045919 2.54942137663073 2.54445737365489 2.53831574791473 2.54007533987483 2.56703038172445 2.57398665323189 2.58670778574294 2.55108160461039 2.55207310969701 0.334733156660692 0.390219134629455 9.48842000967463e+93 3.17397554067143 2.66638203003333 2.7005240175011 2.57182631998528 2.53321555226799 2.69773532268537 2.69129461664181 2.57602728155963 2.53883151134512 2.68840556966076 2.69199950153575 2.615360475892 2.55037815548702 2.65668268190591 2.6916994590056 2.60863374740921 2.53212438281483
33.322231838752 33.3203282079319 33.2028437960513 33.2006318670845 33.0221130435136 33.0572860510164 33.0532706919811 33.0736287557564 33.2053039154318 33.22243834645 33.1825244349162 33.1814431780664 33.1925211206514 1.61925226479363 0.724948276490958 1.71539540277061e+94 35.1249939573451 33.3109025614563 33.3233522858814 33.1681100314645 33.1437076369466 33.3197658740184 33.3214910439249 33.1798646932031 33.1792549193559 33.3173845676301 33.3160396126869 33.283879474117 33.2239446700947 33.3444661445271 33.3239272256973 33.1925962804051 33.1925907676593
3.90861337229031 3.35297790598486 3.3527219394119 3.35507368932755 3.35504975994605 3.36561292397257 3.35038013829846 3.35166181458343 3.35261168654191 3.35547724526196 3.34403282533671 3.34305243743842 3.35776621570903 0.222289912112044 0.18467579687144 1.56012014512616e+94 4.01861091886958 3.35442224944722 3.3546758677347 3.34190855431541 3.34633906597298 3.35740612461881 3.36733459177703 3.33266601409118 3.34646482163951 3.36250232302086 3.36210822445194 3.35214826519766 3.35215719052909 3.36199084798495 3.35893052942584 3.37804156056761 3.34640329258759
7.99232798379169 8.0025659932591 7.98838144098871 7.9785295622333 8.05184589674945 8.07485846714083 8.04975370110749 8.04380248787937 7.98134728436465 7.99481508804051 7.99997767335163 7.98460333918495 7.9988444764083 0.437666599017027 0.17160359795252 2.017619166603e+94 12.2085433954827 7.99166646069849 7.9939548727205 7.98437040085759 7.98113288186137 7.97939876392301 7.98874871787506 7.9957332197338 7.99930960850336 7.97399831760527 7.97926318042919 7.97992996812304 7.99178119629996 7.98584894573937 7.98791657698485 7.98021696436498 7.97903066382449
1.9410816813656 1.93903119079743 1.93150051053629 1.90673629813169 1.90837231210705 1.90344132359047 1.90277003893672 1.90261786318355 1.91268647527529 1.92465102997201 1.92359114438142 1.91224178549063 1.91517462119182 0.374185868874151 0.276861554600794 1.05779755193879e+94 2.62984691774945 1.9377639400932 1.94086192206773 1.911209637122 1.89279079795639 1.93396215089391 1.93654324172694 1.91025613629616 1.90363361904263 1.93476697277154 1.93869843164868 1.90407398666066 1.91815922379034 1.93312178822574 1.93163797778102 1.91197013658061 1.89233882259537
4.50839524842939 4.51320720892509 4.50314980725723 4.50512087801766 4.49180170870374 4.49118151104151 4.48668835447206 4.49084111218453 4.5084236709351 4.50190206475735 4.50210017845343 4.49783092140916 4.50438691874226 0.154247973537162 0.212359458482517 1.20851280774362e+94 5.06423741277009 4.50310996462582 4.50862836258392 4.51462423357319 4.4953539755096 4.503098572737 4.51162330756724 4.52120449910805 4.49803715680422 4.51445601935851 4.50970358399706 4.50632099457266 4.4980560465196 4.505077038007 4.50881616667705 4.49846689292498 4.49583478066134
0.387010653052337 0.523889843965206 0.385323654897419 0.386474469858189 0.396564511636553 0.395028489523742 0.395194062594827 0.391291938180977 0.38333917289108 0.383250562513864 0.387757428373965 0.38113238003313 0.379556687458227 0.159084107160854 0.128787936454946 1.25456992960613e+94 1.31665609556753 0.498682331968721 0.534085421190748 0.385374221580318 0.379841782804415 0.383765930267063 0.384454333858593 0.381917243503432 0.386339820735952 0.387883901943868 0.380216912831071 0.378689208224722 0.385649862292607 0.378784065764094 0.498984487819028 0.387624076564709 0.384054018803354
6.38871351124039 6.37811306401703 7.91527825093898 7.91193157384278 6.50152686654923 6.55659895541625 6.55623275409935 6.51209629977755 7.89676030739194 6.37899200434069 6.37083965236336 6.38593739817987 7.90091841093106 0.360276053881236 0.352157771961023 1.49674458752463e+94 9.87361493531149 7.90647989363226 8.35406270352876 6.40121500322543 6.40514408895053 8.09460064930277 7.91525805865927 6.39632139017324 6.41656278095276 6.37677168936532 7.9074591246475 7.90674438946126 6.39331231379862 8.51251050872833 6.95923596359943 6.37430666767434 6.39621985221577
6.52110582518212 6.51957574025649 6.51428258336449 6.51537940439814 6.52850509219434 6.54126595920899 6.52308245804029 6.51477502030599 6.52047444451821 6.50533591418889 6.52621773934795 6.51531050798435 6.50891145530159 0.153564231391962 0.10772858605213 1.0286703987077e+94 8.45482698905041 6.52302455271126 6.51029451971767 6.5187785497815 6.50776408158011 6.51484648182923 6.52005316736799 6.52255341587208 6.51232521292656 6.52247365759421 6.52400878426512 6.52070574653399 6.5234327593986 6.51414093902423 7.38004153083672 7.40781789234508 6.51636001955414
3.30362831787437 3.30877217391481 3.14418810700933 3.13919537194782 3.08177553265581 3.07282322532998 3.07076507990114 3.07654409014592 3.15810048781282 3.14917541571097 3.12945324443175 3.14506911540573 3.13446943009881 0.338734068363464 0.291599680790721 9.92193841966528e+93 4.10378302880864 3.30654135337966 3.30991980442604 3.12722618170315 3.10340718423986 3.30210601393194 3.18920353667589 3.1180184381171 3.12268407200305 3.31245871806194 3.25458238480929 3.15597921339469 3.15010918278953 3.29465199639213 3.21020760503156 3.14262735604557 3.12782292152762
1.48666626652155 1.49461506880534 1.43403599857711 1.43616654331124 1.39494173752328 1.39142606050358 1.40098197844865 1.38997802780409 1.4543962784206 1.45292841427682 1.42333052083268 1.43973767125959 1.43343691017508 0.0920390249130211 0.326254871767635 1.4995769660542e+94 2.80528600937655 1.49575130235154 1.49045202271986 1.41287171204605 1.40177006974473 1.49530966021313 1.49901328935618 1.42803883992787 1.43264743805796 1.49518216671345 1.48129535700857 1.42376157779911 1.42862641192388 1.49379953645898 1.45431638409436 1.47435173300037 1.43609863629044
19.0563236696782 19.0636795020791 19.0673533887814 19.0645034524171 19.0412068367194 19.0444344755184 19.0469528108841 19.0431713709441 19.0570255517505 19.0723934286272 19.0638983473456 19.0531198616975 19.056419081507 0.462986419492454 0.452504922542829 1.79585498672928e+94 19.690493887594 19.0577537723623 19.0658141606084 19.0521592884117 19.0368973993538 19.0539433326219 19.0486006688968 19.0591883361671 19.0658843641984 19.0518947754781 19.043777274286 19.0625066149334 19.0627126038796 19.0522053896321 19.0584093709869 19.0611439381287 19.0663340848586
0.185199251298292 0.18751786862844 0.1860914967757 0.186059143736815 0.171061100969215 0.169175555360005 0.168551564205755 0.167890136750597 0.189148074881015 0.186367429889702 0.186948919155247 0.182870440294663 0.184511431327117 0.180329197384138 0.178854015986025 1.25566106978953e+94 0.514205877457807 0.189649676078944 0.184110523769728 0.180959305787645 0.170260324927169 0.185620206981126 0.188597892169961 0.177643744011438 0.175854820509562 0.187541876416685 0.190411351350801 0.186249684731946 0.178361102018915 0.187786429347076 0.18693329396499 0.179564287625718 0.176308551653213
2.26470103687042 2.2684463506486 2.37106452163312 2.36737777278545 2.34939114964801 2.35747910586665 2.3434201582863 2.34800111357621 2.35857906847669 2.35814020358744 2.36286722613177 2.36598951430172 2.36176680773384 0.539197097390767 0.466576805955435 1.75767532826153e+94 3.2052501825501 2.33137465590408 2.26342199866236 2.37448196343161 2.36645832224891 2.27014104138198 2.35610535253996 2.37411537586269 2.37360530720146 2.26257045309209 2.26667530746834 2.35322833412157 2.36147158074365 2.36203928985637 2.36054287287503 2.36940020787265 2.36630397423957
1.09706430034729 1.05893544601771 1.05347852547615 1.05392173398734 1.05337374900486 1.05232244644129 1.05447654188511 1.05225658260091 1.06787490660955 1.05959243071498 1.05901175069573 1.06191100012372 1.05684195704479 0.135992922194203 0.126863696507398 9.43427889312265e+93 2.02569883919376 1.09840690886983 1.06129913464327 1.05146688866367 1.05159072620491 1.09560938010685 1.05905049044612 1.05498472753548 1.06104657793536 1.09552622985589 1.09535520540408 1.05586502151088 1.05984991855723 1.0958306156763 1.09565661711229 1.06248632895934 1.06537510197814
1.02812476697553 1.0159895648375 1.01685312230196 1.03173100118957 1.05647872320006 1.06009418303521 1.06924995867819 1.05877849757898 1.02728656682656 1.02500985644999 1.02704274711921 1.02929941401881 1.02475702121642 0.252511996578316 0.335262601236106 1.54057042661332e+94 2.72697505144696 1.02855479514157 1.02763487100799 1.02501307600833 1.02923616580371 1.02700434141269 1.02215943521616 1.02059397915987 1.0224064435142 1.02068122482253 1.01853338160943 1.03581370157616 1.01618551852923 1.01947249580172 2.50770001396967 1.02601525700185 1.02584167914343
1.0769811880536 1.07319730236484 1.05751303785074 1.05716458622527 1.03787817563392 1.03309997807933 1.03427337286756 1.03652068623733 1.06584439984078 1.06481821499833 1.03946036159625 1.04867764473279 1.04463261544558 0.231390016161761 0.301375074307515 8.97797323370599e+93 3.19965973104036 1.07216833862248 1.06777141078906 1.04756992734877 1.02835548963502 1.0722823033426 1.07265463850107 1.05373952350147 1.02547542936319 1.0710884968768 1.07285263297494 1.04461758988214 1.03659247918642 1.07418978905574 1.07477753300886 1.05312835192382 1.04931690501626
6.95284125346813 6.92763442086642 6.91371211003449 6.94113925509599 6.95779079880895 6.94740649973504 6.92974962169601 6.95604565822455 6.94056373750776 6.93772050922211 6.92454337085348 6.91108329066509 6.91328928545366 0.308136402324853 0.243991068782279 1.96059221092607e+94 9.76561524171602 6.92314760240214 6.92309692244297 6.92625340718284 6.92339080604549 6.92420447007372 6.93187237976015 6.90971552303299 6.93330739175961 6.93476262853127 6.91904233800212 6.93547946210523 6.93396122062231 6.93522192877217 6.91938933232356 6.91154326597105 6.92935633389442
14.919672231977 14.9403390727652 14.6752133818606 14.6740543458946 14.5110942183794 14.496918926002 14.5132281608988 14.5042012212778 14.7987050909097 14.6912928222647 14.6384545991491 14.6332148017944 14.6443199343188 0.848846744354956 0.807248503241252 2.20796393213843e+94 15.1438894411737 14.9295985045659 14.9216557393669 14.5315160633094 14.5658681237419 14.9060723836231 14.8323748297725 14.5140890251524 14.694583508186 14.8899731539444 14.9278049559949 14.6349462225264 14.7655850864484 14.9374937648027 14.9466458680942 14.6905065960886 14.8988018331302
23.5677655819373 23.1068274026577 23.0948961467603 23.1015052793981 22.6999599432811 22.6481951917733 22.8356051604632 22.464160916309 23.0964971574567 23.0996738720818 23.0942764648902 23.0977455906263 23.0908240653573 0.184125491793006 0.19709974418952 1.91030143000016e+94 23.5747118957246 23.1074994227468 23.1003635476265 23.0380678627631 22.7323362550569 23.1052383789845 23.1073943042356 23.0940417802293 22.5543702274827 23.1031716042651 23.1088568718139 23.047759702583 23.0941457212882 23.1018663128136 23.1032346597244 23.1013408383837 22.8655881843366
0.322477536722937 0.322673762484056 0.321919447439939 0.316480627627346 0.310781614147284 0.3098341442902 0.311105584637897 0.307686249521168 0.31995969822457 0.318139368103536 0.318641614873032 0.317316122313425 0.313299905569955 0.246964849447816 0.273353146834515 5.89961060320191e+93 1.1175515121293 0.323494943747843 0.323239094815793 0.321017239530031 0.311181369703394 0.322826013773145 0.319645485211181 0.321563157622035 0.309706001236798 0.321160027145287 0.320125610796942 0.323125256604548 0.310679420101942 0.322351767580766 0.323242719430125 0.322097189159468 0.314890788153122
5.77526764067553 5.77133113537855 5.79712686287618 5.72755606785107 5.72575094048009 5.72905383178193 5.72781472512979 5.71790443260795 5.75128325971241 5.71913505963128 5.73182873704281 5.70758565112237 5.71192515976906 0.330334823755279 0.319038490986279 9.87181095756171e+93 7.28021985384048 5.80076523082179 5.78331287052845 5.80284800389989 5.69771652426663 5.78048459016982 5.78637144229486 5.81118743269368 5.72180638532853 5.79769659483136 5.79736327205529 5.73461746979072 5.71266333028582 5.79099576583871 5.7800311360066 5.73224976086376 5.71897233837392
12.1737476084669 12.1761413872574 12.0507530681651 12.0534056454177 11.8673375143516 11.8810266754274 11.871175309876 11.886801495204 12.0308909060974 12.0336769709822 12.0331396145589 12.0377322949455 12.0121308616333 0.0994265575918613 0.0963790066205131 1.2645497344516e+94 13.3753430335098 12.1806849652741 12.174350348831 12.0184869716773 11.8749546034944 12.1733581755558 12.1739101359732 11.9756932318269 11.9871469192395 12.1760422568699 12.1750571643457 12.1243242324641 12.0593109673947 12.174840793805 12.1760017300358 12.0475191915407 12.0234732483567
1.42551401226193 1.42808332989942 1.42597880153886 1.42464217543915 1.40397570824089 1.32344691414989 1.36897312575032 1.44324915502415 1.42672379759903 1.26793314346374 1.09647247270443 1.42820907379786 1.27841061124694 0.200761298018162 0.173541701031877 9.04770470106865e+93 1.87970519695964 1.42669975576536 1.42703177309269 1.01740923928945 1.14706581400346 1.4275127642252 1.42634070904415 0.900470364875018 1.03456505753816 1.42341542280473 1.68736794627626 0.918992563205011 0.987490551904455 1.42425437274515 1.4293136759577 0.901150918766788 1.14453293707845
178.100189177041 178.109126869058 178.089461692999 178.112746866108 177.911733216927 177.948164011322 177.928035227245 177.930957520922 178.165454429679 178.120711422652 178.089768378061 178.112110433609 178.119663757907 6.86279179777853 1.86853771124335 1.61257780378554e+94 180.98596382693 178.163537069476 178.142133413159 178.092531496098 178.087947391495 178.155037068247 178.088028097486 178.082296977142 178.077566857274 178.136580815664 178.149541730641 178.151022948241 178.143514825971 178.166579409723 178.189566094981 178.110272824677 178.111764489303
0.542883013832586 0.542715167662112 0.500143329108639 0.523924404595727 0.411770447740804 0.408123326808016 0.385886053685176 0.410190819241329 0.537491655490499 0.534320926907064 0.516189918902905 0.497703240303181 0.50886192894399 0.309272013125613 0.335052688174097 2.7406220576125e+94 1.45242984356157 0.536731679659429 0.544128422450288 0.424219660967912 0.40968902204999 0.545096501411053 0.546173232404848 0.448137818644211 0.421047326220086 0.538827369435238 0.543955063581177 0.538946613025546 0.513175660556755 0.540178192849121 0.539072518261538 0.48915896306764 0.522695055720253
4.46900742974876 4.44532227996927 4.43567518635516 4.41433258289914 4.4888192713866 4.4780513027826 4.46917196265674 4.4792983973711 4.42326079102513 4.4070544919648 4.41284861179721 4.40835560806313 4.41366972368374 0.457886850372212 0.528360565569624 6.87798295435627e+93 7.62779228173044 4.46012694020215 5.27346413373145 4.41666203108126 4.40986037933428 4.46655623858972 4.44808451118054 4.419093228981 4.41599155069471 5.47303783786641 4.46095153527064 4.40291787750725 4.42157778995232 4.46865766114845 4.45824252969625 4.42072974100082 4.4163786420646
0.63960817828438 0.638522826322639 0.634273029140106 0.644330061837375 0.606017825820533 0.593394485775951 0.608499232092465 0.603479114818541 0.649749946196315 0.632415009119141 0.62772000151832 0.636143428766405 0.636954236127119 0.153865362548515 0.222901089448022 1.7662143097173e+94 2.97340200976687 0.638633158933498 0.633053074080036 0.639103071287414 0.642350084705054 0.647173854531893 0.641881702674756 0.63647305227588 0.647703082484256 0.64753979495544 0.637257273485407 0.640760581540365 0.648827247861922 0.644255167652961 0.638139815070106 0.642996225252085 0.641852600812486
0.325440587902262 0.208639825378158 0.245962392235188 0.220984523331155 0.119089209277661 0.122373800315248 0.127784705146751 0.122714176482014 0.304972823105807 0.300050464707177 0.196733083863026 0.217210220500959 0.229049177534757 0.249589095056657 0.321950569351896 1.98882189621443e+94 0.412104923317171 0.326645750894169 0.24323835850174 0.209260529188503 0.166460102639741 0.326219559466335 0.235555054081379 0.193254555820405 0.236671015749375 0.326008725894484 0.32752780494982 0.292867837989174 0.217421314896795 0.326068379123262 0.32484393105913 0.314903553369751 0.278485786090535
2.49528922947439 2.48657726154247 2.47871146845206 2.4842933652876 2.49252907097513 2.47532423396383 2.49378506756143 2.46987358371672 2.4869530900524 2.49231784275472 2.48937089558445 2.48852042792562 2.48191792541157 0.251741369434771 0.241798774682153 1.49463635916957e+94 3.49628212571772 2.79083717017726 2.49299401557665 2.48030574934291 2.48353487769611 2.79116444571896 2.48955126667076 2.47905699261624 2.48317124510278 2.48796934345855 2.74945659118592 2.48503480117544 2.48917121114049 2.48833084039599 2.48723556542249 2.48144726824073 2.48338183898513
3.70491401887887 3.69721866234928 3.69589035801047 3.74552527773102 3.71086393238882 3.68422843466934 3.67399864082079 3.67729211757943 3.67816990804808 3.7201914845434 3.75223501639952 3.74121571428666 3.72987547099516 0.228240561431924 0.266544515481195 1.41554321919238e+94 6.29530759454202 3.71109541657102 3.66472668071716 3.65219326953659 3.70008597866685 3.67884273602604 3.69138491039787 3.75899981339776 3.68916960202404 3.74680176972951 3.72306165444205 3.67815881807384 3.70545431446281 3.74130083371364 3.70644755773903 3.7424989030471 3.73633301224739
2.30686262186054 2.27404014055031 2.27587241099501 2.27488283927719 2.27211551089971 2.26711647861946 2.26872775300288 2.27200426620894 2.27066025889628 2.27628741637958 2.27911803723842 2.27147042893794 2.26811077809296 0.199755747106711 0.220017299353995 8.94533934766355e+93 3.65044547647521 2.30641180429186 2.27744363647222 2.27345200723113 2.27103856108084 2.29880904524048 2.2754308380987 2.26541063767247 2.27633837733992 2.29195849200157 2.30291891223719 2.26970429044974 2.27959630610414 2.30255327021974 2.30167461620831 2.27392691642185 2.26846785020015
1.14652342402634 1.14673291779214 1.1457589698647 1.14682275025952 1.17663301739997 1.17936150088992 1.17768962304081 1.17595188885817 1.14685346221424 1.14713594751192 1.14919183676761 1.14591271630226 1.14922432602518 0.813035688149001 0.580802533354634 2.04234782159998e+94 1.30077565338583 1.14520878219267 1.14567394815298 1.15520049539204 1.16366482139516 1.14613037956552 1.14872402602999 1.1491392424108 1.15211701277158 1.14548323794256 1.14836887999326 1.14637525479307 1.14841033340401 1.14789143591406 1.14732111960912 1.14645382657149 1.14578575606789
48.2533845379835 48.1309341146151 48.1432400423609 48.1194168878226 48.0873045172771 48.1121854621388 48.0880263956159 48.094215118411 48.1491867995911 48.1110989344529 48.136073919555 48.1222241816384 48.10782224352 1.84675052194602 1.92624095964385 2.79057694082183e+94 51.0560950099634 48.2763137662903 48.2785598351467 48.0888755443976 48.0946695204814 48.2903525889148 48.2895513401674 48.1346812432357 48.1141756980644 48.273410041525 48.279982607693 48.1924071504671 48.1461150885468 48.2779081731745 48.2709018902202 48.2427742406175 48.131551776054
