"U_1_Gam_alpha2F" "U_2_Gam_alpha2F" "U_5_Gam_alpha2F" "U_10_Gam_alpha2F" "U_1_Gam_alpha1F" "U_2_Gam_alpha1F" "U_5_Gam_alpha1F" "U_10_Gam_alpha1F" "U_1_Gam" "U_2_Gam" "U_5_Gam" "U_10_Gam" "Sylvia_Sparse" "FM_RevJump" "MBC" "DPM" "FM_Raffaele" "U_1_PC_alpha2F_01" "U_2_PC_alpha2F_01" "U_5_PC_alpha2F_01" "U_10_PC_alpha2F_01" "U_1_Gam_ProbKp_01" "U_2_Gam_ProbKp_01" "U_5_Gam_ProbKp_01" "U_10_Gam_ProbKp_01" "U_1_PC_alpha2F_09" "U_2_PC_alpha2F_09" "U_5_PC_alpha2F_09" "U_10_PC_alpha2F_09" "U_1_Gam_ProbKp_09" "U_2_Gam_ProbKp_09" "U_5_Gam_ProbKp_09" "U_10_Gam_ProbKp_09"
22.8280959622127 23.4443542874167 22.5823838212885 22.5560942250757 22.7169032531408 22.6727451905031 22.6823642824862 22.6632737863554 22.6640430795257 22.6592826764043 22.530922520194 22.5463637927687 22.5660517470152 8.07463428863032 6.71127159510192 22.7480948789164 23.2688840729472 22.8243303187372 22.8277843053838 22.4818901411424 22.5343462284736 22.8339865574377 22.8284424605999 22.5008222737229 22.5364330502652 22.832982408725 22.8266124058931 22.5354165080782 22.5514138343049 22.8284871148309 23.4159531096571 22.4997884787528 22.5375057599624
1.61685777177171 0.526548591612257 0.522009257672445 0.513874873539876 0.711390425685144 0.758134644592852 0.687052073871062 0.704860710140459 0.563877839698741 0.535562671940133 0.509078751814637 0.506507409162142 0.523174584611814 1.10832548515953 1.33443881078325 2.66276452569099 1.62975128196749 1.62642207049883 0.528062301725955 0.583684127291013 0.565331775681019 1.60014072596403 1.67755905739908 0.607363248892511 0.605501575757834 1.63808688169017 0.560404887824967 0.54219363767839 0.532658859883667 1.61468365413363 0.588120578432501 0.59551849316747 0.531240707183679
4.35052908542305 4.38289494079299 4.1986792530153 4.2153928511946 4.37056181390517 4.34113730863601 4.31367096741675 4.28336271319704 4.24903746680622 4.2760390560669 4.19976908466858 4.2078136813508 4.18959506739274 3.21395509504298 3.14640890032486 4.77649289024323 4.2507075570062 4.36157577293921 4.39499006825112 4.14732959885281 4.15648668692212 4.36323267022522 4.41816539124156 4.10323857075715 4.16663215176375 4.34638234603336 4.36659243593241 4.1964247749556 4.18682703850504 4.35476506531564 4.35935383202884 4.26916899641135 4.18927023020577
1.14228412085298 1.16853405760977 0.853835699924779 0.814915428666416 0.625873073423388 0.625536450689344 0.615554941396597 0.610384555925042 1.00134216841826 0.896585360836487 0.81652889203059 0.787629666922931 0.808184309819681 0.679980279174651 1.38880604506581 1.97696964301625 1.14186784624742 1.17620253541323 1.11803234717999 0.684402266714482 0.615828473269829 1.16057981262107 1.08091325503187 0.664651590511258 0.575690209459183 1.16765937984909 1.16506670158194 0.776779284009742 0.753258853175392 1.1772910075909 1.13507105766316 0.738831935447457 0.749597709152658
25.9842898603471 25.9219651085693 24.2671967987438 24.3549584188117 24.9218687545463 24.8914839778914 24.8498390458265 24.7150566935546 24.501967760419 24.3304692047625 24.2801649097811 24.324302057424 24.2912819908362 19.5150651643932 10.8912850405234 25.5877579287365 25.6935164620344 25.9994463228706 26.0422093877116 24.3283125607812 24.4723581118689 25.9854433821541 25.9639529420696 24.3201724932164 24.537155804744 25.6612886566772 25.9001600293405 24.2750027497131 24.2740275412587 25.6733757029764 25.7951469194047 24.2636027420075 24.3156547178754
3.48550928574016 3.49515553592206 2.45117292951997 2.3208798166447 2.65339919327992 2.57158852179439 2.54010088834634 2.53124500671916 2.64643622208091 2.64588166203811 2.33265107910655 2.25083126160325 2.21780449687372 2.211700817025 1.80771821096211 3.18250313298309 3.31525414464866 3.47475146194712 3.4764767979465 2.01913865575367 2.28002456828384 3.48045635398694 3.43327819593668 2.04391901637997 2.36230606994644 3.49242433779773 3.49583349787416 2.22349134715828 2.42899580462472 3.47743691848475 3.66674556820564 2.17390252184561 2.30600658354097
1.56683673131327 1.55900993668604 1.12267486067194 1.04181081680796 1.0441060883006 1.06219519889378 1.06975444744686 1.03614272069285 1.21210771113866 1.23201813292867 1.08251222938771 1.03625090738715 1.05211034000985 1.2428230309238 1.53793937154761 1.41215558466385 1.39856300957299 1.56670052686928 1.55691354783246 0.944081983240872 0.962422250261353 1.55099901018836 1.57100176502565 0.920086380467666 0.962730684285094 1.56129764749261 1.56218328174937 0.971257039805048 0.977881654817424 1.56410584756627 1.57472312104181 1.03489093169371 0.967942412128007
3.27882364407175 3.30859616233144 3.26712554644705 3.29159920535484 3.59651130452468 3.44211497867481 3.48220671809435 3.4324889038543 3.25969075584379 3.27316926836892 3.25931659581715 3.25657956894202 3.26238094008372 3.15899350854402 3.22626014350652 3.44760764779517 4.23915920446644 3.25676914583408 3.25918400183578 3.28197689155086 3.30219583984547 3.27676505536042 3.25884593510227 3.25839768279122 3.35902893833993 3.25517016846663 3.27928983484658 3.26739704267732 3.29315657117569 3.25962419328893 3.25888837701514 3.27507982749471 3.2420411818229
4.13809830471503 4.12068272943309 3.78441595117941 3.79717702430025 4.10655999938724 3.95545344698738 3.99209996486919 3.89827486381637 3.91167924052582 3.96215210474621 3.82289745007818 3.78252096965211 3.80161012013506 2.51872474171432 2.05166525472875 5.74777500430992 7.22576452910856 4.02728790513625 4.16355328702978 3.42749405622572 3.69855899648013 4.08275553609093 4.15089614348394 3.3246929938248 3.78763888639374 4.07622217567965 4.09472151908341 3.66235392617255 3.82235212063546 4.13844286358216 4.15052073804289 3.5050414316682 3.77197976094816
9.93851266049939 10.7617393665837 9.88081006890761 9.86001640594669 9.80781971751211 9.81557770185204 9.81554464772021 9.783712620268 9.88533592486151 9.90429131947408 9.86375497985539 9.81896929768693 9.86072729494034 4.98604488317843 4.0782221373599 9.94082786899546 10.1642708960293 9.96119188977327 9.98204152112226 9.76638500119482 9.70278458857575 9.97263361906749 9.94425764144041 9.75469990730858 9.70513369191869 9.94121007674615 9.9821609112244 9.77876088084988 9.83683926928047 10.0738831440272 9.93824930302351 9.80198194072024 9.80975074085126
0.525658236952548 0.512347219877126 0.465075839148272 0.453151375200635 0.490469376462225 0.476384281458126 0.445337344181267 0.443103444042871 0.486366640709635 0.460743975304741 0.45499978834314 0.439810942597956 0.444223267130847 0.434773311976275 0.59921554310806 0.651751466873547 0.888691223487177 0.510035553794823 0.507389880982104 0.430162951813845 0.412090805934587 0.523898291800387 0.512192702459394 0.435086524354287 0.400144711888293 0.514988347027304 0.518284054254272 0.450709600358129 0.445855405056706 0.52022358421141 0.518078957209937 0.446018205937686 0.427261686415109
6.97388276003933 6.90492265314811 6.78517011143998 6.80076017532658 6.66587450048887 6.6515164625357 6.65657538811459 6.62923713657444 6.88418147935776 6.85961680075315 6.80178495872185 6.7774758043115 6.78158315821705 6.82276950607533 7.18995307560351 6.81953686532579 7.29361807715234 6.93115716540621 6.89613244952768 6.65388860189051 6.63132346822355 6.91457122645115 6.91554125886087 6.60650541634392 6.62277233198868 6.8853816721123 6.91936571633354 6.78090785805387 6.8415926271699 8.35363832273493 6.88474200116363 6.77449492077262 6.85670707497963
6.77271258541785 4.02938720072688 2.21672754379669 2.24000476057608 3.51850693859409 3.40380697417949 3.07899610317493 3.18166815135678 2.26178765916553 2.24761691937497 2.19914797350108 2.230221770531 2.27610256665409 2.0055763129152 2.35903310026999 4.56428777788363 6.26296157473715 6.80128654455669 4.03759806378989 2.33394448073768 2.79423236840842 4.03758067808652 4.00168575482074 2.37541293788284 3.02792443536852 6.82564787699225 6.82587451553056 2.35062092572692 2.30116594780859 4.61152488637215 3.98060053104129 2.32635985156193 2.25772581017691
2.96550944612779 2.97673917342297 1.97096288639914 1.93665196394125 2.04864018343823 2.05642197104484 2.06659168718849 2.01868947064074 2.09077306029671 1.93467592987586 2.0229503063821 1.95869919534019 2.05254107004119 1.17949756644224 1.49834700558659 2.72178243888199 2.79743578654701 2.97820865726229 2.96413053272661 1.905846413552 1.95936819161423 2.96642120069017 2.95560310985226 1.92195175861806 1.97845803363226 2.96449843112133 2.96055586282897 1.93841482691785 1.95911421173667 2.96906913762432 2.95958655128523 2.13936686514233 1.93739525892547
1.23574009021462 1.22634494222191 1.20534574732565 1.15813134230024 1.43621800371941 1.32216226046195 1.29331872719122 1.32802013415815 1.21274405626092 1.16648286244246 1.14473540282889 1.12708345465972 1.15160959770458 0.778367874536005 1.50635301216837 1.88898734344074 2.52425404730737 1.22987628067174 1.22781557092409 1.03453036752049 1.11374972077235 1.23670743015083 1.22775721193484 1.03420016096978 1.26095675328251 1.23804072877175 1.2264257392621 1.08562834543304 1.11680815716029 1.23441870513474 1.23984662160539 1.06889644193211 1.10739070352144
28.5004454191151 28.5451806217856 28.4985492448846 28.4401499666932 28.7208676798288 28.7150717824519 28.7174788853751 28.6156877630364 28.5049804891891 28.5181885001312 28.5035834215584 28.4570738270505 28.4599958523809 20.9027022116743 18.35368396685 30.1336503532701 30.8346004165589 28.5809791557742 28.5431165462702 28.5552984220939 28.6548488306486 28.5768678700024 31.0836301666748 28.5228088759511 28.6689689468326 28.55195380466 28.5698072435712 28.521832783651 28.4127240277013 28.5371732925151 28.5692114165272 28.6071213392623 28.460113629506
21.6273795166833 21.7269297652471 21.0476323172811 21.0446459266097 21.0356313454453 21.0476587194526 21.0380841507162 21.02983367366 21.0970422443819 21.0801903435231 21.0269708774783 21.045558999364 21.0396014252755 18.6893608187806 3.61524559557823 21.3856121810713 21.6499697543462 21.7251364684069 21.7301340298328 20.9832583602957 20.9731337171369 21.7318555486096 21.7349106308471 20.9802260854036 20.9783571325036 22.0411290904914 21.1945466546052 20.992536260115 20.992038709618 21.7071534696334 21.7237250027345 20.9867280679514 20.9949609319175
6.09668716241564 6.09114327810166 5.96260710061291 5.96170767382075 6.02009406226166 5.99537229127855 5.91019197558825 5.91628039040506 6.00990667170435 6.0352941656802 5.93586896388996 5.92973471829778 5.94070568944492 5.8983541644966 6.06814968520345 6.3090013779155 6.47642348670326 6.10690599787431 6.06171260904386 5.83440579225754 5.83262690935617 6.11457088143299 6.06408055641425 5.84655069655899 5.86905167622809 6.0904199140464 6.09301783447558 5.99619417955736 5.94958732510279 6.08080527111248 6.08280383195422 5.91133525380402 5.951244452782
23.473245356566 23.3912784651212 23.1553638367177 22.8739740159206 21.7487120927779 21.6981850782625 21.6931205016749 21.6690047203131 23.1358822457347 23.2697656541474 22.9931866491411 23.0345772305304 22.9543546741184 22.418710598341 24.0320651930102 21.893033728676 22.8048066169297 23.4124046598376 23.3714619255927 22.0082505424599 21.9420795031827 23.4365041988481 23.2357752637316 22.026359883416 21.6604948255658 23.4387518403765 23.3978124492736 23.2394770370018 23.1641636258763 23.4702055542481 23.3114333277945 22.8231039016092 23.1886502751964
28.5011328527293 28.5177832632413 27.1911902027052 27.101480608101 27.3622205602736 27.3352610327516 27.3568174689996 27.3320888665429 27.2397337070276 27.1089108303799 27.1520129059512 27.1169160052816 27.074232513208 6.89971467357655 8.67803812559987 28.5362695989637 29.6364592743761 27.3900936828975 27.3676602078041 27.0479742399403 27.0472496101054 27.3854476476876 27.4585546752525 27.0334110586325 27.0539579438682 27.3900236318047 27.3503859071297 27.0221879241555 27.0711893023035 27.611910905335 27.3878344496066 27.0656876945197 27.0391891049565
1.06820209954654 1.05612934669999 1.12370398294913 1.11707784127262 1.44771952033716 1.44248703380533 1.43957246662917 1.42072925831349 1.06943212829084 1.06162216121854 1.13320797528268 1.10778009587743 1.0950755954872 1.09907521726439 1.51011013511047 2.08028772715492 1.5673439430726 1.05384533475548 1.04603841333911 1.27215415544581 1.27123503440128 1.05723693662026 1.06434006671305 1.23993231792174 1.34220642301492 1.04430388807059 1.06506469381258 1.10746612645823 1.07534747787963 1.04074545923696 1.0933035994729 1.23513074325391 1.11170309851522
9.27255108931499 9.26991324542753 9.0658651680097 9.03197624872294 9.06699912232745 9.0554762361151 9.01567867467267 8.99189450205516 9.19165517642505 9.15859064249702 9.02226077021497 9.03697400161581 9.01385937720671 8.99954168477758 1.41875749413065 9.1955976383206 10.3018286826981 9.26667625393949 9.27988738315243 8.85941896311396 8.88253082225955 9.27402724914503 9.26945266253461 8.86471491368744 8.87714865490762 9.26361627036859 9.27283000537059 8.92664323121341 9.00998509881173 9.24762869663058 9.26909769740066 8.88139696068964 8.98591875163744
6.3775591528269 6.38169524334782 6.14089443732022 6.22515137237026 5.91176763262989 5.9032638187035 5.88811125939932 5.80065247846461 6.36629140976104 6.36448798498018 6.22343648424332 6.19363780266815 6.22411249138359 3.04580648079377 3.73097449091355 6.35052058311382 7.51631761568475 6.33414149771394 6.31544346992817 5.69447386009476 5.75728885035849 6.38299711263679 6.29066365519174 5.65943650793901 5.68981251831378 6.37176122562199 6.42723841171346 6.3904072048972 6.2457351867441 6.36406316539901 8.55897281972194 6.1895887488853 6.38025733823032
1.63824692713439 1.62921416775994 0.801510897170608 0.780118602718909 0.708069405253345 0.708488081564619 0.698790569382052 0.694995132501144 0.767370850884309 0.781538638888367 0.788279287740705 0.776798802423593 0.760727605952432 0.774353432875477 0.936890353774835 0.969087232875645 1.65785514599145 1.64893072014815 1.64376069538651 0.674439465095583 0.64110929135594 1.66084921347202 1.62381928003497 0.663186325054165 0.631363731725292 1.63576814189237 1.29181161591732 0.699424819180506 0.71131161532378 1.65592632862677 1.34240262160803 0.644159234771457 0.647880409056549
1.68042955518633 1.64507832013418 1.68906155385261 1.69513114117534 1.89808432164693 1.86981912495462 1.86686927445296 1.8267303315604 1.65673672172814 1.69558984841921 1.69329314553257 1.71677383711769 1.70538342796842 1.70059718328895 2.93011356209545 2.08293853301395 2.59310069895415 1.68392433889212 1.66845932993775 1.65607060505924 1.70036159492219 1.6916268836839 1.68018871983407 1.69426045476853 1.66750489006571 1.69847619409161 1.69542006675693 1.66066024831507 1.68639518900207 1.68050993461588 1.68945370526091 1.64273921249933 1.67993720124648
27.508044291985 27.4906593701039 27.1592719441693 27.1969604489498 26.8310984020523 26.8307646375735 26.8290643980398 26.8459044850298 27.3389613456463 27.3109799479629 27.1265123877177 27.1372292712052 27.12396561539 25.4307836896862 22.4358035623677 26.9124919844347 27.8573464853738 27.5210494899103 27.4770782489604 26.8849236952405 26.8414171730545 27.5546624538672 27.4239781006763 26.8833360969622 26.8088715035724 27.5451963838096 27.4445525116375 27.0322102691994 27.3100729502508 27.5298770159421 27.5423528955971 27.048114333138 27.2857354039019
5.90702618157712 5.8831520770609 5.35748154273572 5.33101840853155 5.13278668633441 5.2712690068045 5.22676687630882 5.19292945418337 5.66343445673161 5.43090485725869 5.38766025727612 5.38473669452081 5.29096642001469 2.27630658149461 3.42316929249492 6.3814841303224 5.87269782075233 5.82977077718285 5.91312035300341 4.96676734900401 5.07266892936914 5.83807718162527 5.91386459806355 5.01487472535133 5.02545629838776 5.85898057133131 5.83378123522108 5.51017079260202 5.51641155628234 5.85591281204516 5.90515781321357 5.30014134129148 5.56395008958671
2.53715134035147 2.68918087055851 2.53235594710677 2.5302714433644 2.86127006696267 2.85993362553686 2.75012857328236 2.68316673209768 2.5447956234269 2.54779144763793 2.52717326862641 2.5495252072193 2.51948416974645 2.2085372505821 2.80020102076419 2.87764891184776 3.92062133035767 2.6860295490271 2.54683478213366 2.55798988851913 2.57050736991335 2.67387955251382 2.5509587642869 2.57908238120158 2.67610219631478 2.68647314029123 2.52547975755837 2.52754471269334 2.53131984473172 2.68344159363729 2.69864425547535 2.76864296311371 2.51741257137445
2.23011774307808 1.84143399450476 1.72114572012229 1.64124364931078 1.67449338188222 1.68167138296609 1.66439016119804 1.65363371722792 1.75922662489326 1.74324487232788 1.67217643989549 1.66661235399402 1.66759841210508 1.72019314387566 2.20771996163401 1.79191353354069 2.05019824214292 2.22986772206567 1.82839669938255 1.6216494185933 1.63812593804821 2.17226188966505 1.81651714094541 1.60661109560078 1.63398817304518 2.22722119870842 2.19719196235293 1.61112601568796 1.62982938068959 2.21586541306716 1.83650512192299 1.61950822837707 1.63814494068935
3.68003979686168 3.6788310833328 3.5156136224298 3.48771892290713 3.28269093744154 3.26295941915669 3.24865455803908 3.2367036135082 3.5568374916693 3.54952606570087 3.51685796193038 3.50087869412151 3.48668332012478 2.92878531845331 3.76955077059087 3.58383630060987 3.62758808365725 3.68067034978979 3.67526741986809 3.25167921591245 3.20894667252077 3.68396968313403 3.67611261656526 3.25610275824248 3.1720423309888 3.65046615770811 3.68303788838517 3.42421051226446 3.43547341002329 3.68183187861853 3.68044464462817 3.24611251893729 3.30664811338342
2.46066238078406 2.44695573652591 2.3920254876248 2.3097802932334 2.320600288327 2.31836421720858 2.26065078319209 2.20767018692737 2.41907206069944 2.39867784758257 2.32154973117512 2.30760558113834 2.34727305694237 1.58689606557248 0.878967285036103 2.55429896690938 4.05051308216584 2.47759852457515 2.46157537468387 2.03576441298691 2.11520355927984 2.49556917659109 2.42449605614708 2.02739122902596 2.12240273861186 2.46943833030812 2.48120576900523 2.23196114509236 2.28719776962199 2.48784224629656 2.47524789500071 2.03333988168912 2.29917594464835
8.03070908625212 7.95606582449602 7.77254218868154 7.62915256095632 7.30915511009698 7.33642368760589 7.28413240393558 7.31584107498688 7.79395342901418 7.79115267355888 7.64741288727422 7.56922263850916 7.60691613340153 4.32799479233034 7.6151346834881 7.8188496705437 8.6406772483903 7.99744205220836 7.95795497354304 7.38679755321935 7.2075315007483 8.07037664561024 7.93794876816096 7.3612686701255 7.21318409052421 7.99890719715511 7.96402013094487 7.55475343041716 7.48485575433041 7.99766356105954 7.94978511992282 7.43974652163536 7.47671105435582
21.882111111279 21.9301512750194 21.182686651207 21.1457284609375 21.0190645254471 21.009011356069 20.9902660526079 20.9512053283762 21.3501468262414 21.3743808240124 21.1853003730236 21.1093515084966 21.1130398651874 10.3280856083137 14.5683455292871 21.6300193645478 22.081820200687 21.8466977501725 21.870266587349 20.8667259470628 20.8888999022042 21.9381397660003 21.9530697337493 20.780554108873 20.8355613831682 22.8119533426405 21.7278398911256 20.939388535909 21.0288485228947 21.7726906768138 21.9623597907839 20.7554178370442 20.9153432018664
1.71768656180653 1.69521780962278 1.09907597715131 1.04193596839468 0.996587563910769 1.01171682406876 1.01374362190391 0.984434150153799 1.18111717791634 1.15213875169119 1.06371548183864 1.04757606750382 1.04925536589577 1.04679508650039 1.62247563453274 1.6692704513906 1.39442079978705 1.69651589079812 1.70225553109811 1.0215672255061 0.942082532271344 1.69100349238356 1.71585983300041 1.02108933365157 0.956212181155983 1.6306070729491 1.71597835256296 1.05947811654605 1.01023786051224 1.55008276706714 1.3613713600359 1.01120340891469 0.968884604072815
25.6591983461252 25.7930311633064 24.6490513985488 24.5543368026179 24.9294490378219 24.9002361397348 24.9411090269821 24.8489640467125 24.8191264719564 24.6683783270081 24.5876381676179 24.5284233868234 24.4877346660088 15.4728606136674 7.3303770980187 25.9544023275106 25.7607283903535 25.5677562220018 25.8571648619137 24.2496023579238 24.642601601089 25.6492655742387 25.8730769910992 24.2493608890526 24.6643654607979 25.7782231466294 25.8224783076653 24.257636239081 24.5497794659808 25.5493967816033 25.8630966314762 24.586678129113 24.6369690602436
14.961436529993 14.9782527087543 14.7539338852695 14.6900254439931 14.4392483858211 14.4742261338614 14.4617719437618 14.4131219789575 14.8340418343509 14.8269681899785 14.7225995705001 14.7169591289467 14.7419282896247 9.52082108733516 9.11225649220783 15.0155322707045 15.0416373050759 14.9719823077129 14.9782946072354 14.5647719835403 14.3862214046602 14.9649189628528 14.9595789570006 14.5680594564099 14.3788686036247 14.9692328469205 14.9706492635135 14.7307244700802 14.6641618538774 14.9842562585462 14.9522715300541 14.5911751258884 14.705206343081
5.89259631707374 7.33567846096007 7.24761225721718 7.12321472696067 5.8261728024967 5.74524235274165 5.9136868795655 5.92843105592187 7.22461076237498 7.19885803781063 7.14458604411803 7.19335912089181 7.15136413531244 52.7470739199888 3.46349629301588 5.35940278900729 5.59033995909856 5.89314852196842 7.41725662813926 6.90080547010518 6.67740148806394 5.90199480774691 7.37588691825979 6.8527143175696 6.10356359226822 5.93525378419985 7.34767875786384 7.25029906831901 7.1195601845478 5.88926237036107 7.52565823676376 7.15854219112362 7.04222078355429
10.148695368187 10.1569087626594 10.0216571017715 10.0198902813523 10.1771275593852 10.1320513176949 10.1683993214588 10.0894534202739 10.0700817011397 10.0604104626092 9.9981222623485 9.98855684776229 10.0150459386326 3.76930901047967 2.8163115546642 10.6632967942451 11.767031458465 10.136570864804 10.1941559547975 10.0068146536463 9.98981800291272 10.1642900798616 10.1665551801005 10.0148711826713 10.0422542805736 10.1698003106428 10.1679904749279 10.0198908764563 9.99788401859603 10.1636531767535 10.1856810212617 10.0262089779872 9.97527634366658
2.2185837753142 1.43888594873528 1.35871015011203 1.34403609720371 1.32390770063199 1.33365843769358 1.34856777231657 1.31441707140801 1.39352416550026 1.37242986829069 1.34720008625406 1.35662156399211 1.35305722337501 1.32721723798805 1.48046778172215 1.53240454345896 1.45341468484641 2.30130686293928 1.41200116521464 1.35260164028362 1.32477454537418 1.54772988012455 1.39878016888958 1.3451751109241 1.31394963162888 1.79100406392702 1.44644175166681 1.36353606820505 1.36098646013076 2.28829541396907 1.398323015352 1.33739804677796 1.33849536324444
1.05835526923577 1.04092851592859 0.79056505642376 0.775968296672854 0.553409310942605 0.551846737163109 0.569464867329327 0.570197391659566 0.789419592145952 0.814225878443737 0.783487468528378 0.763135252032451 0.786072002892626 0.665789757725576 1.11437091651588 0.98059919281236 0.79212691120113 1.05133280191093 1.07219984469849 0.69814182645428 0.541297360951323 1.04433978927856 1.07920249916568 0.698419014643868 0.539205815528481 1.01137031287181 1.04555943518782 0.736463834304705 0.701193525633904 1.05274200684471 1.06619999154952 0.689098022043651 0.636651597116277
7.68144721016561 6.59975441071999 5.21993873088715 5.19511229047284 5.45951469382439 5.40908447704225 5.32794717779788 5.32065779198887 5.21468429015642 5.22763283791952 5.22893526759713 5.1635585346628 5.17386222995001 1.91770173320581 4.70585931135411 5.92475910344258 6.76336677217301 6.58930181511929 6.58685523413186 5.15116344450189 5.14083550303674 6.59569908015774 6.33925146405317 5.14716419868771 5.16039711314354 6.60764901107421 5.23077857416947 5.16533316934295 5.15483519579371 6.60633558798688 6.59192175109935 5.40267600531182 5.12481626426053
8.62080217480355 8.59820149061273 8.65544518813845 8.62517462337257 8.86705095711839 9.10831370849642 8.9578538591449 8.93784817375557 8.5759313264467 8.65370407690406 8.64399501526132 8.65980828210416 8.62317473329003 7.9824751785027 8.65797263540997 10.4813388340277 13.0968763759794 8.67294432875167 8.62761530695054 8.53983480681083 8.54869213885515 8.66075658128539 8.5973090434622 8.531586518428 8.80515625572208 8.66039566789411 8.67468965843018 8.61802756164551 8.65052532464439 8.67518434781982 8.65176543074448 8.61848357256871 8.65050737393521
3.77057283142729 2.77295631380538 2.68152083334917 2.68080726700204 3.81981554621884 3.60933519114535 3.60327915439463 3.41889140763032 2.75557724240757 2.77320816360682 2.68111985602021 2.75535056970096 2.72857208168351 1.74374512839546 2.59814130022566 5.49819701348218 6.78022332255556 3.72524123854087 2.81749080988891 2.71384849235494 3.10501722374879 3.7200270988101 2.79832376663795 2.76673216923146 3.38524160767545 2.82479886102461 3.6736618513189 2.70331622416167 2.74096102632911 3.16433916582854 2.82123517924907 2.90333608671381 2.72082340147587
4.94072350152071 4.89472063916558 4.35003325318044 4.37964633556255 4.18278314343441 4.18716141089488 4.14644675206549 4.10888289429313 4.71535900229837 4.71642329693822 4.32301621052526 4.43099275521778 4.45507168066372 3.26149208484266 1.64033079463339 4.66723907232155 4.83655253855948 4.89847556368615 4.86853764205912 3.9471713611792 4.01306292754263 4.90200765804986 4.88292409115556 3.87722740956987 3.97919792882659 4.90055595481607 4.90830578893159 4.27117839684785 4.54834275895681 4.91901197291681 4.84141555945838 4.03661758855782 4.36808989489826
7.60024774593847 7.61595815597166 6.6288107981418 6.58287847255024 6.64191278465948 6.67169808390779 6.66252013604407 6.63877043191453 6.78504071884805 6.95638363181373 6.63484339573386 6.58877265326318 6.61886377890334 1.91427405006354 2.87833578702964 7.17668073513915 7.3438365675391 7.62414137647296 7.61212829220122 6.42869104323683 6.45155094893294 7.60531149511331 7.66396465026047 6.39734241667085 6.455608262283 7.60959236530295 7.62563584408869 6.45941289763195 6.53779770625508 7.60443292844457 7.64414022923348 6.47186902803541 6.49605605200335
8.90064539723532 9.00395440795524 8.88771749115552 8.88676107657797 8.7558409351967 8.88917546803155 8.91218331709613 8.78366150600655 8.96908154746958 8.93515517850267 8.87223016393462 8.81746197969492 8.86069302950473 2.93368564439009 4.35584913328912 9.38310919254627 11.6504228071626 9.00182816963548 10.8903692718358 8.52696524358188 8.64998802839138 12.0029510986831 9.00379078484868 8.53647206211056 8.70230469604124 10.6693478307479 11.1661988440873 8.79823243347173 8.90468332619888 11.9796425982762 8.91510401514199 8.63640416460395 8.95959815114869
3.69909813037431 3.66275148007657 3.65620954908716 3.63415516696257 3.23398597942359 3.20403514644612 3.20906152500468 3.20232051654404 3.6568050673873 3.58778853397421 3.66597723122278 3.60487920838385 3.59913013891734 3.2511212700376 3.60474155724622 3.47171388867108 4.86260223397633 3.6633893942679 3.6970632308146 3.40401306686706 3.25311523055608 3.69072222518442 3.61391877266415 3.3647580840165 3.21514623836382 3.65343419117224 3.67897727567611 3.51993646608868 3.6312832830708 3.71319456060671 3.64880004654696 3.31170769938282 3.61125071498679
2.00117548872196 2.00172518827928 1.88354839085375 1.86020833246729 1.98399178241591 1.9762091800437 1.95510855905716 1.94770331346803 1.86780313852367 1.88169163338524 1.86247393584987 1.84979368169952 1.85522015692659 1.45565229358832 2.16686191301492 2.07608220462142 2.41089924876888 1.98633729886341 1.99068899571491 1.85141201568312 1.87510478548038 1.96270757422775 2.00824009352016 1.86796182956604 1.86797802109245 1.97636181923575 1.91613791279557 1.84899314921576 1.85653888500572 1.98983330109942 1.98171835039054 1.89999862065752 1.8660830926755
6.44180648948347 5.95366318067374 5.86754787606337 5.89833390193526 6.38466772642557 6.38695252612192 6.30396510655236 6.18310725414294 5.86784210005281 5.87179286973238 5.92743361631426 5.94743208053022 5.95509295320911 4.94174244721865 4.94133655736118 6.27281372266659 9.57431036245289 6.10865615422686 5.90409806741009 5.86119259719348 5.90462760191544 6.4695776275728 5.96412078195302 5.81155506452925 6.03114186368077 6.4429930287064 5.9975322434293 5.89504013186665 5.92574858907421 5.90632356456262 5.88396605249451 5.79115676776826 5.91498204100327
2.59366200598313 1.98243018773544 1.15341842775118 1.17805546155752 1.53131678573748 1.46520833886534 1.47749109972867 1.40257982805436 1.22558791287036 1.26307802282531 1.11969457148279 1.17688645765649 1.18725909849552 0.690038905728615 1.37149539970215 1.92451889412244 2.1800637602565 2.59983388651969 1.96551430443626 1.08296214868563 1.30487975329282 2.34439058815095 2.13685101238313 1.06723927403989 1.27301216127487 2.12723279279914 1.91641272039113 1.08363663360029 1.15050370730977 2.58340927236382 2.44891821169358 1.06813417800328 1.22193399869872
39.1673200601862 41.55187538164 39.1668905097237 39.2403190237468 40.3542750683938 40.255364721423 40.1808985614957 40.0818672965109 39.1313783342307 39.192589478988 39.176173485719 39.2281864680357 39.2276316492354 3.83295251354782 6.55001617242074 40.4117236467706 43.2811566118561 39.1787401934472 39.1188099473972 39.1608873792243 39.3690958481926 39.1856156110942 39.1360581688805 39.1514187428467 39.6909147073295 41.6074082794887 39.2093489088785 39.1816851257045 39.2356610797399 39.1800330688002 39.1377249152213 39.1727390402645 39.2387132340386
19.1461978733029 19.1735468835904 19.1354798535268 19.1620460267286 19.5803835594101 19.5475346677769 19.5185734228429 19.5010273770068 19.0938503059597 19.1311988537926 19.1267113131156 19.1401396120174 19.1463076916237 7.71898391764621 3.34201552693692 19.9669021132611 21.9903617179777 19.0918692375348 19.0924253588471 19.0978586241984 19.4065458491592 19.0887637736203 19.1925973612191 19.1423968295664 19.3657153669043 19.082294265453 19.1313629892529 19.1437439033166 19.1258287888434 19.1293558477679 19.1084752018926 19.2490315987554 19.1728994325359
4.63152212480865 4.6012742465706 4.22865133616496 4.2109858722468 4.48482690133199 4.39552364457696 4.41572933152509 4.36657406390042 4.24262731868935 4.29373690915855 4.1954877339237 4.24024553152515 4.20889324795445 1.16636057312904 2.18324663305045 4.76625032404945 5.74259461010572 4.88397554162889 4.67254281867656 4.11261071984979 4.2433458539929 4.61085738769208 4.68195455898415 4.09670832908605 4.18044344188845 4.61207978909753 4.591804447288 4.14336830033924 4.17269260471323 4.62858715620075 4.68061248942565 3.9450526016566 4.20266330393159
2.86268309598057 1.97947942012784 1.74521696316423 1.71779150812406 1.71610909732965 1.72172388348944 1.71733593181128 1.70245463480541 1.76594329298283 1.73899063862664 1.73059906153367 1.70257344334521 1.72058679252199 0.951479569330831 2.55736475484805 1.93665217181781 2.32938111928688 2.77759150298922 1.99575830577099 1.62424574485343 1.62823387703786 2.18002162330763 1.98117119880536 1.62671153984426 1.63500302191908 2.43302889496928 2.00898376858948 1.70925471972359 1.71431709245991 2.84844770428305 1.981774713305 1.66463675744998 1.68815245155091
1.25051108532085 1.238382082833 0.870561459333714 0.87787756212274 0.91930275012864 0.921785552591337 0.909369305335822 0.902892440331055 0.900482793261048 0.876860760581391 0.877390751734729 0.882386351858644 0.867681700648582 0.878736919873649 1.38915078090697 1.20516090420435 1.42448791916914 1.22216870455817 1.23985648128752 0.869871692159928 0.864880194895541 1.23079729181035 1.2580661804476 0.874728047843782 0.85579048513527 1.24173669907694 1.23765145266629 0.878321908035629 0.872139344072677 1.2217428074364 1.29180997970988 0.880921852068591 0.857482930754629
5.86263962070798 3.00733079993527 1.93927455084652 1.89749154114394 2.43854931063906 2.54319302635022 2.41190871190406 2.3019901125943 1.99661359216938 1.97004607518762 1.95079675822505 1.9125188136319 1.91348527350038 1.67869386536929 2.19498964278442 3.53848074232324 4.15502064707909 5.85015909585569 3.01627348395965 1.91692831904863 2.19971215870074 5.83527808549891 3.07882366753431 1.93564229643255 2.19100714627072 5.77844766574281 3.05093307157227 1.91901111053241 1.9474543280229 4.5281684630415 3.07808671500043 1.96615076146286 1.94829448336821
8.4791211985862 8.98913985673059 6.21611979185594 6.19828233051366 6.27652990551781 6.31061470944499 6.25343439574058 6.10233488093577 6.25678623085837 6.15542870062835 6.20132049380337 6.19583899843812 6.17243862588658 5.26909614939495 5.58407875332174 6.35649135215516 8.41932911489442 8.35583007092176 6.23470025027765 6.008514453283 6.08123583608273 8.47424414016031 9.00053665848437 6.00048272275899 6.16320595549663 8.48189934947493 8.96433521316676 6.18808118571445 6.21393203809399 8.46733280270192 6.2104951728937 6.05393441873577 6.17528913353604
38.6324906638297 37.9404330148739 37.3928953641117 37.3782788546299 37.5039436364818 37.526689054867 37.5075972682257 37.4694204975699 37.3895904615653 37.4037828598941 37.373584170734 37.3928449313036 37.3792830239815 28.2563305740149 7.97619264109032 38.0463555075483 38.4895969773745 38.2854166489677 38.1594163859729 37.3709272648253 37.382393200125 38.380701806474 38.1561893227463 37.3660014336532 37.3817268776575 38.6361266930943 38.9951884652679 37.3474724052831 37.3869018823753 38.8066364575302 38.1191821297347 37.3632107779546 37.3673088640492
4.612074149581 4.63014862297124 4.26980412453835 4.15052690707643 4.29345282011956 4.34933328450379 4.33544063746358 4.16930480379128 4.49895937363391 4.32839642182132 4.24445321975557 4.18874902610722 4.18248411406339 2.625500087774 3.45176401650015 5.37423774116273 5.13853252371336 4.73184437082554 4.67989700764668 3.88238013863477 3.96674276051919 4.64873925319531 4.54941626619561 3.88647272688183 4.03063887180789 4.67805916072111 4.60120954189299 4.50461880782744 4.25748356873184 4.63902559395166 4.55345738281668 4.36836725939094 4.40140821217663
8.45421316163152 5.2943014532864 5.33934352186966 5.33867502863195 6.05286248443686 6.09939663000271 6.0453657428259 5.95488257731218 5.29584360901763 5.29759397046201 5.33541905956816 5.33879467350764 5.36780258486781 1.44500880188397 3.17449874445679 6.56978991805465 7.12814620686236 5.2923810011223 5.28412557952052 5.51415445532072 5.63307141203827 5.28788733247566 5.24591575130882 5.49213738314116 5.69701580113901 5.29175942908075 5.27659136972171 5.29987724431118 5.33534903525176 5.29339548009668 5.26315126265253 5.3093780958617 5.30171278364502
1.59569655681217 1.34298907554267 0.682702484806829 0.665194958345547 0.750823036547109 0.745151270922906 0.73146439501684 0.725273989026735 0.721256854954326 0.775570373915662 0.642030822217152 0.664302639848238 0.663130598565288 0.509817526443051 1.03789897241454 1.17222623245878 1.4826829632713 1.60093765264646 1.48603491284512 0.555510605631317 0.639844138753418 1.36381194426383 1.4557605594043 0.562633111678904 0.634057470804362 1.59328413322371 1.32328386750351 0.585792893790308 0.610328448039084 1.32096470176575 1.68805818467018 0.611316475589124 0.643062329392995
9.93041883424921 9.91612945030431 9.52658259404121 9.45052268808865 9.27540515980083 9.26159516591004 9.2507972647177 9.22741943281072 9.6273558360003 9.69185725967564 9.53018711119395 9.45137416593033 9.4565700836443 2.68719603338202 1.79859036758679 9.30291236451139 10.3307234236194 9.90745283113922 9.88155039065101 9.1980946511548 9.12890342490122 9.91871524786125 9.94885720821998 9.20444546725671 9.11565093911659 9.91504835812609 9.90345065591659 9.31800938649803 9.42468450522333 9.91358065168798 9.93189193618637 9.2398873799621 9.34978610906914
45.6369907828414 45.6600745270439 43.8707519100098 43.8695772796927 44.1595294412617 44.0360092503687 43.9809297190993 44.0084264566251 44.5234270628043 44.3142386572175 43.9077575306777 43.8996655896037 43.9302991199811 10.9880418204358 16.6361110017353 45.0514401987391 45.2145543820095 45.6631773004969 45.6438890795805 43.5246643912248 43.8426198570605 45.6575036139428 45.63538838858 43.5739513030388 43.896763658551 45.585326133704 45.6561965607761 43.8715407745956 43.9054131226053 45.6227968870984 45.5917928565258 43.6702877236179 44.1774782941507
8.4273145523214 8.57121164130793 5.84853587505763 5.70648582515623 6.86068735490243 6.87223469139608 6.49777462739437 6.52502577020627 6.50051154221957 5.90379489403198 5.70950911093357 5.74075202811008 5.68499135458894 3.97747851860338 6.32858007529025 6.31569973399152 8.62837466180198 8.21101275152332 8.18291564902615 5.48156122612006 5.71947883367349 8.44828590900669 8.5912075509646 5.60686523146864 6.34323524554902 8.42927100157214 8.36294323837661 5.65801724978585 5.7354411290047 8.22696488845393 8.20392940191058 5.6175073845718 5.97342670431937
3.59259539891987 3.60260501064175 2.35346498246385 2.13667381480532 2.40220047516873 2.41404207082068 2.39045438136112 2.4341076072173 2.3994167861734 2.58768852897286 2.06476257075484 2.18089916616434 2.15520191253742 1.78053965289107 3.3248278655151 3.33455699476784 3.1180207735043 3.59678997830564 3.59547302942496 2.03335696835639 2.37834252798036 3.60429178923713 3.59143715528894 2.02272815680828 2.29601481430268 3.588193399562 3.60210580933864 2.03011723069035 2.00365579316886 3.58906784857585 3.59132423567664 2.23018017215121 2.11806825321253
69.5406901367537 69.56609124242 69.5097164242239 69.4807538271329 69.3300089955999 69.4204764289302 69.3702405805048 69.3161850228728 69.5310342660974 69.5379298480675 69.4660908855565 69.4401150018086 69.4959841180718 18.9711565794522 35.3586893018967 70.1899290183461 69.9556198961696 69.5707781165357 69.5720547093863 69.3319633461648 69.2517587656918 69.5603808564067 69.6078634696917 69.3607013484579 69.3116739058508 69.5743058866987 69.5824988452126 69.4716084361615 69.4960714846557 69.5569832843702 69.6125808663398 69.2711824349983 69.5213514926949
12.4547696526269 11.3031518392143 10.8150463173066 10.8366612887987 11.7714262799801 11.6052746795426 11.7056838394244 11.5001337959515 10.8654821718256 10.816580139104 10.8186411832323 10.851289722891 10.802365866432 9.17183218317615 4.20009247375862 11.4734895750786 15.7349649103528 10.8520826840045 10.8013373023729 10.8611412298758 11.051471054522 11.3337878352336 10.7791191537697 10.846439580747 11.675233316995 11.6287874409921 11.0002690398258 10.7895304259257 10.878091191752 10.7943000157772 11.2938556602517 10.8699978895469 10.8249415094665
3.44174624637648 3.47416660756275 3.03318707493459 2.99739813620273 3.14350173614416 3.13665749852249 3.13377515962016 3.11568909075296 3.0247611490217 3.05719741038118 3.00904671004981 3.00457324487919 3.01630274601444 2.5228624221447 3.24958616391481 3.66635592269718 4.01308282168192 3.46668983165235 3.44386840289635 2.97169654080215 3.01516589094112 3.47247569503811 3.47504192740759 2.97845257918971 3.03058366400566 3.47315401924107 3.45801899220044 2.98448550167039 3.00628224246953 3.45671974047212 3.45943465670149 2.98902117371787 3.03506810477737
4.25892926658693 5.00960218667466 3.57331906032032 3.48965221409316 3.76692206170097 3.87531888593094 3.75573181097728 3.70093042599737 3.75009506057311 3.72235778810658 3.61008648560514 3.50724508155455 3.46872739741472 2.0082997299131 3.05222036212811 4.60812871803949 5.34449090905169 5.06091376580044 5.08301809501006 3.41713478338894 3.58992700041607 6.26266301149631 4.27321234207543 3.40003705028058 3.57767488714169 6.27853720665278 6.08096893662468 3.39483584782479 3.47146119135645 4.27726383299096 4.28036559575184 3.4856346566955 3.53157844688241
3.57742224760886 3.6869447116231 3.25704151644914 3.13458120050195 2.87323927525998 2.89238243100295 2.85917669560877 2.82599422576754 3.34577475677749 3.26314019776622 3.22754686560327 3.15322961659195 3.15530207391132 1.92886072786485 2.43214132395061 3.43087706938263 3.47156617469498 3.62602745782448 3.58718116411469 2.65940655787486 2.68392559713315 3.52994497664697 3.69840718244885 2.6642619303117 2.71319574116036 3.62259020841544 3.54513252318537 3.05673001331654 3.25767188352777 3.60888231277001 3.58910127719505 2.77464046059548 3.08750983184431
1.82819141103706 1.79785760738025 1.20071543657836 1.25178692591298 1.27548429120213 1.26696578030105 1.27619639384414 1.25246100925859 1.25660215950434 1.20337769382076 1.19590267141291 1.22147941312642 1.21311131097248 0.991047019788404 1.64436084142245 1.51572200245915 2.1039820764803 1.92832277116436 1.81131615011259 1.15378222397286 1.15723431308641 1.84308815822486 1.78759970560293 1.12604271093215 1.14339783492491 2.52669793668715 1.82721059328493 1.20348874237339 1.24103699048338 1.93108532078569 2.23429886509992 1.15968526566317 1.19010517317184
12.3131441879453 12.3325567090446 11.8752832845235 11.7832190877055 12.3042097124949 12.4529215837591 12.4293197619477 12.265856950154 12.1016223821993 12.0639739995547 11.7569980997022 11.7485702371252 11.7700650159661 7.04025699086816 8.08158724991582 14.7690850975328 15.9699738304939 12.3350834997562 12.3742003761837 11.5889438763439 11.8058091811439 12.3305361722139 12.4023955006381 11.6120235882399 12.0704816595891 12.3207447428428 12.2924661379525 12.2360506371533 11.9589909830735 12.2945521786366 12.3363155323987 12.0752556437045 12.1067689046078
233.790671391795 233.812587890124 233.402401440031 233.380775413137 233.336034278798 233.264577852916 233.293796665507 233.217315478095 233.717616549943 233.615049403968 233.329294988964 233.424417467409 233.432059233395 5.21912675197271 4.91822300123823 234.10015998964 234.165364288078 233.795771784735 233.802900788961 232.960784262068 233.103008305933 233.791725745022 233.819949311032 232.9865743534 233.14694221738 233.804387605888 233.808200568106 233.477557517604 233.479117403069 233.809524131843 233.805391571916 233.421478312885 233.570963251008
47.9923400862841 46.8979490949495 46.8775885452575 46.9103776738171 46.9290610863933 46.9325345883053 46.9119965688538 46.9054564332266 46.9213230058727 46.9042195741873 46.8907940360267 46.88189389884 46.8928687485379 4.41698531130513 5.48839521807505 47.1335417694241 47.5817738785577 47.7742970970194 46.8919260195579 46.8801088722034 46.9065084241557 48.010015508824 46.9316603686873 46.8997325998937 46.8890418540715 47.0370739211174 47.2720491431822 46.9464690890625 46.8878307168252 47.9887075726472 46.9248208084381 46.9335466423661 46.9331569239263
6.28428062912159 6.27925094150257 5.01267208182562 5.01694931327249 5.17970771770641 5.06588526966102 5.07491542209854 4.98866779945564 5.04121341529406 5.07278796395284 5.00540844558866 4.95209757103156 4.95924709801549 3.05038647818362 3.84194312472985 5.70944528755974 6.51550797711333 6.27899000794139 6.25209619229339 4.88585875369415 4.90719424024545 6.26990505279318 6.25244307109767 4.83324138099063 4.97367194993973 6.27124753685265 6.28204851895883 4.92315494889708 4.91994978070628 6.28895009646929 6.26190869656326 4.86465945875316 4.91164911129971
2.71851064136265 2.68989357462197 1.24560316854466 1.22576531908452 1.48196428236116 1.4760168239631 1.49296143364227 1.4695276361264 1.31962738005786 1.3279707036404 1.25075743680696 1.22469055748129 1.24948818283793 1.3518162966945 2.68586786956149 2.05524006882306 2.61948586654092 2.69866483502313 2.71382257511746 1.21347395346713 1.37280392878479 2.70758186932402 2.73062057988817 1.21370790959504 1.33562306424643 2.67748393120143 2.32300475149417 1.21026429907081 1.23931177780202 2.51795237484352 2.70574940699812 1.47626298209859 1.32858962477041
1.56672755206112 1.50225537810874 1.38997899180229 1.36656440950563 1.54282295343433 1.50420079840876 1.54173324607036 1.39860086957281 1.5273039282081 1.49004157003798 1.38248843527489 1.33775164168384 1.38826145700459 1.18601579049485 2.17265071947237 2.58552836937072 2.26472843634949 1.51035930501074 1.60214324090722 1.18399488074911 1.2463829807919 1.53347814464188 1.52413469087094 1.21382205905347 1.3443943671464 1.52744846111116 1.51266858097826 1.4131047253661 1.39619877174092 1.52012705756417 1.54480846332084 1.28299182236805 1.37448239145838
10.2322890525769 10.2308652768496 10.1317996585916 10.2336444087127 10.6969617152414 10.4744338649025 10.3328526189168 10.3565865365281 10.2528855991839 10.201891261626 10.13953870502 10.1392610162911 10.1378922111139 8.22083728907008 6.11842952209751 11.2528475046173 12.2307699651884 10.2710164281329 10.2375201367652 9.88751774306929 9.93019333197967 10.2626151742515 10.2110751517357 9.96002441618836 10.1551410779593 10.2521602619114 10.2690243920236 10.1931690383484 10.236415980723 10.2769714120318 10.3002943147942 10.2702706056602 10.2395022481468
9.87608517151114 8.95851144786248 8.35706478841674 8.43279225992578 9.16833092385911 8.9513430457426 9.100556564991 8.89439122315592 8.61585623567195 8.61904369913637 8.30249684227402 8.19128819942837 8.40364973529083 1.1612108118314 1.07657786318989 10.2037680860224 11.8053311034349 12.0648652602146 8.97804345238782 7.58629165923617 8.53608797731204 8.95808870411754 8.98002803868109 7.73910603796791 8.61081720340865 8.93226839289119 8.95780328081229 7.90802389292443 8.27307988185037 12.0926101761929 8.95215141190599 7.78991603514461 8.23026021560126
10.5852046623211 10.5622216961458 10.5425533325854 10.533086792908 11.0651872075251 11.0103384368928 10.9852280679979 10.9010288844245 10.5399966177147 10.5514929858261 10.5030449304365 10.4956611804461 10.5092755933746 2.61457174556616 6.80534140252794 10.6929588476967 10.665022699102 10.5498099505665 10.5958340060194 10.5147253586033 10.5749006369207 10.5517708985147 10.6128789543208 10.5488688022268 10.6810116697756 10.5561391488708 10.5530542833089 10.5252729229456 10.5383575254047 10.5354010471784 10.5840235226074 10.5362334862891 10.5285415859187
6.57781980312683 6.54832323184247 6.54469616174393 6.55029536515147 6.55043474873865 6.53628174327973 6.50582434420113 6.47960271120334 6.52386494582586 6.54602896453135 6.5565377973477 6.55114711285727 6.56822522885189 6.64515226255519 6.5076360639999 6.48499734822239 7.44561384034665 6.5894965014942 6.57550436994881 6.44763956922445 6.4060042134176 6.58408846602902 6.56007047082992 6.43946392242256 6.43938672607119 6.54856552881261 6.58818285051184 6.48130607439312 6.54199271667356 6.55433335088486 6.55067765890611 6.48178232440648 6.53582992337621
1.04099272233962 1.07858940837828 1.07077300246528 1.07540929053364 1.35214946765966 1.33909084288205 1.30341880929362 1.24356684633896 1.05181298082415 1.05855976539791 1.06975751497782 1.05644993683754 1.07424122325495 0.996662169218104 1.03872463797341 1.42260506236875 1.98084610770258 1.05961353282173 1.07648032356505 1.12886287796323 1.19830114477288 1.07105875336128 1.04503718480281 1.14275095600101 1.22634685617052 1.06146062089086 1.06722779118495 1.08762790923975 1.07770460178097 1.06079501116635 1.0647058590125 1.10614847156399 1.08103896139447
7.30740746209126 7.29544107037418 6.33120084761102 6.3221876114763 6.86267191130233 6.97327539508089 6.75737686394839 6.85533110628637 6.88034995788088 6.78892341967684 6.27338404450527 6.43379027964323 6.42058577436951 4.9696197878454 4.51270437275867 7.45737190553457 7.38553572075951 7.23748538126019 7.30060581974824 6.05328426824775 6.4279955185358 7.27892094750338 7.34696911072109 6.15850344363127 6.60458283845708 7.29834887959756 7.29675183472065 6.51488620417054 6.48546240350935 7.27839244318673 7.70868415772179 6.39831085603119 6.5877802127088
6.93397734977732 6.94291911305178 6.49402263254599 6.41575447698135 6.35538450347185 6.34426063258031 6.32062095737193 6.31383043202893 6.60100567765492 6.58615466245399 6.40725008201016 6.44598559237187 6.40138322449111 6.45965086572471 7.02768646473692 6.98436385347393 6.8996102541077 6.93862553192561 6.92073983634485 6.23548651417066 6.24922719771892 6.93173522805682 6.91166241593395 6.2781634773987 6.25034228550563 6.94231075205236 6.94515562363228 6.38460259716642 6.39214163148364 6.93663087793362 6.92034964522199 6.1896685174332 6.3459552140078
3.45498581316891 3.44634834626658 2.62813337275163 2.59106861474981 2.65672330614525 2.71886372725508 2.70737960503729 2.64028767069163 2.94995065105484 2.64922956115529 2.62248093705671 2.60391397687996 2.55502491027875 2.7348246080416 2.64204073125463 3.882763236653 3.51189270863918 3.50022968003169 3.43959283054791 2.45017734280562 2.50207168633921 3.45218357610772 3.45386810899463 2.42877342359549 2.5193941004125 3.46119061453244 3.39425431837544 2.73547044834437 2.74230525274501 3.45872652205283 3.43579581516449 2.65755764255068 3.11341871570589
219.117705432541 219.205584070816 219.192998507121 219.195550101445 220.016000511844 220.139826181338 219.945902720001 219.838580640919 219.26985484682 219.184011835671 219.217195028798 219.224521992936 219.236493828433 218.317960990524 213.172548940543 221.736863687005 223.908623453256 219.200504480762 219.159092725494 219.217686348215 219.363228567977 219.150287953066 219.139718653307 219.289679702252 219.598406409368 219.236385580844 219.213624284983 219.247743593589 219.238519206729 219.192689071382 219.21802166396 219.239376557125 219.215254095639
1.13620184519309 1.14596891938034 0.607602939662166 0.59943802957445 0.637633672862986 0.630482884543124 0.610229659030998 0.607376755013406 0.850158165389945 0.660533838263296 0.558085050910147 0.543413881476169 0.564068015299806 0.67608497038303 0.407603159598715 0.730890384630705 1.11874165066719 1.12616291448963 1.12894554293595 0.482689436863547 0.527407446157384 1.13901544236769 1.12659868586793 0.47045811921743 0.54190291001164 1.26530056161883 1.12851012900699 0.559686970854564 0.569697800878013 2.20913246728655 1.12620551269785 0.537104693990927 0.606559152050836
6.23304167884219 3.53570752336721 3.01353383985577 3.0862879648881 2.96764888518156 3.105312865504 3.01947234418968 2.90638335075999 3.23895520997151 3.19575180371 2.98204951596274 2.9328249588092 3.02716807284407 3.05881318052448 2.48486960122381 4.29122883527134 5.2201651957068 6.22385510425629 3.55332364944541 2.71869460885111 2.80543234448244 3.55106169393878 3.572199593692 2.70744915377391 2.94312347545485 3.58542279503575 3.55662555127092 3.13008514262326 3.17040717318826 3.54089864949332 3.57125319781968 2.97393081187146 3.2437576219829
82.3683872779017 82.3945227025402 81.2986757666118 81.2188114338894 82.0845221554924 82.3933271440837 81.9907007867602 81.802178849292 81.4562565405419 81.3011143266322 81.2211523769179 81.2736052105802 81.267678184713 81.0770426398759 11.8018583873589 82.2832125302023 82.8136850186215 82.3928800018065 82.4509173191979 81.2098067377542 81.1989797414775 82.3181467238376 82.5113026400407 81.2290416557911 81.9956418540936 82.4010213300326 82.0761375257424 81.3324642401225 81.2815223249127 82.3939422250341 82.5542594075869 81.2819505622024 81.2553869186501
1.00713317702971 1.00891098453114 1.04724744150647 1.0093234657886 1.2482432891194 1.17290148393014 1.16924632322998 1.07688470773733 1.01550324379445 1.00722991670829 1.0118720749699 1.00760674557757 0.996363511963187 0.909583155175613 1.02425617460597 1.83049569222374 1.67728269013917 1.00680181713955 1.00604474157296 1.01072487827262 1.06006154099101 1.01315015521051 1.00018498839939 1.01603329567094 1.0872338379505 1.00605046917603 1.00717395473267 1.01013204394977 1.01224271392447 1.00585172364275 1.00329729518563 1.18402407589251 0.976786918289269
8.04291493386563 7.32641316594243 7.11023328920588 7.14037515391336 6.90443291655553 6.94240287276849 6.93469890800851 6.89884481916184 7.68092536649432 7.19638032590352 7.12284081349903 7.11308944359404 7.23502559400688 7.00848083081408 7.98583237666716 7.4164728382264 7.83232457511032 8.05518411789881 7.21445751238356 6.88931944394779 6.86066125601582 8.02832715493913 7.19171726502357 6.86767895552059 6.85280096892912 8.05343620226593 8.0516493343608 7.81085931870929 7.40324151920975 8.04927526645742 7.73913797865234 7.55480082719628 7.76199424470393
19.8929158996683 19.8718128648985 19.4013381585037 19.35784863098 19.3677715506544 19.3633858788394 19.36842250141 19.3266623353816 19.4985313798611 19.5053226275031 19.4123136941608 19.3314435759277 19.3570522115688 14.7038557130362 4.19923763496893 19.8046373209461 19.986453347551 19.8912434117242 19.9804948359997 19.2273151578777 19.2532628630508 19.886085839475 20.0228848038001 19.2789727318874 19.2833236319297 19.8918137258075 19.8210032682941 19.2863462288195 19.2898278574783 19.892298480914 19.8955610532117 19.2561906737342 19.2564687489093
4.29627082836563 4.31309300387489 3.29210505931666 3.31801589506124 3.63767823548128 3.71366491109941 3.71285630728872 3.57689058996491 3.75801295684913 3.7520247636138 3.31220727059681 3.21499840378942 3.13899387054316 3.50488487263851 2.40721615343839 4.88154664870405 5.0666632622745 4.36730026533048 4.37117152982741 2.98169483900191 3.10046077948041 4.36942954625359 4.28727860921661 2.94264753656051 3.38943663486609 4.36250922945384 4.37872158260728 3.50490257108489 3.35965756805295 4.42665373894947 4.06077281598894 3.13309251576718 3.35754692173642
3.8392720021674 3.90352583157197 3.25168701037461 3.26234573616781 3.48309150528423 3.53108610942474 3.48809052409509 3.49403690468216 3.44650138979478 3.49847251753215 3.17211422277142 3.15772212475562 3.23053902022136 2.57770983858564 2.51341965082945 3.45221578730986 4.35235834701045 3.82636285690575 3.8887835468626 3.08717100406799 3.28887868353536 3.87703908519321 3.95349674571254 3.07277655487985 3.3586062362558 3.90299887294667 3.88346967815169 3.09554391082248 3.20077164810063 3.89622512849322 3.88857197056632 3.09982408583531 3.21296281233413
2.34851122090591 2.35662678606759 2.1081692239537 2.06012666198706 2.39190964718232 2.39571941150535 2.3679011794011 2.31581628203543 2.10623236385002 2.10966284123427 2.05530325470769 2.05881867208113 2.05971926644381 1.79468110530005 3.88051681707609 2.47529022372056 4.27872975937897 2.9111819120689 2.33761992844602 2.00795506399332 2.07513559747755 2.34776082230847 4.38294080132284 2.01627172797688 2.24110399690788 2.66429268068389 2.36986353397052 2.00485700598774 2.06016905085546 2.90393140391092 2.35285506033556 2.01721506618291 2.0434142913561
2.69132697962484 2.22788861629797 1.96904648702041 1.99091250701627 1.92244153719269 1.90604893457218 1.91281445472666 1.91337957557604 2.42322254093048 2.08334349950004 1.94688877501739 1.95856588756116 1.97786175212686 1.53321074050456 2.66524974412259 2.11544832171615 2.58173957047812 2.69349539174038 2.19598016355942 1.86880227855169 1.86952431444143 2.69024632813084 2.28107349121971 1.84620413782574 1.8746920023124 2.6786466023729 2.70574570900836 2.20159863145513 2.20793467255833 2.69977718265234 2.72360201774129 2.10638719136188 2.16079349897213
2.93240675936586 2.84565425119471 2.00287205593796 1.92849158843337 2.33905745174356 2.40224822885294 2.37971567538436 2.31735024857388 2.10136566579739 2.08911090994826 1.95352697571898 1.91965663555537 1.90375898817195 1.51703863282818 1.38684574973852 2.69618964244377 3.72520700087687 2.87555036045605 2.88364412265276 1.89090353805991 1.97856529009615 2.89531071499545 2.85843386726349 1.90050953404721 2.11528770161408 2.88832756633223 2.89756310128623 1.92877805537544 1.96331317667595 2.89960769249776 2.88483360717698 1.85047451215841 1.92702771629512
99.2551731130087 99.2790068520128 99.2450433623384 99.2200599587079 99.5949875341659 99.6020575774789 99.6119539090499 99.403354591774 99.2567825639895 99.2465372511443 99.2221557368714 99.2152273950423 99.2268495068804 6.13233168128709 6.20678810057909 99.7045719421238 101.259037365587 99.285527113396 99.2573372039632 99.229211258882 99.2421108713719 99.2616749730944 99.2433351171937 99.2436421807839 99.4063395986129 99.2213597808863 99.230646718436 99.2096015336723 99.2098165799991 99.2389838355989 99.2304230870022 99.2666012314984 99.2070803606831
40.5476754770361 40.5494812028185 40.2563807075778 40.2196461169098 40.0774951812346 40.0736319737072 40.0733492378251 40.0715723103803 40.2300178510645 40.2186111918173 40.2382812428835 40.2005829362454 40.2233317202271 13.400744494788 3.75069110596076 40.4715360238245 40.4586989563094 40.3968126055268 40.5692448309388 39.9730798963233 39.9731051462403 40.5592795943867 40.5652475938229 39.9491896280698 39.9552231924866 40.5624140404618 40.5604781129149 40.153587427724 40.1615343793469 40.5472393161473 40.6078827452706 39.867581086962 40.1464434304734
3.36849680223862 3.38988053254574 3.37448199534901 3.38062064451112 3.71883238631218 3.76301341622414 3.80134093700499 3.72188862816674 3.37192364206704 3.39278805160706 3.42593910471881 3.3947339983353 3.39663978951298 3.75071593073149 3.55292763971691 3.98912033618768 5.59277224808861 3.37671851745597 3.40241699138892 3.42086581728829 3.50010845795116 3.36715895537836 3.38329129398807 3.42175829407434 3.54224389597185 3.41104348859849 3.3761119439021 3.39629730301563 3.4056942605327 3.39769774592191 3.39305667658683 3.66887064679289 3.40480017398858
