"U_1_Gam_alpha2F" "U_2_Gam_alpha2F" "U_5_Gam_alpha2F" "U_10_Gam_alpha2F" "U_1_Gam_alpha1F" "U_2_Gam_alpha1F" "U_5_Gam_alpha1F" "U_10_Gam_alpha1F" "U_1_Gam" "U_2_Gam" "U_5_Gam" "U_10_Gam" "Sylvia_Sparse" "FM_RevJump" "MBC" "DPM" "FM_Raffaele" "U_1_PC_alpha2F_01" "U_2_PC_alpha2F_01" "U_5_PC_alpha2F_01" "U_10_PC_alpha2F_01" "U_1_Gam_ProbKp_01" "U_2_Gam_ProbKp_01" "U_5_Gam_ProbKp_01" "U_10_Gam_ProbKp_01" "U_1_PC_alpha2F_09" "U_2_PC_alpha2F_09" "U_5_PC_alpha2F_09" "U_10_PC_alpha2F_09" "U_1_Gam_ProbKp_09" "U_2_Gam_ProbKp_09" "U_5_Gam_ProbKp_09" "U_10_Gam_ProbKp_09"
2.1512588306296 0.412286652591371 0.424374583327059 0.432538104956856 1.00123765193556 0.917553302250835 0.940662650589802 0.900200292353197 0.417701577208091 0.437107805787732 0.416370451593646 0.421664184620087 0.439274065188364 0.259533820753694 0.338367608367467 Inf 3.21188598114261 2.15198118263505 0.39667077113837 0.378681981730193 0.666283080059371 1.60008055810041 0.407971631681873 0.374193545779853 0.702488580887119 1.32443601431949 0.420186348645921 0.389552952777368 0.471915258854477 0.404408009960768 0.411860922961052 0.350638366254705 0.489163444003497
0.679164689022476 2.3280219147099 0.712134352753774 0.721844737829671 1.08713224880563 1.07455629678276 1.10380926465615 1.04275922959652 0.717507091164176 0.693673223493773 0.709835774409031 0.736658873836959 0.74617540444995 0.543337706844769 0.679274990343023 Inf 3.07786460440632 0.693514636459206 0.680915776772254 0.61365736852947 0.83103439588432 0.707190413496272 0.735807939189146 0.592836595944457 0.853452793311936 0.690453049096051 0.742949404677091 0.619186811572214 0.738641471855929 0.716602505456316 0.710961713858007 0.445608624947704 0.756719468237775
1.51487534569163 0.527895391288005 0.521016000704219 0.543206996184287 1.05580227848286 1.03249124134291 0.969868891334665 0.954724986947508 0.532288400220227 0.539914721047687 0.549099638699042 0.541584831328716 0.561888545316339 0.396617674692548 0.369611494378878 Inf 3.18053021746066 1.49909892615337 0.505039927987218 0.469064303523804 0.733904900675145 1.52465930767828 1.5221080787375 0.443947898926693 0.744087482223014 1.1036690411435 0.51035327751551 0.474752714004173 0.588055473420398 1.51612031227337 0.811761464388098 0.331522027787701 0.62119533328914
2.241125925173 2.80973887421991 0.533380295080439 0.540884401552702 1.15013758155642 1.21162593282041 1.2299359983214 1.10358952135473 0.562713825973655 0.574811732255219 0.558510869921565 0.563347877992125 0.569880014047452 0.307957890974198 0.215144969028688 Inf 3.158848581082 2.24353200806071 1.22218818868972 0.491075035597182 0.876389752335646 2.22459697176679 1.47262876237099 0.480169550535228 0.864905669322565 1.6612473891396 2.79954076484966 0.489346692148474 0.627702039636843 2.79656731189867 0.537763198643527 0.421802809538408 0.769892659484984
2.66399008756787 2.50854676625766 0.511753321729222 0.550888982055263 1.20892320646016 1.29506298117502 1.1785946263802 1.12814300397144 0.551775880814941 0.54987009403998 0.531210026774924 0.557133820986434 0.566635815552708 0.332667646821699 0.177320278808336 Inf 3.19141630352836 0.529704341946064 0.559514075823807 0.499276464204167 0.925963667646802 2.88833652762166 2.79398777497389 0.505756244433734 0.880303243995493 2.80374297211201 2.13205129729885 0.517349232594816 0.640446302053157 2.45098673616109 1.21792743639047 0.481835750324344 0.770022255836809
2.06844450273506 2.03162032918264 1.41933057520247 1.42720966752959 1.7469650207136 1.71794101705488 1.68906731659071 1.62936787372503 1.41925863762372 1.44222883288974 1.42010366315905 1.42196565989069 1.44276257450048 1.37302270840292 1.19509523542472 Inf 3.4103050448598 3.16909929454251 3.1472997710867 1.32563529190853 1.49671858163197 3.1560836274528 2.05447806055758 1.29666054087468 1.49646745553508 3.1482981630269 3.1481181272662 1.34460866873839 1.45033307648034 3.17303892697494 2.65531725193576 1.28280034263778 1.44648290228902
0.331046056339875 0.313982230518965 0.310371271654966 0.322171403816401 0.819253334791606 0.792366529171136 0.811918687402875 0.734070343414784 0.317625581788686 0.341645012550453 0.336807699047396 0.330404282152354 0.34078666977574 0.300935350498332 0.210754714324114 Inf 3.25563029811832 0.316667830737771 0.300668258822255 0.295495024441777 0.53222844885214 0.315873484505757 0.300352648617283 0.270331051683328 0.557262999967334 0.324798058076515 0.313266029061306 0.294237925000047 0.379704964823828 0.301772275722179 0.315015442151948 0.196671633922836 0.363216250695869
2.36967444074896 0.851950194922388 0.80722457575406 0.836913269136444 1.26433106250463 1.24417642076367 1.21426422088091 1.16270698175487 0.856580411710069 0.792331585179429 0.825743801954974 0.878083287011269 0.870261542705765 0.858574831770083 0.557480427308593 Inf 3.32533242824541 0.843996231816168 1.75853971021219 0.713674875672263 0.953775644439211 0.814464324626976 1.72585941654428 0.680102671769206 0.983628530542161 2.42625420308737 0.801675754094038 0.752448223315402 0.868146499717358 0.829426801360849 0.836049340937718 0.581183757506945 0.875560102486133
1.05418259338407 3.00405061709679 1.04853391725736 1.0588284156698 1.33880759702511 1.39130152450997 1.34861384027605 1.2882005926884 1.05779300629351 1.05274641217672 1.05363985415707 1.05994965615187 1.0818800446217 0.95249521488656 0.931962372877183 Inf 3.10581937015556 2.80954013434616 1.10942567057635 0.929786530055062 1.14792951119555 1.057243424898 1.00200004172768 0.898263691509127 1.13543981337602 1.04039698907286 1.08160405866397 0.953388770318249 1.06606973796092 2.94144312053334 2.63591345751873 0.752653402357409 1.06429403137651
0.821636776449493 1.85457925313187 0.851606366161125 0.887135883442061 1.2251293137873 1.24331588639241 1.25512090601425 1.15322975766868 0.866248437967671 0.87247340105169 0.868123228470857 0.878992782616088 0.893098237950729 0.855044632313433 0.707276908612899 Inf 3.33790461008108 2.04337541452643 2.27096157058911 0.749923113731422 0.960244831097835 1.82393053381184 1.88655647449807 0.737256208158298 1.00177019000899 2.2959402520549 1.77155854544146 0.774401982291159 0.887865321846092 1.87957071089559 1.91815837281905 0.63073715020291 0.914737318278469
0.700947533854666 0.70664485717478 0.689634385963405 0.701211664418747 1.21986124902315 1.13863064616384 1.16783434831523 1.10608693615679 0.70147007895821 0.697432835724461 0.691245307086355 0.692759665093479 0.716769577213387 0.786156842055754 0.605540230058639 Inf 3.20959480915413 2.01211066024386 0.676428164911299 0.680356334040362 0.974422638881618 1.98087340577239 0.694114093671981 0.685290932603169 0.945218171867445 0.689033309273612 0.694472334025195 0.677821199238452 0.767627533590123 0.700508552686379 0.689856293768157 0.684631286448718 0.788290082287559
1.0130920760692 0.939053441194237 0.955938882273467 0.95976183290174 1.11437740613821 1.1952333589926 1.09523035981623 1.09421160986853 0.993704259618586 0.972133141325013 0.945623750317167 0.966088914204828 0.978764049542034 1.13818947636173 1.1156028047557 Inf 3.41373110463073 0.978755537195989 0.921878001257971 0.818695562740937 0.945791803621717 0.971148884238098 0.934216204174144 0.786796579942291 0.981679341188249 0.964760721763701 0.947377007889568 0.85211635078181 0.951334846783636 0.983326329180269 0.931925118568657 0.596094730143252 0.964097178558739
0.699577502621704 0.716890237959866 0.746328564257138 0.733757459004943 1.1425733588596 1.12749695780273 1.13675954176227 1.09633345826212 0.766690717315864 0.734796417374164 0.727203040003555 0.763873836029609 0.755784251828871 0.618728966133032 0.506967755891154 Inf 3.00856109459132 0.748649921320793 0.703223279439101 0.661219964334537 0.902904227537958 1.35344589511525 1.72757050550775 0.635218599695589 0.902863234136754 2.2398508589192 2.23095172396429 0.671851558375686 0.787844568674575 0.743320453378159 1.64103924140182 0.519244802436387 0.792902118816805
0.372770394446767 0.373461979246074 0.399873988145718 0.426996744475986 1.04386583194443 0.916458265192248 0.965675283070309 0.910426881670054 0.415914886860351 0.408893013917362 0.406242010432456 0.44012222580105 0.424807764532253 0.255141496849833 0.124399984879416 Inf 3.10065992363238 1.35258855532129 0.399535241375574 0.389613602085981 0.701357566408354 1.43762779094474 1.40513918369499 0.375471382919457 0.683524783903013 0.405908336542969 0.390324613141852 0.390030385020672 0.462813422340803 2.07845443348964 0.581062934646276 0.369105587771335 0.586825103619962
0.447736651465681 0.434961451061246 0.443206120586647 0.453321878084461 0.942033770600339 0.931101805198895 0.963721167047946 0.876126823620876 0.454134764049366 0.456444904839936 0.440830233068236 0.462263375259724 0.475942883091332 0.246087839286849 0.264273169926105 Inf 2.94758482694175 0.435654281631295 0.410971514447618 0.391462142654505 0.649698498282695 0.433221530497935 0.452043597968545 0.364437433252653 0.696798558020022 0.44771677690653 0.436297119560777 0.394068474619884 0.506257855060756 0.428681134191331 0.432174774836346 0.323601642101529 0.506664022368825
0.499078194752831 0.509056484419197 0.525525128639755 0.534058554908335 1.04228243231858 0.900767887738675 0.9884389800026 0.938055935049941 0.550590595397351 0.499057598669072 0.538478874271027 0.526726844122028 0.552604586683082 0.384065198581529 0.433635971751599 Inf 2.9869249459486 2.17542757035674 0.511702432594145 0.464477462472679 0.725519184069263 0.520449208402955 0.495845406478703 0.4571931271799 0.740176736066427 0.565379218503628 0.526540700948245 0.468855973229404 0.565828021032385 2.18327489471597 0.525090736036779 0.351918594063683 0.583960305920456
2.19990727902105 2.19425699871858 0.584174877822082 0.626026848879398 1.11872869620343 1.18261925201124 1.138750228481 1.0918110203774 0.617384443398082 0.618042424139258 0.599984169474519 0.623635469608655 0.61813899667844 0.413402320912364 0.247962089733985 Inf 3.131938819885 1.78366468284351 0.588138859547429 0.565869679516182 0.871545282806331 1.78013803523816 2.03199873680116 0.537819288494152 0.865106788727568 2.31124707754424 1.63999843493862 0.552628016977647 0.655936248036652 1.6970939990559 1.67644761976038 0.530910438655319 0.730059539803767
0.335050036716933 0.356923492824784 0.322892879596334 0.341551137583686 0.907542609403122 0.914651106076882 0.821158020533484 0.756192162359212 0.320317425754148 0.32412792122478 0.351468035229857 0.351379835916063 0.35499178077428 0.201375456521826 0.262219146757289 Inf 3.09406774565263 0.328690884861317 0.330685171492014 0.300883770729123 0.540017122741185 0.323293223922816 0.318120076972311 0.296317397287354 0.573756377750004 0.333974924532918 0.334293835584859 0.305223212488 0.37357273495541 1.50568161858479 0.323263249459742 0.25015353769217 0.413010739828048
2.45309661481364 0.540234145868296 0.557951735083834 0.554644297620823 1.05451473049628 1.15535461870502 1.06014291524744 1.03781794864796 0.562948644460371 0.560050428026689 0.549341229768701 0.563155376030421 0.577645272944843 0.369019663560999 0.468340687587766 Inf 3.41354208107492 0.553250754094012 0.583206297396696 0.49839851563931 0.798835872393773 0.555966523286102 2.41073093182387 0.486490987474285 0.815554441176689 0.550577204949634 0.550497962135398 0.512112390832785 0.619408440079891 2.42558576919394 0.564755189032356 0.412451723163489 0.647840495988459
0.564942552274607 0.543741447954174 0.543781301274945 0.545822706397731 1.06146507969538 1.0599505346329 1.00162920716552 0.997736200715033 0.558732565576265 0.544732861161383 0.542999965290047 0.571351672752243 0.576054612606931 0.332240795462067 0.361519861736704 Inf 3.06523784784542 0.546100257706929 0.500308086734889 0.473151816036555 0.753536807335262 0.566451064175294 0.495776221544069 0.451410872319221 0.780666795682789 0.540537642938602 0.537003773891364 0.496726790914132 0.615610804099307 0.542532804418458 0.532139413208679 0.318245342640999 0.617438261858531
0.416404470704108 0.440513408891691 0.456113252343054 0.467664925803269 1.05782976259597 0.951446132733954 0.9284180700514 0.927334546767498 0.485246100572758 0.453404835232942 0.455264001612907 0.488596729832595 0.479144815219771 0.297512581158723 0.309536698600517 Inf 3.21365291782702 0.449270770915245 0.45449037286163 0.415088051610646 0.724398391986996 0.444465582398758 0.454367753151799 0.403638864320057 0.723810809004111 0.44896367212763 0.44445017466093 0.411553737696263 0.503493723889645 0.454535042421957 0.43855866691319 0.341423550627261 0.541237991290846
0.358173868694348 0.338962648275064 0.3315124998793 0.346380171674615 0.885028112358208 0.835809433496105 0.837356340163825 0.773944256231373 0.321752684940781 0.348813476059998 0.348028698580641 0.35003557663412 0.3658635206666 0.195680207897577 0.204263653904039 Inf 3.01497255189788 0.336929762579042 0.325635396814962 0.305181794932362 0.566111942836805 0.328498423230536 0.312932843730613 0.304715232938659 0.598097619504448 0.331675218913549 0.330380394018248 0.308104165900087 0.397939493011622 0.335014734100293 0.315521826056764 0.255294365667073 0.411736674044556
0.583793848332015 0.576958627782927 0.575444186408386 0.598391896733503 0.959390016178389 0.960669318558455 0.948443236188801 0.90839498571887 0.586090562158971 0.570934362532757 0.585052015817137 0.613320635894961 0.599403572340031 0.73619180869209 0.647056806027262 Inf 3.10082892879212 1.79482411736089 0.572477831919389 0.562571254567836 0.726867741581592 0.579739491351454 1.81161141404077 0.567275831663851 0.746835151589441 1.81116866478156 0.571938516880168 0.560958544633695 0.618964935329223 0.562509465752089 0.810702133962686 0.531192324719931 0.634594422797175
0.489258648323927 0.451472522962069 0.481046178787081 0.509568694969117 1.02287543559563 1.02179702552526 1.0161789262171 0.987459665861819 0.498153368222448 0.469650933031348 0.498104918121153 0.511867906082124 0.519627705729017 0.344135814175679 0.381554890581827 Inf 3.25436140064276 1.40772688768732 0.479142711075984 0.461138983767773 0.762924646990841 0.496824361998362 0.464067959161631 0.455357689996119 0.727051315879265 0.486215494837264 0.489738401114353 0.447157450933891 0.532899251532168 0.473905107599852 0.48131739122138 0.371824069850013 0.544573454203922
2.91678501504828 2.50369669944399 0.827926938146766 0.867820486298162 1.30772714278774 1.25022547105745 1.24352360500298 1.19208778617688 0.89994333663497 0.86023169290125 0.862379788246579 0.877958570801162 0.890188658631551 0.852988444143887 0.70705280120008 Inf 3.27045448164374 0.853604932383293 0.84183531251301 0.762341370763615 0.962042680330816 0.863071415879095 0.828185151964481 0.727666589771522 1.00552207749375 0.852347422273817 0.843126339514409 0.766731812012069 0.895053087353911 0.868226849622233 2.51745012289553 0.603773872023251 0.891891747236072
1.10338146357635 2.27171791056758 1.12339644432372 1.13517241795686 1.56671743838111 1.55176308112796 1.52401271529973 1.46554249083861 1.1185289932539 1.18034980416158 1.16356260839589 1.15409964897236 1.19222252411825 0.919266764555089 1.05799388620027 Inf 3.76869485998942 1.16893821526774 1.10927000612835 0.99990483616534 1.27556675796989 1.13690256255275 2.31593303691846 0.931298302101121 1.29144329759658 1.47038166650608 1.13968328545021 1.00438900110741 1.17663585420332 3.45122656281029 2.01019910541189 0.745779364654539 1.18201563308391
2.34985520961436 2.37068776153948 0.883735610169761 0.907620105213537 1.2124531121975 1.29291808386621 1.22797433153834 1.18618408172958 0.883638348143934 0.907250523419195 0.896878984052337 0.92081388840326 0.896136269099513 0.76199395754517 0.786137845094578 Inf 2.91996374163612 2.36083127770103 2.36560954756017 0.807966273076252 1.01798835154202 0.890133141004152 0.898325332879448 0.783156589658549 1.00734120127717 0.890538953345639 0.881875997431506 0.810756000807398 0.915072945631747 1.75118612296272 0.874977657587779 0.670202421912607 0.926979402809823
2.13779162524329 0.94440499449968 0.956295567739488 0.976640954209843 1.4868442423142 1.37316678597961 1.40881644243224 1.33602691949665 0.991621956177452 0.960482636901317 0.959542913794495 0.977094784561753 0.993563301100614 0.857992239233287 0.949610269358598 Inf 3.58883555320317 0.970317432029739 2.11461891291704 0.854492307220842 1.14684560406981 0.96571484099628 0.97393205419868 0.842409472652148 1.15267661350038 2.28927137572574 0.977308865807568 0.897605191730328 0.977878424815929 2.08126680231034 0.945712919876016 0.734649160554688 1.04822028692149
3.37061225354976 3.10897595476308 0.913523255069162 0.932730825565015 1.55229618309499 1.52938353485973 1.48695031801255 1.40640460246582 0.929490629784149 0.921125205241135 0.936108866704623 0.94500997205328 0.950053670541646 0.804342100936171 0.511007685790285 Inf 3.39024352385032 3.19929751211338 3.10897033291616 0.878624966367884 1.22577919403349 3.72479784331785 3.10676750781503 0.860809476188555 1.18305675824426 3.32359076557234 2.2808629757166 0.901298640483206 1.05572206744119 3.73771468813011 3.12493672488354 0.763947500354956 1.06161555520832
2.29955609852831 2.28077308151457 0.670574922587771 0.716895645769716 1.17135386555174 1.23652415638359 1.25188206575132 1.18236365972765 0.710865377233679 0.713228142722952 0.715212943343927 0.730097946546589 0.722463838651363 0.54110878334622 0.401474828588893 Inf 3.19593995509492 2.30558255443144 0.671032357387882 0.631154924210525 0.978485638707535 0.719064106308115 2.29247577026632 0.606105824679568 0.960622073865303 2.28748407103551 1.71594802489588 0.640302837745872 0.771559574756604 2.29451293063798 2.30924846072482 0.541348410291364 0.79810718032306
2.97895994245075 2.23091088985242 0.692745873234062 0.710379676903909 1.18908670345045 1.19181126502772 1.11182112990824 1.05991194195572 0.678831834041241 0.723461692542516 0.689720498215736 0.707961015264601 0.733375035546881 0.749146792967563 0.438387834672403 Inf 3.30569191930273 0.69378334939389 2.35893974607999 0.649651730259609 0.936862313448316 1.58414891993477 0.695014831570323 0.613987403656197 0.877262401129549 0.781781301345149 2.39292345277559 0.631207264219419 0.766285697848735 0.702686496685894 3.00225556910044 0.597234433002816 1.10392386940108
0.549382211034011 0.548992549135711 0.553119589034398 0.561937234834379 1.10460574617637 1.00953017029735 1.01844385439908 0.968775744883603 0.575337942007299 0.562252252662078 0.56224695124802 0.575310998543115 0.573095741905734 0.402196169599497 0.353282480275031 Inf 3.05880567270998 0.556186022111329 0.703007433671571 0.494847231372227 0.796765112019315 2.22478403746791 0.541430541625533 0.491667690175856 0.785420063573428 2.28440422180148 0.552323573456551 0.504963624017283 0.610701875342451 2.68618971017051 0.545614853618414 0.419056002345518 0.651715372473671
0.414258600533135 1.11700931177148 0.398454010413264 0.422740000565771 1.0002581328701 0.980334749935078 0.995835874895944 0.910921198860323 0.424091815169606 0.420706570274963 0.445169952306006 0.431084468413856 0.436620389816366 0.375056263982211 0.284148092738492 Inf 3.34862171781331 0.421169382975388 0.397497516458663 0.391732601485975 0.681864691952052 0.411200244928253 0.385544768585036 0.366527192068937 0.697117218993038 2.42375101430943 0.420556120873755 0.386812161765333 0.466956015731429 0.409129319542401 1.4771805989643 0.290781538517384 0.503577824108125
1.66252985338773 0.455610365822226 0.471076196943638 0.476236858929716 0.989669223607197 0.959945601896163 0.90865107166843 0.896378848788751 0.483133481717415 0.468449060937483 0.467252091463636 0.47307913954978 0.480566183572807 0.436047912950219 0.330478159921305 Inf 3.15407534470648 1.64228723251335 0.481515729795536 0.446718087382709 0.654857611595388 0.442721432031661 1.70779550978251 0.440673154041691 0.692272763624058 0.468417486977731 0.456782939141559 0.450497163499587 0.491512635413438 1.53682466841009 0.464145638381758 0.404564611203621 0.517329970834767
2.81283999832974 2.97754106912848 0.955406650439857 0.937654011894311 1.43728156112683 1.46428133206327 1.38135045119786 1.36709150959627 0.944401523191186 0.994245182053916 0.949846821804447 0.962691561521091 0.974824238961048 0.810275040242492 0.363253946043268 Inf 3.09289854078141 2.97611791790029 1.57774875845488 0.887928754311357 1.20638245916523 2.98583177858208 2.88634147133279 0.87237578639176 1.18887499730257 2.98967401697622 2.98002355046816 0.882091515580768 1.07922986696333 1.15003410644363 1.55288275476751 0.828990993145516 1.29921020063807
0.400644797754363 0.393774016820434 0.414638407439745 0.444736574337668 0.896074109450174 0.891090331620365 0.778000584466218 0.786606023139924 0.425405416454913 0.425682151881054 0.413234625727607 0.439682043412433 0.428793972441818 0.462975632852454 0.361091556311183 Inf 3.12056567884315 0.543441045122021 0.397507092896571 0.380809329980808 0.574880600001288 0.427250868926109 0.394261588773296 0.361421960795275 0.610919660446217 0.417596722569526 0.420024078264955 0.402941098732497 0.46920435697036 0.418738168517257 0.393431831709612 0.269521538493921 0.490535459460702
1.65109615206664 0.553695478562904 0.56509494468817 0.571422009078741 0.998934464423689 1.01324514598636 0.964769734741684 0.93645583304627 0.5416416989365 0.564287356264176 0.559263703192977 0.565868958492898 0.569715516720588 0.42798719345154 0.503435594297467 Inf 3.20663520445261 0.560077898489927 0.562945460877582 0.486680549625863 0.735764215627648 0.562219759375533 0.556431232210234 0.46911690308348 0.749349608944039 0.543907267110532 0.543449810426431 0.49528722872011 0.595473724181431 0.54969099327295 0.564059416709262 0.358881656438258 0.622262743177953
1.72331085611177 0.653026473661852 0.669804917117946 0.703729661080638 1.16554928963467 1.20088858312494 1.05396117014777 1.03892339316889 0.705041702250368 0.697448487255035 0.695895981278993 0.687835269396955 0.701680452229549 0.609509235745094 0.554494166708891 Inf 3.26742287840527 2.20904266970329 1.69682625375859 0.62479980787228 0.868816830264451 1.72395945341476 1.61703123623805 0.604213427333963 0.850996400105218 0.675537154773754 0.670767623729051 0.614675364075202 0.705857526546386 0.686481664578431 0.678721106882325 0.456470645859938 1.0131519668179
2.77117218213644 2.49516927945113 0.737073164480024 0.740007307721549 1.35035816969009 1.27672512293731 1.26174116366641 1.20532874717086 0.801973260843238 0.814193410116612 0.728090524659204 0.780260626560674 0.736599385858152 0.677120791001631 0.269306820871583 Inf 3.03388552812338 2.78408722766717 2.51708058713331 0.688654558833551 1.00086043879695 2.19306657203654 2.60574788692026 0.694177332068991 0.977988625769225 1.82996321921559 1.38215218930789 0.694746328163484 0.838925401093173 2.52847926204872 2.40240427685959 0.692083294775692 0.951846334585107
3.03576515101185 3.10712657043625 1.20423959335161 1.21840070513144 1.56839032495868 1.56063220233092 1.51256028192172 1.51296031966533 1.20445450421702 1.25410271242746 1.22591458603056 1.23650686185118 1.28978971176995 1.02970861084675 0.84442621021069 Inf 3.4033453275279 3.07240761174327 2.50306566893766 1.0506862138372 1.30220468070663 3.04467928697511 2.49998161924454 1.00329872982362 1.29065680777946 2.97538741556569 2.69055951607934 1.07506600061802 1.24396336099726 3.08156039788354 2.1909250136714 0.71501932530948 1.24762870053474
0.552960838443603 0.552910656037648 0.559459656044917 0.56630589468294 1.012593828322 0.993578535489428 0.985072405885143 0.898132953521197 0.55784498132524 0.540440349619968 0.554966670961239 0.56830077047919 0.558306840939572 0.648443260489237 0.491659785241908 Inf 3.39329748007811 0.53863871089493 0.528318558085587 0.490621137574722 0.670019179631133 0.552869863439233 0.50417900407631 0.483246405174374 0.718120215202929 0.566857441654768 1.99684596807281 0.496852615468722 0.575622575666216 1.66699545410539 1.67991499329657 0.37856324738878 0.593214456592762
0.872001379515552 1.73091407587021 0.837759801032724 0.881905396078124 1.328365228579 1.38633472988919 1.2426132397478 1.27769797627299 0.863313497371884 0.841464749329968 0.869445457021201 0.878381499742094 0.892040113386594 0.622081867167971 0.650824431061247 Inf 3.32394699965366 3.5794607220084 2.68364864885743 0.762994257814965 1.08350375003942 2.32219799632282 1.41535244336836 0.758891759869 1.08442222744534 2.12637560562262 2.12778669308702 0.758094858934426 0.920654145974472 2.11138060331801 1.47417993365715 0.6868331195589 0.92964351897543
2.26432958241559 2.33196055824282 0.927709598922233 0.925175966773828 1.35355121243652 1.38042254885993 1.25160604502949 1.26587951556754 1.03595972852813 0.991835353194019 0.935937913590296 0.919690682057338 0.946836355292119 0.823707796844847 0.494705556047522 Inf 3.19508756530233 2.35316452903909 2.36748081557538 0.808548066238946 1.08138583104046 2.01126116712789 2.30921574740609 0.780269655688028 1.0710814339512 2.34845310672123 2.33326902551689 0.82576221386362 0.93968235656832 2.350893687176 1.88245067959395 0.598728938551693 1.21174608896768
1.4103391293625 1.40507057037475 0.690433974477942 0.706004236722533 1.2497517567131 1.18327549643492 1.19696274714444 1.09056509005456 0.701160447772766 0.695808108433651 0.706153860020276 0.721325401352602 0.721074998711244 0.521130150043703 0.431918757342737 Inf 3.02766354667462 1.4031056786345 0.745210993047688 0.630120402816941 0.914352702959031 1.3971130939942 2.07082628485655 0.631240615279839 0.912793425862793 0.690751248116426 0.727765057026502 0.636196690941426 0.770083195479394 1.78013960874378 2.06407067190319 0.537837197464717 0.81214328184981
1.69509575345816 1.70506264894727 0.722155314271665 0.762779230959581 1.19075411714445 1.09716732417174 1.1241555545777 1.05071007099277 0.723133756541685 0.750465160143784 0.725458525328161 0.747820240384024 0.771706468645654 0.84109898280193 0.429657932282212 Inf 3.00736067222038 0.719693046977292 0.708549739151593 0.663921977949152 0.873618019308568 1.70268626627198 1.71415113695301 0.643865711452457 0.898400425871504 1.69808396623053 0.837813168087005 0.679330146333278 0.761954854600431 0.738625120493733 1.71522740148394 0.49506939431986 0.780185789496345
0.783804959295251 1.08768537790737 0.791762150739367 0.831292719029367 1.30245939392946 1.21690851486365 1.24099661639217 1.1944026562095 0.783735440312373 0.820420236325634 0.821133307816478 0.818475541116519 0.842022839005348 0.637897368671732 0.564292062350346 Inf 3.42891009742614 1.75225241226665 1.71654718503507 0.69970318851371 1.00542117736533 3.67491519033297 1.76244637534882 0.664998863874404 0.998038225843506 3.4832507039474 1.75319563112564 0.710946904633662 0.845246464289926 3.67235135440624 1.7559159673638 0.39465311149782 0.885012836621726
2.39037346310984 2.41506902915207 0.855139547301084 0.862354846935716 1.38361870439209 1.36442602095149 1.34451038684702 1.30690434810499 0.883519123793471 0.883654233926817 0.869624737902726 0.893145476145954 0.898252487127107 0.674408843076338 0.617181667353698 Inf 3.21474008886835 2.40391571321904 0.900699043831538 0.753136108151098 1.09342482991156 1.23557754943824 2.44086330752594 0.741846621360804 1.08800010892343 2.39296893162047 2.11276990337314 0.805445108923959 0.910059181305243 2.63038724091896 2.29561704869009 0.636541467342064 0.964836384904644
2.67152649817711 2.09643464027896 1.06348684296368 1.1114101969285 1.59356853711387 1.56052149675526 1.55572821965708 1.54702308133321 1.08917496420345 1.11009488908509 1.10917070174519 1.12055108371704 1.14987002022972 0.957317611446207 0.800066227874128 Inf 3.3103669210968 2.41501716796278 2.44920160943013 0.997736179815312 1.39056946282726 2.42715348520104 2.45650530003271 0.991749037090991 1.31557057596135 2.41833681349442 2.4038396233954 1.01083354115684 1.19400927376609 2.64477399027721 2.77568662015616 0.853717056227408 1.23142788780987
0.534984341613219 0.533436468243553 0.545664179032865 0.557894990923285 0.960299391821132 0.983150199829941 0.967429375414329 0.896297826570085 0.576747910085631 0.569589699729611 0.554147957510398 0.551371066024117 0.570057238461741 0.632592876144582 0.401030809431043 Inf 2.99249378041568 0.563972421878503 0.531133850664623 0.499910487107533 0.684218590706379 0.551518026686605 0.527665306800884 0.501822144130033 0.713271966455481 0.553709199868841 0.582802657196702 0.507724078267619 0.588249102943177 0.552497651629232 0.541773523488628 0.350247575693993 0.578112933896447
0.816847940650796 0.89654292865515 0.887061528280271 0.903010770588958 1.31740190036841 1.3620604408009 1.32126249333344 1.23942763796626 0.894278316267606 0.886581241107778 0.896264879740918 0.903730256835564 0.904045612779982 0.756523985041569 0.672662699941 Inf 3.44831450181239 2.40279206482987 0.884342962731425 0.805889810134331 1.06492636836328 0.892335164288944 0.861834966588835 0.736600795915911 1.04897326557442 0.900022750088247 0.921421200719532 0.783738566627614 0.912066760675 0.862475355441157 0.860076285463189 0.636053259595983 0.939910808786061
0.421177151168801 0.37142952742718 0.413109213219011 0.413143245598965 0.825762731132185 0.889611511868009 0.887693909112434 0.824865752361317 0.406676843207139 0.414616124118958 0.417355894072705 0.418467612495818 0.415085821446434 0.403165215829535 0.512691398158637 Inf 3.20896802701889 0.395880820607145 0.398331119334131 0.378764420783483 0.591386559008431 1.63176933723748 1.64063923027654 0.381377942319264 0.608043531670252 0.474309626470534 0.402000987580526 0.386711760655431 0.447616096003705 0.406394536595222 1.63512858720621 0.325303189313297 0.44849756615804
0.704858039277501 0.710749229714676 0.698101232646357 0.708231809609094 1.28286223022038 1.25858486364094 1.22854274081113 1.15216772908401 0.683218294176455 0.693752813789929 0.712974517789363 0.735135397026336 0.745530427977631 0.520657760854971 0.601874420935227 Inf 3.30472898915758 0.691563990070465 3.00325651281551 0.628785429064537 0.925149427734579 3.65625966333994 0.673857529833829 0.628218217159914 0.953389488756725 0.70796193659637 1.95762747571955 0.65317754535559 0.754569916942367 2.33610826074982 0.706740312617295 0.51189602996998 0.808319852459719
0.615979732512326 0.598913207867633 0.602181092194998 0.615380344338374 1.07831324336436 1.04145654394842 0.976878237370153 0.918909788010933 0.634190577446552 0.593521381277744 0.606614927670614 0.612545464558767 0.622507557453003 0.578897303582379 0.647112592002074 Inf 3.51069720066567 0.600055677079073 2.35828266687758 0.543901161582239 0.757650588352408 0.592345465569614 1.62583172597874 0.519991528089734 0.782970396679143 0.603735078101018 0.593359058993812 0.558647487786993 0.649403059418331 0.599541432207804 0.595875502727166 0.462059447358251 0.658260385131784
2.35152551234037 1.97410171561675 0.681365487820284 0.676484218020414 1.08397322853616 1.14739347209387 1.06039944474405 1.02935217604871 0.675503514741685 0.650910738573146 0.650718182743949 0.679668412169174 0.702660872708464 0.755682002563074 0.651085368139733 Inf 3.19633787187532 0.67709011092019 0.663062703829176 0.633911371217236 0.83462110211495 0.661028573631207 1.95361186336291 0.623298005292303 0.892555926675534 0.655571717000636 0.691964013587793 0.627584856187905 0.702054549965042 0.649362598475335 0.682430405761434 0.580426519772101 0.731114785877321
1.99930885533306 1.06203070579255 1.08257467280976 1.12198617761013 1.46964993750933 1.41184917326715 1.42928325241983 1.39407181962515 1.06927597351907 1.08064229189111 1.09163103977226 1.11842780334275 1.11760976225792 0.920431863913391 0.791519208361732 Inf 3.22170678047734 1.08222663854879 1.05676132146206 0.962802043040565 1.19830080688567 1.89264052994719 1.83016855134862 0.92483661262147 1.19745580923246 1.09555882836322 1.09544329732443 0.973189877680052 1.1142144146651 1.11358200950939 2.08980529417598 0.607539416261131 1.12335162586389
0.559763680457079 0.51986872507364 0.531661740509287 0.551785112514313 0.824498991166151 0.921757018355864 0.823372543218593 0.816351792021126 0.528610255657891 0.526519896807415 0.544572771107307 0.558358081054381 0.557951928271108 0.794535144303674 0.879458658230898 Inf 3.34104233872021 0.548272230103171 0.544691181916351 0.471136778543584 0.605544327289118 2.97803661421741 0.522446930777642 0.472440300266376 0.660365660187016 0.547686243280092 0.53682711737072 0.48948936481247 0.535713414265582 0.537736415553335 0.553175537755427 0.326060689479827 0.565360880651271
3.54967884157713 1.7295947501627 0.752341895612803 0.803748020149826 1.28739173206626 1.27419995815402 1.23801068719588 1.19433881952982 0.775839761113965 0.776799833702504 0.788243948835633 0.797014248799951 0.842961482401047 0.59487257160056 0.545222077917566 Inf 3.2707605106776 2.98113874793771 0.746201112364974 0.711310094772664 1.03270829077746 3.56247553665694 1.64264740581603 0.691527169755112 1.03618727811579 0.883262353423791 1.73056392627936 0.730519979093297 0.851055258424496 0.801933012658117 0.888529202277803 0.540329398588494 0.887556310379189
2.4359854890321 2.42694265497612 1.58435255803656 1.56023062018345 1.53597616300191 1.56443342005753 1.53729372027062 1.5523172397944 1.64717696244891 1.59190396946905 1.61031228230969 1.60748877901157 1.65836736960054 1.88708830519185 1.63445547428199 Inf 3.44295690239861 2.45997337155473 2.47461642638943 1.348640316716 1.4539061511034 2.45303158872292 2.38948242438333 1.30104017423706 1.40719379916547 2.21204262306458 2.46127848329159 1.38926323512116 1.58812684214282 2.24727419311727 2.44409253273265 0.931779836162773 1.54930516020083
1.85668450470458 1.85814723506786 0.75517060882141 0.760080708373839 1.25966871252069 1.28434276016267 1.198707403 1.21289568756661 0.807481568864634 0.793028639858616 0.771483454511082 0.798136178603036 0.778814805784524 0.638984695273591 0.528093852754592 Inf 3.309370845613 3.50622139487746 1.58022521435622 0.702266621237643 1.04451048190148 1.69756901850475 2.4610992170521 0.706337097924165 0.999623762685409 1.84171360402313 0.75979253110736 0.712834046898906 0.845521183527761 1.81692907084466 2.13978146815342 0.644661643928991 0.87691397411703
2.26782845229775 0.495138444424722 0.514724481831261 0.532633862540308 1.08998502495341 1.14332299253499 1.10050220761556 0.999035420480229 0.534615167519039 0.522179850244379 0.549813829988303 0.542059536618845 0.554205131363986 0.358332497185741 0.318559435260485 Inf 3.41853527110588 0.506604618054679 0.503584658326771 0.451679764213277 0.788277324476271 1.4914971884984 0.501223383526832 0.438862098382421 0.777334778358979 1.09624659195965 1.52901429554895 0.47301151268002 0.577867272596714 0.512841496185565 0.511650451313883 0.331765329650025 0.639371418478711
0.394597710175915 0.387346854186075 0.388414295469291 0.42339356041686 1.02151253534381 1.0752172046451 0.930909959137937 0.855724823407001 0.419962384543614 0.41311572180575 0.418222525073543 0.444279785288321 0.454622566453778 0.19039929557394 0.248261203776536 Inf 3.30112676202739 0.414704776993486 0.406121007891714 0.382026442349852 0.690623845528373 0.411399882902558 2.24114319197523 0.377533324067593 0.7199414571291 0.404599470388193 0.389238000186477 0.388833186478474 0.489087033950125 0.410341540884518 0.422173243330964 0.347226445688491 0.514004883637354
0.590495989549408 0.557007158285856 0.54343663328045 0.551473526890395 1.01253840434117 1.03748620141566 0.941213894168037 0.89805704129689 0.557107578152292 0.554433976456011 0.54551285006944 0.574856138024654 0.565906626036495 0.688835148618567 0.532923382251357 Inf 3.3151948557206 0.549613604894178 0.542561050709188 0.479219372170491 0.710998056910253 0.549003889653285 0.556386777893479 0.467416726928567 0.721544072922567 0.557145766708981 0.547713221447479 0.478630941035925 0.584834451126929 0.562288153733576 0.557018764401752 0.352394553695578 0.591230340961845
2.01729062670569 2.6287633061842 1.0351300997214 1.04548076944714 1.33310905008674 1.34946831205156 1.35972925773549 1.307469518363 1.06444594546629 1.07683740953985 1.05590496066962 1.05825849363079 1.07106656129283 1.04467770452207 0.691323732824081 Inf 3.18827734805231 2.74800650908982 2.60486864087461 0.906274413065428 1.09324581474201 3.01370583271297 3.12782416536318 0.86267600357979 1.09723049148288 3.03362042576003 2.56957674934121 0.926179646886012 1.06681635004598 3.03010069764818 1.6862287204277 0.780104505424548 1.08299644116391
0.994037458275056 2.17983190587675 0.979678473007079 0.966260960587915 1.39772307366561 1.43380266803245 1.39524218421307 1.33695850962766 0.941044856512678 0.963282743573967 0.953570847949109 0.963791890049843 0.949772387244264 0.83867293797119 0.884606791052738 Inf 3.36257573292766 2.21334168580988 3.03286571549446 0.875683049638142 1.15691262864841 3.00883967254522 0.924481786704697 0.832187111100382 1.13621796607687 2.11371290515121 1.11873041469334 0.880390568141435 1.00522042066478 2.46531576846376 2.18462482840806 0.79375824065966 0.990369873320691
2.24801216874397 1.65870610953951 0.668598286100094 0.735105186278739 1.17755480134411 1.20287641959622 1.16829968483274 1.09180777702889 0.709546901413918 0.71442841888288 0.722082021091292 0.724333784393517 0.74687590414053 0.761929487261912 0.3335008384787 Inf 3.23294198628568 2.00995651680524 1.00521867318841 0.637068686961036 0.921587683288111 2.09357422344391 1.53483636244245 0.648400191372678 0.911961428515265 2.24279167841698 2.25104288911542 0.657011185288627 0.783040391944765 2.25733020976677 1.59086950442561 0.541349082559235 0.802989499797266
0.413488640047217 0.470771806786217 0.44244103366267 0.459509718627742 0.871641701913598 0.949096385803584 0.817588565806976 0.727986309865867 0.454695398340849 0.457394323041832 0.451135121701203 0.453910075144031 0.441783178016354 0.472589539170242 0.660935237348123 Inf 3.2830442148209 0.458672978801401 0.416812518592443 0.384867095530127 0.518544777712444 0.440366399535131 0.424082886546238 0.350305480361931 0.579356503870565 0.442260262304619 0.462188430692946 0.393447546362962 0.464771527708999 1.99951307888827 0.451270234169189 0.211994488542153 0.476395389655791
2.07283239039879 0.79303620454714 0.807696513494394 0.837023049455477 1.23313291472969 1.15338795307388 1.12723400362947 1.09408880052674 0.8129672292928 0.839982251953733 0.831067961173843 0.800104199356723 0.815950887974811 0.929512500880643 0.863646707143123 Inf 3.42052332514054 0.811852346760269 0.762340550240309 0.692819726229643 0.922145333358999 0.821169554604824 0.768275541305792 0.659294290147673 0.948240771752621 0.821171889175877 0.787497898402765 0.731075569269405 0.828932772445381 0.821270808695104 0.812579460368177 0.418746511997155 0.847833073464489
0.851746177899796 0.87747673359286 0.865541854738485 0.879697529682251 1.22572317604692 1.17750891871455 1.1463113885364 1.13255507227901 0.860848337258006 0.863476257404491 0.846307174823931 0.883122714633079 0.891864683766053 0.769239484142378 0.846830424881934 Inf 3.340937495065 1.99012915215207 0.847286752721319 0.749571852466215 0.932632614869079 0.869408080752228 0.91422978851569 0.694284017260877 0.946362359953484 2.38856340106401 0.867268083088585 0.755944278964773 0.902761353650159 0.872036933520781 0.850286870970477 0.552026407605712 0.894942620891791
1.53466079954181 0.568511575658602 0.558368926413296 0.582625762713807 1.03688334778771 1.06407491692303 1.03738922360933 0.983763504988201 0.566763094060865 0.576066014042275 0.573045653226255 0.586854326588051 0.575161963586498 0.506202363002029 0.441475433605967 Inf 3.12115331325853 0.563031561504872 0.555162376073316 0.49869209135066 0.770722351380196 0.596192321259274 0.547478116459734 0.475627378728001 0.77820417908067 0.588469943689804 0.564029142478679 0.507684258646976 0.620861064415985 0.57779439809772 0.559586996769511 0.288238375545355 0.632724247862441
1.59198661550296 1.61235137058873 0.597045349739073 0.609495391379147 0.986777048223572 1.0051424593687 0.929885614002483 0.915830934604535 0.643130437624308 0.606182641052782 0.619414718853435 0.618711476018763 0.623158671238769 0.629681367590174 0.425630303053975 Inf 3.23301954760946 1.61475703301394 1.58801285439745 0.548602392241433 0.698299649123053 1.61067732518374 1.59963263185785 0.514963681796425 0.744270813166689 0.586926509436246 1.59892725811224 0.558995991754377 0.639058571307489 1.60534666884633 1.62200307323885 0.408304031571817 0.644430540445136
0.408013600305286 0.408863894002634 0.405507278179283 0.418567967866261 0.90741712654045 0.749425207623843 0.888775259785745 0.811042075747892 0.406084602188696 0.408238481269102 0.420469657715302 0.435042491330733 0.433941847424378 0.432041059070373 0.393003519727126 Inf 3.26923876777408 0.40107667788237 1.58846369070394 0.381911088397575 0.597884433383658 0.409029634115692 0.412075813609702 0.368897829413796 0.636794114871139 0.401123815108564 0.391158672772273 0.378012514759443 0.450592151658772 0.409298663837486 0.403694865151522 0.322256412236492 0.488155888006971
2.1671049994919 1.62356910447038 0.617192025345798 0.618489243417061 1.10417720639173 1.08937543290824 1.14034119926669 1.11138534917372 0.600773515213319 0.591803823439756 0.596835562225541 0.613200051665406 0.627916004905365 0.473856917892055 0.303774493334745 Inf 3.03647464724907 0.595951225653961 0.580795374285366 0.585362484870438 0.88763688673459 1.66144519959014 1.66950506568653 0.581312867473357 0.867761149216945 1.68902569917188 2.66619070504195 0.580199217350331 0.709973410051072 2.75319278865434 0.574072677321166 0.560946129566834 0.705502753177115
1.08102074755412 0.887623788044794 0.919150975952421 0.925113803470385 1.31685029887611 1.29041374597946 1.29670433208957 1.17458978293118 0.892758019947809 0.892180558285291 0.959193389017658 0.918240017500505 0.941526511846842 0.787688780060239 0.945037024128466 Inf 3.27108407590973 0.94439829423103 0.862145773904392 0.789828921600894 1.00807018940816 0.920072965009394 1.36505239019308 0.794933119331775 1.00363650018231 3.24411724107479 2.7173895248803 0.818731093092141 0.945993340750431 3.24305590041253 2.3825039171309 0.469400825772565 0.922596261722578
2.91825487958794 2.90030344751586 0.783110398916698 0.774392367072448 1.42239619534435 1.34285838683352 1.32826758563259 1.26678501530461 0.795099570499886 0.768332054265806 0.764909247974003 0.794623020261387 0.798705416774727 0.630405375652049 0.393856298712878 Inf 3.22748380497873 2.90720262854059 2.89904318724646 0.681390022813325 1.08520837836333 2.89814706780378 2.00057123059527 0.687174976709554 1.04463831056366 2.85560339785028 2.73991412244309 0.692730561536593 0.875046223562829 2.90892640654418 2.90616225476742 0.602903159544894 0.944561879978638
0.510006007981788 0.501873724598981 0.499456517421907 0.537995584954789 0.985631270515327 1.02083829888665 0.962039321529259 0.902253044493135 0.509659933578155 0.536862875250535 0.515956929060847 0.548876015701335 0.516350465574559 0.562259135211783 0.329489260154242 Inf 3.21253849663247 0.51446648442812 0.491298473694235 0.466015171210726 0.691729360500153 0.518637600956348 0.494106734420032 0.443885697063963 0.712612066832977 2.89241293336989 0.67452911111176 0.479229522501064 0.580250966957246 0.529559362274171 0.499569652114447 0.361717893025439 0.567238410695934
0.601413768157023 0.592353609244635 0.571153070512527 0.606733420522473 1.17047399383359 1.18496414946331 1.11986491125247 1.04560659992773 0.577867166162157 0.604108778190149 0.581158410277138 0.616034001005087 0.627042595585581 0.353411021210907 0.390022255949472 Inf 3.19008619330537 0.591128955391844 0.549195287817659 0.5154928653128 0.8412931718235 1.49215480662531 0.574097294206337 0.508074365116968 0.861344244016251 2.10263597073646 0.578125536948154 0.526495466576951 0.651935976218492 1.68502115608144 0.769375797322134 0.424578414916127 0.697635719760799
1.33712032102232 0.627635570285957 0.625105948866106 0.628331516861067 1.0164506718716 0.996169715694987 0.988599870413788 0.964201169275664 0.633624909901763 0.612231843785304 0.639327766295589 0.643404691287418 0.63921084837995 0.685309962345855 0.925040588445621 Inf 3.42797548840359 0.63394674659366 0.659716364888794 0.574407408663949 0.752107855318287 0.62663039001831 0.626829238453134 0.558333674943874 0.779783245663597 0.64309796329512 0.647490627564988 0.578422002575281 0.643667773677838 0.631935810795901 0.630523078794945 0.485264098930998 0.673307359200575
1.63807886618707 1.64842822845979 0.888062811751992 0.884009028451861 1.16582737512163 1.26000976549434 1.19753060899747 1.15679321838306 0.938773975430269 0.913900155301795 0.917072576920963 0.891588864662826 0.946220032588163 0.843262085471772 0.60098690991737 Inf 3.17174981433274 1.67133818052108 1.56407352173037 0.793002356546386 0.965341294594823 1.65231215390097 1.62301967499753 0.747320386968969 0.984049803413952 1.69652947954002 1.68833460769517 0.819077889411605 0.938809046476542 1.69365994593643 1.66683281997788 0.586018862229312 0.922659672596522
2.12252957509666 0.707851436397464 0.715131998446833 0.740166386976234 1.23984822538715 1.2370180958238 1.19466197380578 1.13773102942775 0.700747254680441 0.732267619470244 0.719748627588322 0.714576308153531 0.734893782820883 0.569627246141326 0.388201207659417 Inf 3.06547630134733 2.1229926715474 1.52105227618903 0.654877106577561 0.951100448805452 2.12567716148924 0.835629658893389 0.641696647231353 0.934811087869682 1.67398923124345 1.25187661594244 0.661065637241229 0.788018390682587 2.12240164570964 0.715794980198854 0.498824661876441 0.824286762849034
0.832593657765017 0.820606756615225 0.849568455096051 0.867618694114263 1.21598840949934 1.24581302727036 1.15115908304725 1.15494257268094 0.866243824388241 0.861205914243531 0.861544129176928 0.868019071840902 0.875633624652528 0.8657798646491 0.799453799298659 Inf 3.05817568887939 0.867740710063986 0.83302646456045 0.768448553644545 0.972378552129945 0.866674294344642 2.4343381608103 0.736633964358564 0.971776644794514 0.864940266628964 2.42135951469995 0.762968859037067 0.887008641778198 2.43171778280391 2.12301930709507 0.568301629296576 0.90571691900368
0.404041993300573 0.419889675421991 0.397519378214842 0.427000441361013 0.957353584714198 0.955466536533223 0.95222779607766 0.872591582853561 0.435931746065475 0.425957373261358 0.441124929930849 0.425626461593044 0.43920322899356 0.383215855841264 0.313367953778067 Inf 3.32022138037844 0.425362773179855 0.411260074879622 0.375455771823171 0.637995070188895 2.27520674879198 0.423097608386412 0.357110612875097 0.65880592987558 0.41246902270602 0.403632477474851 0.384862572484984 0.459343539966811 0.42072517328217 0.413896109678892 0.302720616025307 0.47632127942624
3.10880358623796 2.36497026618676 0.594843283010715 0.630122201512469 1.24154977673431 1.20497140667568 1.18038962187042 1.17641900770793 0.644136038305158 0.605395885361374 0.604615911434073 0.638231404918533 0.640696691228355 0.487944932278393 0.137612661275096 Inf 3.20403995257218 2.73989109726207 2.09272540311235 0.57504156183271 0.95468438240619 3.32104405914086 2.36894968664409 0.560262107812393 0.927466785269904 2.28303046106738 1.42766116593268 0.593021611088984 0.70513540540174 3.4288066824322 1.5087218956455 0.550675352175667 0.87286116752064
2.69697241785239 0.707570668266591 0.680419501918413 0.725642369932473 1.31738073138912 1.30321920904397 1.24296065444327 1.22685120677446 0.724879175958251 0.728207894341516 0.682014480930164 0.707003286752297 0.71630505393834 0.444829579330879 0.474319088511736 Inf 3.37236424334742 0.691088441687304 0.661689312979443 0.617750920560807 0.98900491976839 3.04506382992496 0.680000690326733 0.611268172472666 0.988248899827483 1.87831711777448 1.59415696825699 0.630682629898212 0.777317908017363 0.707943966928994 2.04833484597943 0.528976923908402 0.832648003136979
2.28175632992037 0.66796260118084 0.665897635662575 0.696128566766424 1.16803491642718 1.16634236361304 1.16824302539979 1.09332093326434 0.715123703387072 0.700052097416926 0.702840827139905 0.721876084916208 0.716818988206055 0.474059361019441 0.480667331349346 Inf 3.26452710447415 1.41160253132803 2.31403930461422 0.566272854734641 0.863595911390025 1.68572167044811 1.66562381835461 0.554253267639898 0.878491141494317 0.67854074730426 1.59150549802046 0.57971558626092 0.736301886865422 0.68324601376993 1.69561878964628 0.425987542571624 0.737735618609402
0.522275252829872 0.497043316766162 0.476762227748097 0.476355543673145 0.892252805292623 0.947872673534423 0.878396750918749 0.820672924334757 0.485965042280851 0.489613939777847 0.469228623621259 0.499143941044883 0.500848391447831 0.683253640358824 0.570843096255388 Inf 3.29719511620241 0.47171192832167 0.501253248478332 0.41129314569995 0.558053248332701 0.465808731274406 0.435139803543973 0.383720034489489 0.59496001556045 0.470380221701855 0.489658936831038 0.39660955078768 0.500842778648298 0.483942157859194 0.498571190342024 0.189762082185886 0.50011609890888
1.90847815246185 1.90339315418758 1.19816591740337 1.15573676582307 1.41541523818817 1.44010420568683 1.39020530230639 1.34666689654267 1.33449278858357 1.12372319425883 1.13273423712434 1.1522491180138 1.17767145393348 1.2945407908346 0.840209186528146 Inf 3.28875392466526 2.92790237527226 1.89654518132775 1.03915247701322 1.20199512951856 1.89537626881444 1.87885938336759 0.995945145760778 1.20116701944894 1.896338501809 1.90006793310446 1.05306635756862 1.1457739414515 1.89943134117711 1.88002320428966 0.891809223780177 1.15032484182518
1.68446695050298 2.2378259598651 1.19582676847826 1.09668523144696 1.42418218677575 1.41949436168908 1.34528629277193 1.32555268011612 1.14522024204201 1.18353369121914 1.12017128929267 1.13914668318928 1.15134261447091 1.10651767514159 1.92131594135078 Inf 3.47455486358317 2.24823532712318 1.67568617314443 0.973036263487042 1.1410707825443 1.68596872627048 1.67452281511446 0.913984892098602 1.15283099395845 1.67080517982934 1.69503807060991 0.985216805065058 1.09998627935525 1.68748672859143 2.23549561463694 0.803191109467295 1.13931980397239
0.457665728037721 0.432166248976691 0.418115865253768 0.450353307860796 0.963855323607244 0.967261914701736 0.966856686105664 0.912264683210955 0.434393196082972 0.431308204715865 0.430928631515436 0.442529605935254 0.448833237215307 0.280113142760158 0.281863834678119 Inf 3.20999278956437 0.411979304354119 0.400472009823425 0.371418165048635 0.671848968759566 0.428702997271063 0.450698441376568 0.369196374127472 0.697035340215924 0.407318847319184 0.412939651603928 0.373868422497616 0.480889243021636 0.428094973437979 1.73516381616038 0.287179596355635 0.48486492130338
2.19737742593774 2.20029205024177 0.666233560539558 0.700492710919448 1.20040880760408 1.26534333362207 1.1435399839142 1.13555415577606 0.677670328829084 0.706794421735044 0.689203582467081 0.71907590752116 0.707047570421856 0.525352654618533 0.322959848461026 Inf 3.11970901592568 1.75676602044598 2.16157191783664 0.618334697200913 0.941884188079654 2.20289539116353 1.79019609388495 0.589071227887342 0.91662307876183 1.65452950007764 2.18564234250515 0.61286267671095 0.778143648855344 0.819335118045407 1.60116823392902 0.473454858316794 0.774609959780116
0.60053957653787 0.568679937250574 0.611341328700614 0.613623304220072 1.09446506897965 1.15834374477143 1.11121122091245 1.03041521487314 0.611894898878133 0.627375543028115 0.604751332704874 0.616790567699854 0.613028169157367 0.464353306903531 0.41734662165788 Inf 3.37079412705569 0.601704893014262 0.595921749627034 0.550261044198841 0.817666954677359 0.595111132916778 0.576257604045462 0.542182520050584 0.85110050327069 2.13464426169169 0.594597939719826 0.578634198135989 0.654469133401271 0.60781733631517 0.590745710141334 0.480173361146779 0.706212077391415
2.33790513289468 2.35063477246119 0.817880807966165 0.829872640231395 1.29730374318135 1.23639914968606 1.20065899222923 1.18818533561743 0.831308670965367 0.807532457938268 0.806480331218501 0.838634876937093 0.81662300859152 0.69769474254397 0.70899750778869 Inf 3.14611723442447 2.32322846065848 2.31649868316706 0.742582959743482 0.995728086748075 2.33517311142208 2.30749727770826 0.749509192302681 0.997936799889502 2.34683351842027 2.33770010157368 0.770927373477678 0.857399956661096 2.1737959766541 2.28154309078995 0.650762202464603 0.873817909063208
1.46954112780992 1.44492331794939 1.50566069912806 1.47887480781983 1.68024339957632 1.70549364831235 1.69558404813021 1.66300273131029 1.48552122739124 1.47819598558278 1.4777076822278 1.4982094670509 1.49427204559123 1.4769009919374 1.36901192501129 Inf 3.54962445808931 1.47107446024628 1.47866588553967 1.30827529244265 1.49063434645932 1.45101296709638 1.43297149306632 1.29036775636447 1.48353882566936 3.85973958252594 1.46747263557595 1.34313573815222 1.50846860526777 1.47234158449766 1.47377142017565 1.08237575173631 1.48598452985621
2.32828914065595 2.3304062683604 0.914100506686685 0.934350792724205 1.2484929695732 1.26283474459518 1.21632405623483 1.15415718197587 0.924781818455916 0.930949897938937 0.927851301697396 0.94358705311365 0.94499050050564 0.788711958662451 0.751467486818771 Inf 3.0204986983666 2.30778525694189 2.35353180631528 0.796335358702368 0.985395487243851 0.922653640513499 2.3151334627322 0.768454746337264 1.00347355289375 2.31728432568539 1.91079948360026 0.807399135851711 0.936468358446648 2.24009075314893 0.894459369881151 0.670499909523099 0.940271825075921
1.31341633214097 2.82330974303712 1.26072361797728 1.25657023375908 1.34290797799721 1.34211747412522 1.31297600731466 1.31639877847989 1.26982634381606 1.29858977330735 1.26415743919417 1.23985311188455 1.280699789044 1.28311253263274 1.39225911140389 Inf 3.51212747625757 1.27135881254755 1.20461527745123 1.0519696370968 1.17552118445285 1.27624076033606 1.20043760935786 0.98193115529295 1.10971747827629 1.24692066650897 1.25632110534213 1.07054742659373 1.28880601516165 1.25453699892762 1.20399291232007 0.681300262594929 1.1601906492458
2.90998478192034 1.76244119331546 0.769363543619096 0.807652634981813 1.32464707505853 1.34877571278235 1.28503405641878 1.30281413006816 0.809304082941255 0.802778477599675 0.831596880181356 0.833229349730683 0.845151894111319 0.570745039896465 0.557069891574589 Inf 3.16272347861777 1.68031305930634 2.20962542519714 0.68960492289656 1.01623021301056 2.25164057424484 2.63111456117598 0.660174469007699 1.01975832610255 1.99588476692089 2.2362618028695 0.710070275382 0.868149239135502 2.19767528736106 2.91561536670259 0.459048009592328 0.897680706274012
2.24607937337544 0.66425416884015 0.665015564872252 0.665856621693117 1.2400854359154 1.25107099666858 1.23585984506502 1.13059637251841 0.67342175206853 0.677332929578218 0.675017595700218 0.696408212544872 0.700020599053472 0.610095081053019 0.330170949948717 Inf 3.23116510753934 0.673094408820999 0.629868332526909 0.619541702132255 0.923812460638963 2.29525107596317 1.6153013902829 0.600256209292493 0.938197438930366 2.06000484653521 2.29382924975745 0.625945122814497 0.776760553007516 2.29276334167088 2.33622144210211 0.504748624243323 0.928688872027453
2.35425834693365 0.799728871764526 0.767112116923852 0.79419251563621 1.20340243276543 1.1392771834815 1.14862696402248 1.12177522816126 0.787188462188213 0.775469359018107 0.790716734478579 0.783109980650999 0.804405894766182 0.714014472613196 0.764238743094067 Inf 3.3262916962712 0.801213313046046 1.48312250367003 0.687604564534158 0.910264763228769 0.810693817892573 0.778172874466187 0.663343217049639 0.931278447847823 0.930269768072255 2.35279215148286 0.741391842238693 0.790155100746078 0.809436483432884 0.785918357417563 0.546430866830299 0.810223314675738
3.56821340708199 1.2884979871028 0.964597229880316 1.01675790257716 1.40334207865321 1.37464581444777 1.34852764693674 1.30901627657169 0.988825981954749 1.00404679864839 1.00118211522873 1.01524456135521 1.03737922803884 0.865472949448193 0.641088424832618 Inf 3.33928708060882 1.96456332033793 0.996152204385569 0.887249516624617 1.11593693592898 2.54680014056005 0.962128078857466 0.84448093739162 1.12157907967791 2.54113914164539 2.52403129504302 0.880997911931519 1.03664549188789 1.45499158191846 1.38431823878712 0.814549665447357 1.06030890023173
0.328748434204861 0.368725327696048 0.337611711608887 0.358208079042984 0.764520554668708 0.81932711826344 0.733025517580091 0.676962810305284 0.348622755612719 0.344302870128322 0.338110063780115 0.358926267061545 0.364409837467246 0.357584864723682 0.269429893205412 Inf 3.00899011058875 0.355415812707386 0.346462065466322 0.331773500470522 0.457317592337826 0.348208719369038 0.337259515533591 0.312103594264212 0.526264976448584 2.35505986529206 0.356041270468255 0.329731150012927 0.37376766558111 0.347478811845811 0.333989688308713 0.285247322279436 0.383461194291542
0.536627870527717 0.557797837666337 0.528837761611882 0.55660227745667 1.13090106527338 1.09920368595618 1.09455849963325 1.01189816681176 0.535883831868017 0.536119969222655 0.535435959987105 0.573323496646721 0.561718729653589 0.37833694685017 0.435758858811226 Inf 3.52872450292226 0.525061924102721 2.44596309695031 0.482872279031157 0.838613593157172 0.548126787933427 0.531565518910072 0.447825544393553 0.836474671379055 0.53924896597635 0.532408053550916 0.496582547654562 0.600599187485886 1.10439425510863 0.534280020166948 0.325374810867255 0.63749816255737
