"U_1_Gam_alpha2F" "U_2_Gam_alpha2F" "U_5_Gam_alpha2F" "U_10_Gam_alpha2F" "U_1_Gam_alpha1F" "U_2_Gam_alpha1F" "U_5_Gam_alpha1F" "U_10_Gam_alpha1F" "U_1_Gam" "U_2_Gam" "U_5_Gam" "U_10_Gam" "Sylvia_Sparse" "FM_RevJump" "MBC" "DPM" "FM_Raffaele" "U_1_PC_alpha2F_01" "U_2_PC_alpha2F_01" "U_5_PC_alpha2F_01" "U_10_PC_alpha2F_01" "U_1_Gam_ProbKp_01" "U_2_Gam_ProbKp_01" "U_5_Gam_ProbKp_01" "U_10_Gam_ProbKp_01" "U_1_PC_alpha2F_09" "U_2_PC_alpha2F_09" "U_5_PC_alpha2F_09" "U_10_PC_alpha2F_09" "U_1_Gam_ProbKp_09" "U_2_Gam_ProbKp_09" "U_5_Gam_ProbKp_09" "U_10_Gam_ProbKp_09"
1.09716905374954 1.10405078750339 1.0988323719344 1.10407743445514 1.10445269603144 1.11297443059564 1.1100395227723 1.10258433072599 1.09649098833317 1.09329320236618 1.09227646584903 1.09299657894191 1.09547557560856 0.200221762281512 0.215751842918356 Inf 2.83675626032268 1.09274777287449 1.10132917499071 1.08057956310222 1.08808271951954 1.10037372039544 1.10325229827569 1.10358872816151 1.09974246701832 1.11845040932748 1.1090907700326 1.09702849220421 1.09818155330392 1.09986038349395 1.10573900359973 1.1019029513096 1.09193680100207
10.9763642356533 11.0327404479315 10.9287843458913 10.9476498368256 10.6537147428152 10.6609000045291 10.676854262308 10.6558487269971 10.9064218646306 10.8818832864456 10.9541158669081 10.949041614041 10.9132875784811 0.354381502080043 0.381849877030113 Inf 21.3241680063131 11.0688640056328 10.9507204139857 10.949630731121 10.9485060275492 11.0257356696349 11.0044935257766 10.99165552454 10.9203502262808 11.0365776196899 11.0299404436666 11.0679024925631 10.9812999596628 11.0399539413458 11.0292060791465 10.9729671157983 10.8934399352865
0.639265246614019 0.641128046558305 0.644491629390945 0.6445179735686 0.695510437039726 0.700733071786636 0.71643755901422 0.698863104030926 0.63261634154545 0.645911258160919 0.635359701536487 0.63722188898943 0.65010122505621 0.0736331002666033 0.0713516945382853 Inf 3.37775429196532 0.641287926829723 0.640947733300882 0.650849737766411 0.644787724224187 0.644456765565187 0.637072771636136 0.649545658695754 0.650529778449405 0.636988778197389 0.633144991687456 0.636721205708848 0.651302355290695 0.634101302517586 0.648230207386876 0.63672078217643 0.647169538002475
81.709657776191 81.6021489320929 81.7003441423139 81.5276359210219 81.597181992968 81.3630516136349 81.3194961744555 81.2918357976846 81.6299626198012 81.6921376350357 81.5843324338646 81.6140651411391 81.7087685732067 2.42777769266551 2.10734941902294 Inf 107.626511519493 81.6219013111214 81.7148724142777 81.6209765578808 81.6593781730361 81.6315846065976 81.5852901976817 81.6745179182802 81.590981164383 81.5973420858353 81.624988771088 81.7529167013527 81.6871029855533 81.6081388005085 81.5383294657387 81.629860656377 81.5979680046395
0.565116562517094 0.567733188471942 0.444646980652981 0.430130991048496 0.414303846957642 0.398614691687608 0.399399583193066 0.39761530851666 0.446725359068849 0.452707051077704 0.433242312035431 0.434299346750888 0.440354449532963 0.265014075478162 0.747125474463129 Inf 1.54125089388319 0.569628372722904 0.450417454430764 0.431455576978383 0.432690530571098 0.565197527082353 0.575277159068045 0.442465662593944 0.439314616319583 0.566562716449554 0.448439316690636 0.46330672303156 0.440149023943523 0.57532180312434 0.56684813888884 0.443070383524552 0.482831552336683
239.399017884694 239.453683215288 239.478716476906 239.440274632025 239.673171721346 239.716227855325 239.749196695326 239.724490910346 239.506591019052 239.41472779403 239.463467062334 239.495179914242 239.438209081663 0.331900369997507 0.2039870522644 Inf 259.572375169265 239.408834358679 239.467448537852 239.422029378563 239.389250600864 239.511127490641 239.419317247117 239.490595628526 239.48649311353 239.455201723939 239.420103256015 239.435056607343 239.522502422079 239.392481008391 239.459430525823 239.413316008361 239.469276388231
0.429971603436736 0.372100201566943 0.366124264251213 0.368139311115081 0.341475192361214 0.340021394076154 0.342794184188395 0.344007443581984 0.390440965333792 0.368466632599955 0.372051735200084 0.361858317817498 0.369543221070664 0.238981522067197 0.284298987669967 Inf 1.85045946588834 0.425590710509453 0.378142837666101 0.380786777949358 0.358752430337316 0.430295345242062 0.35498609334069 0.381912923335891 0.369201587326379 0.394781434551558 0.378309340677391 0.41460285337761 0.429723887209724 0.4373027175426 0.433143094109569 0.434038249466144 0.37952867337362
1.62126003599624 1.63424943824588 1.6250504742779 1.64077127589533 1.66912754609896 1.65763190832491 1.67444435088195 1.65923597166641 1.62821592064312 1.63210056471829 1.63001299547293 1.63582533404061 1.63426664000775 0.184746237399037 0.139154397229262 Inf 2.9850176158363 1.63298057864213 1.63792735764309 1.63786850182935 1.63802331577811 1.64024304960489 1.62654534306092 1.62987977389676 1.63794608856422 1.64145514272996 1.62744143717708 1.63218615895581 1.63661661599821 1.62851029563897 1.64175845744978 1.62880556171764 1.64155719154445
0.156043583162423 0.158004924756388 0.15485958002962 0.152813060478871 0.141192077051841 0.138168022987366 0.138165390804464 0.141286298815907 0.156272293697191 0.156993128316386 0.153386571401475 0.154800014303721 0.153726176595915 0.155929543461661 0.170241020102617 Inf 0.133712236685183 0.155544776676275 0.156562611858498 0.143466100920576 0.148535170106598 0.156026333318539 0.1581697923354 0.141017864788207 0.151767566832763 0.15682456355206 0.156670044032924 0.148397957694528 0.156129732552486 0.15764062555104 0.156512669013487 0.148451939162599 0.154764210052818
49.1261136107889 49.122742047599 49.1635667565454 49.1674021319631 49.2653264825979 49.268484640973 49.3023077925364 49.3182997506012 49.1035330321765 49.1536270943341 49.1508488396211 49.0980687274729 49.1378226363715 0.278124806588762 0.283463355143363 Inf 61.0979132630435 49.1392430155331 49.1528175034037 49.1318772345909 49.1040978419329 49.0549863429575 60.8879170824061 49.1334523938396 49.1082269181998 49.1089918296086 49.1329858161607 49.1488648442053 49.0862417392357 49.0843056532917 60.878116526418 49.1142340424541 49.1434909180289
0.0773952162740941 0.0777442416056142 0.0781455100487805 0.0735546579606014 0.049329252711556 0.0483068603061338 0.0486931681070399 0.0512332463170098 0.0753818630907559 0.0732912152203419 0.0759495394680424 0.0779772695700699 0.0744678308469314 0.0968060600214662 0.138549695535398 Inf 0.140576320838476 0.0731706907305334 0.0800527441158518 0.0675121451412877 0.0769783437580929 0.0723998642028923 0.0830882958865417 0.074586974192261 0.0778158408828021 0.0765274102262257 0.0765964326346457 0.0758395731934083 0.0793819193161869 0.0794635455982993 0.076852844996896 0.0786477226918084 0.0750898441887327
70.4194851010528 70.4250007378963 70.4304531454097 70.4041132262454 71.0365308128981 70.8519088506765 70.9410100728521 70.9543155239871 70.510401967082 70.4162709539402 70.5460825098392 70.2820765198654 70.4364234609793 2.37163674476238 2.36834056136193 Inf 122.326998019564 70.3613607718441 70.2986037662435 70.3448322707866 70.41754377402 70.449200588119 70.4140260243305 70.2826219807679 70.265368625069 70.4180230880028 70.4367261485966 70.3374534352498 70.4571432137055 70.2254585337407 70.4730670674087 70.2985012648284 70.3206599992013
1.25593568429046 1.2519426654068 1.25796837737213 1.23694039627941 1.28674818048015 1.27112157218351 1.27169368186942 1.26924284514333 1.2494526157035 1.25217445880308 1.24149731650572 1.24619934012075 1.24183990488891 0.180897240192207 0.212856845957513 Inf 4.4916403873056 1.25119721630291 1.25535867445377 1.23107234036997 1.24172732075461 1.23419399070334 1.24736160795069 1.24154949103381 1.23389057371094 1.25513117872923 1.24636006643606 1.24364499083986 1.23935640902233 1.25052070774778 1.23611379696357 1.23328167401313 1.25173310619834
1.35872005826835 1.32423655230167 1.29713941241356 1.3331373495317 1.24240451666969 1.25254019795546 1.25489755333913 1.26121187418112 1.34520098030434 1.31799099805736 1.27683859806134 1.29200753360393 1.30321074294402 0.31796585000874 0.453757307952878 Inf 5.67461350044269 1.33981345070198 1.32256688084891 1.31416851526734 1.29285946867661 1.36095061466643 1.35328184545933 1.3295674607865 1.3222436395483 1.35249450600189 1.36325204457618 1.36231267483836 1.3496626285574 1.35756465892373 1.35389644186783 1.31224442848201 1.32956527349057
0.0833733181887289 0.0833562770903339 0.0423865407487677 0.041931586339335 0.0498491640114882 0.0462154893597417 0.0480098365002548 0.0479026980433422 0.0464699652126338 0.0494772768822071 0.0437586063546047 0.0457142565059066 0.0448733910655182 0.0442675754313637 0.0808843263582021 Inf 0.16367866763443 0.0746084661739349 0.0783259023794688 0.0418509489935085 0.0440221335124411 0.0853124265802521 0.0842377557641069 0.0447014493331995 0.0447992964562041 0.0820404082454786 0.0537025410696721 0.0570450189197652 0.0441759489740282 0.0580277119571349 0.0861553114693634 0.0449503953908717 0.0559709720128306
3.84267327262095 3.82351715260681 3.83641187926752 3.84923446455052 3.8891766570794 3.87549792681976 3.87066234828358 3.88758255149479 3.82921968741256 3.84598159196921 3.83732921074777 3.82988478595957 3.84226991847623 0.12868957484338 0.170492103613105 Inf 6.9746056569829 3.83533248113907 3.84760956047679 3.83386447060836 3.83806523768702 3.835819355085 3.84574606045476 3.82691943817929 3.84102201941263 3.85116366402864 3.82682832766752 3.86585762147141 3.8395451765888 3.84621465412559 3.86337663932035 3.82040057198921 3.83033751822459
29.7705628379546 29.2299347352517 29.2467015122473 29.2465875487262 29.1872677713891 29.2232869385072 29.1997154597536 29.2089063476664 29.3893725081981 29.2756102345771 29.2881442385813 29.1321836942409 29.1113519173529 0.977737279016783 0.784258571201568 Inf 51.7901800206842 29.7880599021935 29.3079760656083 29.2436725541749 29.1858812122927 29.7701300186426 29.4936027485545 29.300169881701 29.2315255270705 29.7647558221284 29.7130015379092 29.2596362305547 29.6648086539539 29.832550720891 29.705020161283 29.4948433978177 29.4035952873066
19.855389235078 19.9359915703051 19.9266087039534 19.9256290790261 20.2244064136155 20.2052634879309 20.1512119475437 20.2424008693941 19.9006998956542 19.8410564924039 19.9226517593587 19.901324221601 20.0872263200429 0.241440742271642 0.216263309300649 Inf 28.9348297913023 21.7365784728145 19.8825617425682 19.9079826190316 19.8611709036104 21.3825026012056 19.8753115175627 19.8875232357338 19.9060368393437 19.9031126331873 21.6728331897764 19.8565909399279 19.8905359783655 21.8171184030717 21.7451506351068 19.8405172298012 19.90284182491
4.29902980913127 4.29049887217214 4.30754126382251 4.31654409078316 4.34147381203311 4.35563177941121 4.33713637896202 4.33956125383791 4.29354282382418 4.3093417100474 4.29491447622063 4.30862012099106 4.28693805142488 0.0858364803851892 0.0896274029611847 Inf 8.9635939712441 4.30666517895227 4.30513228813784 4.30624055361252 4.29300988603555 4.31311276650551 4.30461992399214 4.30784918927521 4.31467851021062 4.30513611262589 4.32178803328561 4.30868727262183 4.31706612600788 4.30157928833458 4.3243077896107 4.30788641819967 4.30972513297295
3.6466819549213 3.66587827421571 3.5520453303017 3.57830955924524 3.60972190632772 3.61559854635198 3.59952179959112 3.64935317721478 3.56304898928915 3.60541804905998 3.59981896235733 3.59415812644446 3.52777186873285 0.216280512307279 0.181037453203559 Inf 9.44671998067196 3.67942835722119 3.65129641785585 3.56574469905479 3.5890658209947 3.64402734764396 3.66759310762097 3.59171519974972 3.54688549488373 3.64248372148449 3.65020570359752 3.60594098596874 3.64976307305203 3.66877379141161 3.65259944310609 3.64515366411655 3.58135568584561
0.139697063671295 0.140580383985805 0.0772651445853896 0.0787485056381985 0.0566224338643083 0.0577412712556455 0.0607118266830427 0.0606311820211017 0.133968189506786 0.107623707732282 0.0906813251802127 0.0874320571541175 0.0953244512413564 0.0737133225520836 0.150194006250334 Inf 0.13894242786742 0.140332829307213 0.138242939856526 0.0667440025826907 0.073484820148625 0.139109034812057 0.139750104298706 0.0671746005871911 0.0733910736255482 0.140551395463876 0.122457392716319 0.116429168274263 0.139966005638742 0.140014510709357 0.136889823017913 0.0635029711507811 0.0855696428085797
5.66802495313192 5.6777116980368 5.70179026710676 5.68642063192534 5.70702654344906 5.75000942262316 5.74057208394592 5.69524751485352 5.69250784794345 5.65892954884329 5.70535123068482 5.65940819253014 5.72737935850971 0.636859235042341 0.674270163752989 Inf 11.3417667777709 5.6766001162179 5.66443288203618 5.6489522540492 5.66905166802052 5.67459961236092 5.70621586094132 5.6580504988064 5.72703641976091 5.69324469968552 5.65683310407819 5.68246801412661 5.70011752624829 5.66223957201701 5.68725731205005 5.66231549266971 5.72754062015771
0.197139500224612 0.195642133326328 0.197628594267363 0.195802562299831 0.25632545273234 0.246767247726891 0.25335397451858 0.236487650535779 0.198158878421289 0.200017099935135 0.20396428490015 0.197013917530676 0.198943478537678 0.160020169815207 0.240036508227307 Inf 2.10158555519428 0.191953858800214 0.196009413758157 0.19458925899129 0.198987247125731 0.19491363613301 0.196718073853393 0.196842761061389 0.196885732258565 0.195817673210773 0.195533671455121 0.196357857122502 0.195895544512824 0.192481522371674 0.196727023572399 0.196180938543488 0.198310117804662
0.536871916650495 0.522881306152437 0.465428465622861 0.435716486299568 0.371041330811038 0.392003774829814 0.389669714707823 0.379221629256099 0.51421428028142 0.499381852666887 0.437800782529929 0.440812996127831 0.416874247334635 0.297009142126557 0.163084200122886 Inf 1.51811757981643 0.527222909327682 0.532899911446223 0.432801671024659 0.414746751592587 0.526653969124641 0.524344753561919 0.451445484131996 0.439168275026131 0.524496466250245 0.52820470380611 0.507187677072755 0.501682686014595 0.522950064234472 0.526370905334573 0.493869693131095 0.509685512226451
5.51240279427109 5.48187764248978 5.47089085681157 5.52391726161674 5.52975207260452 5.657764882433 5.48424916261708 5.59973410877314 5.52720526232784 5.53313833948074 5.47533898231325 5.48708837739888 5.46665488319868 0.356684209814102 0.305698831795908 Inf 18.2546872993925 5.49202844062227 5.52256517316649 5.45617814251497 5.50479230291713 5.47793344018551 5.49137041591095 5.46220855612475 5.48954795186116 5.49722852177693 5.49714829752051 5.48348583106635 5.44050349924612 5.5025672730503 5.51468810279 5.50122118319417 5.44594138898723
0.361379631493044 0.351205724443044 0.358207910073358 0.34711601311692 0.378722810599987 0.373397274358786 0.370837706764526 0.377049205276891 0.345342325358955 0.352563429583654 0.354428183632979 0.364726593049242 0.363519388217306 0.151941988957608 0.144793848105936 Inf 1.86324348797178 0.353836558449746 0.347581115630036 0.354027106397358 0.35664765152185 0.364569158475187 0.350341600776679 0.35202928698675 0.361322248146025 0.347359268515447 0.351031367781206 0.356833887256133 0.353436417551558 0.346094708702194 0.355370743460014 0.351868435152618 0.356606138277506
3.15732786714737 3.15778172848737 3.15361750040873 3.14543116170426 3.09464223603444 3.10177804442488 3.09880442765155 3.0942050819675 3.15451576828302 3.13976829743303 3.14061712480384 3.14176028057958 3.1380326764865 0.246475013323301 0.336295060433916 Inf 3.79323700821132 3.14983915546453 3.14675833681013 3.13283658354605 3.14497086607452 3.15096958689324 3.15541043342354 3.14304096025194 3.14892761256874 3.14875088728616 3.14851287379908 3.16357760654463 3.14912984175009 3.15426875100172 3.15398981773446 3.1499357420939 3.15510984638976
0.201293501314013 0.201918788009523 0.177962312570691 0.177561630114987 0.186745440508795 0.189176904320363 0.190188344209418 0.185981014258266 0.180732658762396 0.188822215056179 0.172522555737166 0.169074017175535 0.176642854952168 0.0580350406897118 0.164491882287255 Inf 0.842113827854969 0.202230513419026 0.184752925268292 0.15901134185049 0.172095169575701 0.196004426080999 0.204162222416253 0.149331039165429 0.159716198885336 0.18683659697279 0.184572737750453 0.175447255162769 0.184415855178652 0.188771044008993 0.190545787048507 0.16156169882438 0.169056986874251
38.926466701635 38.9170466484375 38.8410941053715 38.8712812562563 39.2866820763399 39.296035633575 39.2207307283937 39.2526140538133 38.912509586683 38.9172539293056 38.9634541755244 38.9317767339309 38.9093410964681 0.20948258997456 0.244674457522575 Inf 62.3807884547149 38.8811141729598 38.891584553515 38.89955282739 38.91473834081 38.9216358050214 38.8807861031913 38.9385956204559 38.9072021849821 38.9988970634353 38.8594446940355 38.8834048892169 38.8458383409394 38.8397771148896 38.8643486317193 38.9285456327533 38.8801683864187
17.7237589881765 17.3480884257207 17.4081469548836 17.3741987637536 16.8789978693969 16.9599703041884 16.8644208451273 16.9490122693749 17.4320852661892 17.3471839683071 17.3753268585645 17.4101775809647 17.3925490285684 0.505427688471922 0.379773377049841 Inf 18.534882977034 17.7181030544639 17.4339068084459 17.4004538571119 17.3607149632454 17.735834983968 17.3892639658728 17.3557802108805 17.4081176122419 17.7128039469253 17.7045582333383 17.3444045813866 17.4029151229297 17.7064891316058 17.7133443041721 17.4927712732264 17.3870935084454
0.465845167801167 0.468706616117254 0.335138963012119 0.352048351523506 0.291264219915828 0.286541524424724 0.285536050455263 0.293938960190211 0.412884554688091 0.315962541151709 0.369323039967458 0.369640882123116 0.361176772291119 0.0974757974473187 0.104525308055264 Inf 1.31078229658461 0.460564645186903 0.464495173912355 0.303473473977902 0.338586916065032 0.46778483855536 0.416351933850278 0.269345335155156 0.368402552038357 0.468774967066085 0.469996690562071 0.444894252372287 0.431125676122266 0.472269210999763 0.465737239090387 0.364605287349178 0.377604037482588
38.0495346634524 38.0749270396108 38.1065910047814 38.0960421649652 37.7520721654361 37.8404902393852 37.785598066476 37.8698950341338 38.0691832554934 38.1137538883482 38.1429427670883 38.141687954608 38.0815292156054 0.565118348348053 0.516291724432621 Inf 41.05324166217 38.1454590874857 38.1303332566509 38.1115119757243 38.1220222592881 38.1116768252478 38.1667501230833 38.1584506065927 38.1308408956398 38.129410087803 38.1381484700662 38.1310158917995 38.1207590077747 38.1342906116567 38.1574041091562 38.1636936647145 38.1505866182476
0.227681730594428 0.227464096508762 0.078700537637538 0.0821002379484698 0.0697726854587079 0.0747562468722475 0.0722542445223443 0.0682847159703421 0.13605336489745 0.179719704776738 0.0891999790059717 0.0861210513312141 0.0811438649958307 0.0830640637915112 0.131947534625545 Inf 0.256295443850078 0.225880231551497 0.0822198989575254 0.0714571328364724 0.0703783389616982 0.230465037056997 0.225890322944818 0.0673733310098058 0.102712065392582 0.200784011113539 0.16920674910461 0.110129999349768 0.217037785684048 0.226724406159081 0.229398346861528 0.0881699296036774 0.152193860597321
31.4282398144522 31.374423304451 31.3592540692534 31.3171753209096 31.8340503649512 31.7596238393642 31.7446566636654 31.7146589170859 31.3609422985126 31.4666473982947 31.3351779095444 31.5050150609285 31.373272256343 0.45922442362641 0.516827385497527 Inf 53.1635894713058 31.3133030989831 31.3097601323572 31.3858824057539 31.3205082655391 31.4287759828689 31.3528646275797 31.3913270385978 31.4460232789717 31.2996940217985 31.3846842611337 31.3845658979353 31.3945666179893 31.3110599102672 31.3464246732718 31.3737444149917 31.3867274071792
3.0588684097049 3.02416973746257 3.03384493943391 3.02367478722793 2.98851416075695 2.98397404777485 2.97444572408144 2.96363364488569 3.03469366319709 3.01305758974172 3.02126615408131 3.03495143578425 3.01937160245386 0.176334883791252 0.160423624411137 Inf 7.06155975736058 3.04663844425435 3.04760952549068 3.0069721050334 3.02906138573605 3.05343713175048 3.01443260027456 3.04809181380596 3.0189819598555 3.05216960231434 3.06791979527483 3.03748569101484 3.03994437516607 3.05935098108797 3.03884697151341 3.02546198719202 3.03294549737649
0.0650961407351872 0.068338537437944 0.0678011505363257 0.0703063533955205 0.0751922500285315 0.0734427378474726 0.0753073477470642 0.0720443986117241 0.0645872579177511 0.0712031217435994 0.0683534935857605 0.0693154205253657 0.0707423311943746 0.0596432757244923 0.112631080492119 Inf 0.477638171636047 0.0667419136117998 0.0670015777155101 0.0673943151949895 0.0690620788978106 0.070072556426921 0.0676412442080364 0.0657184161878788 0.0679717664506136 0.0701598084166747 0.0695150306646904 0.068952752916701 0.0687504693436094 0.0684064678976878 0.0689851250008173 0.0607886463751401 0.0672655859285816
6.47927694177701 6.47269738996488 6.47802311014684 6.47813852314072 6.49346554176807 6.52246546090614 6.49741720780487 6.49537449838118 6.48441210982117 6.47064555698733 6.47761591760107 6.47997337069153 6.4802752472082 0.544338863569668 0.582050510436209 Inf 7.073609754083 6.47772088810789 6.4743848405832 6.48475970593716 6.4717696041543 6.47527334751983 6.47307833310103 6.47948799276735 6.47803402597912 6.5621419493485 6.6488232036195 6.49271223295887 6.47939558781416 6.47988472781607 6.51083933229007 6.47600561150237 6.47435548254476
3.24645523420178 3.24956631015112 3.23874815888397 3.23389006371598 3.23929391574369 3.259745744437 3.25191433195127 3.24400355641325 3.23636161180913 3.25283569225918 3.22146955708288 3.22281229763698 3.23999049363458 0.235137374148977 0.301013462704723 Inf 8.64397880569874 3.22650916517206 3.27375318693858 3.23108664625298 3.2333442629649 3.23150764624241 3.25806507782662 3.22473895410245 3.22311020213069 3.24402042464784 3.24716895323817 3.25178658551852 3.24859542761825 3.25527507318798 3.23497494546162 3.25132997053569 3.22371652427932
1.82382419006631 1.81335371793727 1.81034680873368 1.82033323469788 1.64366579826756 1.62601712347283 1.65244773518398 1.66031050214839 1.82487401402561 1.81479856047158 1.81619373038324 1.80332794296108 1.82168979916113 1.46268044497826 0.301911841203121 Inf 2.48820533902323 1.8209697815332 1.83166487411076 1.81560994270363 1.81118232127407 1.80845906257286 1.83473899552242 1.82246878771166 1.81720078428136 1.81683432428546 1.82201148317 1.82727956955135 1.82148198329551 1.81142658295565 1.81733038613503 1.82010604364556 1.83389743628566
0.216460549346861 0.234904316600027 0.230013356862184 0.250301703981177 0.211196512692566 0.210435266153708 0.206445049030259 0.206213653294099 0.229845225733171 0.223419606713618 0.228357415806372 0.241360837506804 0.231495222633665 0.114092402395915 0.0818845285372586 Inf 0.697548748981827 0.236825595844062 0.233394268001022 0.231640720294344 0.23158158421904 0.25681507570004 0.223670921520626 0.230092557712946 0.24787257899813 0.242125254488713 0.235726220688496 0.228500130154517 0.229143504254596 0.242206310480918 0.230001639663202 0.23582617217735 0.24185775111695
8.23067975783281 7.53699420587696 7.60365848208313 7.5860830585027 7.48123253851568 7.53346851529067 7.54010212883394 7.51929809652416 7.68760961723308 7.50348108737852 7.55421460929261 7.54283572652027 7.57443905708519 0.348404405236633 0.302597782736614 Inf 16.7768880968326 8.16184906105117 7.69775723728834 7.501562378501 7.51763445372115 8.20222753086652 8.10859793122432 7.5390273046757 7.52167595891454 8.25831137752705 8.22414217204554 7.55354212367193 7.6114264016408 8.17258470668753 8.20760367790457 7.79008994298907 7.59672283756039
39.847554055197 39.9029989516758 39.8879931016798 39.8922826233092 39.9960670906119 39.9887569555507 39.9607263058073 40.0248831033314 39.799810768872 39.9255767317793 39.8839473892775 39.873462238672 39.8998921036674 1.19809691924026 0.81874732002557 Inf 47.1460697435614 39.8729082536454 39.9405150517883 39.8895887149882 39.9119807831463 39.8616585897104 39.8530360697067 39.9142709655273 39.9049706372526 39.9213335117182 39.9098970039535 39.8782327055972 39.9195494815106 39.893395854718 39.8681395063747 39.8839115733913 39.8579087743699
6.7026874007879 6.71324164703192 6.69325270199109 6.71960732093304 6.73500182731873 6.73390044315996 6.75826666867933 6.72013908308972 6.69949675955409 6.73404148279218 6.7194248389385 6.69117633593738 6.70136981510849 0.248153149019389 0.34010707274002 Inf 12.56613718674 6.69277392425311 6.72168367324844 6.70295053344166 6.70447912862802 6.71481993530672 6.70387908863203 6.70346038352578 6.71645887662692 6.72231395275941 6.71307714725616 6.71099382472872 6.72262575476632 6.73665996979588 6.6879794033585 6.70569607907927 6.73021451113874
31.6629103794795 31.7289473346071 31.7515625877443 31.7300085516163 31.9553404781738 31.8696510930189 31.8989817770219 31.8475288080058 31.7182888389224 31.7478285029379 31.6832243871842 31.6916437081448 31.7574402352368 0.656832608297619 0.702018666113947 Inf 41.3172686453488 31.7162171485615 31.7041205561974 31.7396694970532 31.7429309827693 31.7140059705392 31.6249047968616 31.704150492211 31.7318405247008 31.7085776279218 31.7336880826418 31.7167377727548 31.7039012440061 31.700207499495 31.7071869839652 31.7170424522498 31.6596666518621
0.739891562819482 0.660429303830582 0.660654724618985 0.64781591520955 0.708433252470879 0.700947165056273 0.695669444829995 0.701437977607226 0.67196665084274 0.654602518580553 0.653333226380473 0.648225753238749 0.667005254019241 0.182388214438891 0.148593673748327 Inf 3.43631275421286 0.740806582165373 0.726967915506775 0.651676231915316 0.657473981269914 0.740538634324311 0.661600472687873 0.704534856866514 0.663424805871675 0.734528764117486 0.734371060554559 0.732865723795522 0.703635249333546 0.73588560824104 0.735819936245651 0.732608884210537 0.663982993091076
1.6780152720715 1.66535725279285 1.67140321931618 1.67086352374863 1.70957705219615 1.70287646237539 1.71835224136076 1.70920816276962 1.6730652902666 1.68229666603868 1.66104706081346 1.66999727930315 1.66715864195427 0.0828211064605817 0.0759461401192207 Inf 5.77409022851633 1.67776909236417 1.67108228803456 1.67301164250336 1.67230125449917 1.67754157807187 1.6750832312307 1.66307890766209 1.66692618332479 1.67307344178311 1.67702113104775 1.67873131599515 1.67225986819668 1.67265949732731 1.68040985704268 1.65885217089298 1.66619636162387
91.8450064675436 91.8795900665859 91.8116330092651 91.8005541913116 92.0465530211612 91.9785783985664 92.0124751033044 91.9781072033829 91.83345204211 91.8734543827337 91.8469300596668 91.8611442391571 91.8420061019209 0.937712784295048 0.692081961367399 Inf 103.451624804717 91.7912974086375 91.783995889022 91.8514043012474 91.8664709237143 91.8402705401397 91.8191335139466 91.7554753934954 91.8420772463201 91.817153141658 91.8226304472426 91.8698302002213 91.7751518128977 91.8147226167022 91.8220213071424 91.8503346760597 91.8137009931254
34.066406880943 33.9087158903411 33.8146551254203 33.7542358093044 34.0969720380284 34.0562148684967 34.0444243879448 33.8079075528891 33.8391712456616 33.8358122180552 33.7785616440571 33.9322224263399 33.8822210940001 0.229631291349464 0.225991786653646 Inf 56.8329716628574 33.9381400352984 34.1046133455056 33.6955357150888 33.7739667090335 33.9793955480968 34.0528838025393 33.7777480455094 33.6180190389102 34.0824001487933 33.9588824855554 34.0112033836784 33.98362916757 34.032347285804 33.9903738960637 34.1309105455784 33.8453419300544
7.74078008500876 7.70510128862076 7.7882754182559 7.69731574993533 7.91915648170888 7.83187110841601 7.95871212144748 7.88596397734247 7.73969763659364 7.7238732332554 7.67322619122365 7.68813935994301 7.69610278070984 0.236269631896997 0.197327295868072 Inf 25.633530657044 7.71942003950642 7.7189907072736 7.70878810036547 7.71868922844982 7.75957344049804 7.69067819585549 7.71698722787175 7.70147064799661 7.72303730555591 7.75758668761089 7.69017549757555 7.71817795156372 7.7097988063816 7.76973555662856 7.7241449325189 7.67820339366987
7.56767562778376 7.57651200496538 7.48347677048251 7.56449860015417 7.58769822506399 7.63053866541557 7.51005157008219 7.54657593231247 7.57017492294433 7.54630156314374 7.50738374931099 7.57120204840477 7.54481489146234 0.691717076707112 0.755885724621253 Inf 12.5263556772371 7.57790949884621 7.5485062204016 7.50142915361352 7.55556167815188 7.50917570513143 7.52186279486724 7.50301971533388 7.49229047153462 7.51885468193692 7.50402613042409 7.55002847453731 7.54374905027005 7.49374759121628 7.49964194605674 7.49633086245891 7.51834762864424
1.89148413673933 1.87456905998042 1.84939437350976 1.86322732387315 1.77171690344653 1.77904594512435 1.76611209003097 1.75889942215783 1.85702076217924 1.84574352343346 1.85828402458518 1.8501165748454 1.8491542449745 0.0827900117659944 0.170915343329998 Inf 5.45901058579708 1.90128449135701 1.88279624810825 1.85145149601166 1.84057774274525 1.88915989004906 1.87981741361005 1.86532211018184 1.84190511895591 1.87277405791438 1.89770743916909 1.87079452113314 1.85138635469672 1.89130902646289 1.8809004034192 1.8893305736607 1.86579428900423
0.168462814783376 0.156651099480153 0.156167603931485 0.156026546582059 0.15153538192918 0.156797399885244 0.160139113211844 0.155118601197636 0.159874000638669 0.157166976175618 0.15538945389678 0.150956826849583 0.16648619864064 0.175376690721722 0.187803253492228 Inf 0.200967850037671 0.155244828814034 0.159730068924203 0.144742854863453 0.151166730582801 0.155217406317043 0.165008641743126 0.166636351163028 0.14878889024586 0.161702226260172 0.160039622008233 0.160533901861517 0.158337043223973 0.162345332757052 0.15979988078868 0.154534211685478 0.157168270282811
1.0459320147038 0.980186944702312 0.977390843824367 0.973852297471452 0.899934732924219 0.895245120123781 0.894410250579788 0.895099664160816 0.995789409477116 0.942769595250682 0.958672174275914 0.948507461447645 0.962429523244257 0.205894264976317 0.299626136985887 Inf 2.32648823554802 1.03734712533697 1.05822514745138 0.977293578240061 0.942924459426768 2.25430127431162 1.03985762914438 0.97667012953295 1.00141469128963 2.25150808843895 1.04430667653916 1.00812858238317 1.00787948916219 1.04165543435929 1.0500139926946 1.03067758089605 1.00481412985827
0.363880388381138 0.360995113049407 0.360640024536032 0.365594931326572 0.391642085040683 0.401696267069296 0.407924941645639 0.406280854157459 0.346984600345257 0.3627075036929 0.365760722706159 0.358524307322025 0.363210594545971 0.0986058211291246 0.0803472717046386 Inf 1.80308291376155 0.368481484253458 0.370936427203788 0.365343543020186 0.36883849235795 0.365806562436841 0.369158270175605 0.370237878371021 0.367192154337453 0.369866296745112 0.355033850972114 0.362655627465322 0.366093887516353 0.361196053368131 0.352311670248946 0.363109495577194 0.3611839798868
0.0992015604543285 0.104456992396298 0.0466891660981564 0.0470222689201151 0.0463631178929719 0.0466916121494512 0.0446690165166128 0.0443669019485796 0.0480802509082068 0.103134983217869 0.0459982063198591 0.0451642569321936 0.0527490731353098 0.044542273228699 0.0494161925786847 Inf 0.118326767759946 0.105359153214895 0.105349661801512 0.0456167786141221 0.0452837485318582 0.104192315827411 0.102857499438084 0.0444900236064866 0.042158923824609 0.0957793620749898 0.108773103867487 0.0467420876700198 0.0516872861271344 0.110358681540459 0.10481050007273 0.0574412243176687 0.0438600025495044
6.68714746804865 6.71389269784908 6.63962132618282 6.68094414545256 6.81883095236159 6.8064460133437 6.78003570914382 6.78410546729861 6.65103777303254 6.69695523128014 6.71145442699914 6.70028149218846 6.70744640396158 0.214235268110466 0.244041172032761 Inf 19.1530005581342 6.73681766428953 6.70114405452364 6.68400882663822 6.70727183503753 6.66159741996329 6.64534866016042 6.71301545281887 6.6891132540544 6.67430242202312 6.68579667617018 6.68364790864978 6.68101167239561 6.71525896150533 6.69119840170311 6.68861840936332 6.6769417880539
0.208903285029346 0.208442668161104 0.206522470076769 0.210502395559377 0.231534301096032 0.232654183512535 0.233014387129435 0.232932029466758 0.213862811506613 0.200782650209871 0.205165576012354 0.206412989694127 0.206981008824506 0.155793261341855 0.353886811107122 Inf 1.69341276077015 0.208903116690849 0.20901051818629 0.212711107377671 0.206862862314221 0.207743306221655 0.204861549016826 0.207763442672477 0.212320695082835 0.21188078882388 0.211210266962691 0.211034269773596 0.21091906273781 0.208994002104239 0.204568446022196 0.205247919205287 0.208365456202935
34.1265308130229 34.1593763862392 34.1405212606963 34.1636345337136 34.2811230275233 34.2330423511323 34.231591165411 34.2372613074954 41.3168095085962 34.1505388183909 34.1256563527747 41.3154665564646 34.104888917325 0.531633882456151 0.563090396496396 Inf 41.0587636904714 34.1750420376237 34.1049596346641 34.1736327886876 41.3335743443045 34.1471318069833 34.1655973057714 34.1641185813821 34.1672642431654 34.1305977037313 34.1348886316074 34.1352551668069 34.1330061721816 34.1192507360187 34.1484274723359 41.3232830264447 34.1332500433198
0.530310703042562 0.263153483048379 0.238226869510607 0.230371553399728 0.255599765488851 0.239445060498408 0.244170596327691 0.236058363113842 0.355548800667916 0.252619617563485 0.234349888943411 0.229305290312138 0.292397348298919 0.088463803555632 0.161020430328304 Inf 0.845432612629734 0.529131727014094 0.245212439644309 0.23341888082662 0.228861008508402 0.529825073357474 0.337827349741859 0.322069417463219 0.230112378875183 0.531854009742109 0.531000935275336 0.476903167315887 0.512500220626839 0.528637475104191 0.281993376586209 0.227940689884457 0.250463691570909
0.358750608083751 0.385783241495038 0.415041626691312 0.415912873771867 0.280277214660639 0.283546085472167 0.27711655551581 0.282693860874871 0.424372973896905 0.385170248462791 0.399707041325823 0.406197307220319 0.409901372628104 0.259084530776172 0.177707318795321 Inf 0.533437993189011 0.433941841992988 0.391547736499552 0.409290652444308 0.407278569887637 0.463918173582077 0.355101562002008 0.399128821574795 0.433351699034837 0.422710525641291 0.402682622588572 0.422604037466232 0.419290797296114 0.585075060372485 0.45135072122315 0.40353265600893 0.420206545635398
76.4392324009555 76.4601226920876 76.5442140373461 76.6125723589755 76.634280156387 76.666466301088 76.6435472801847 76.5888777565342 76.4751193963314 76.5277660350471 76.5212444499584 76.5004992496806 76.5852152961456 0.359947363918152 0.314985217621326 Inf 95.5310639341956 76.6123997094093 76.4920562486763 76.4643217642775 76.4300661150715 76.605499350573 76.6070904780301 76.4767523642726 76.4507422586511 76.362650590516 76.3806950445575 76.5415889501986 76.3691974274883 76.3836353908208 76.4197610156588 76.5331806115673 76.4794902844417
0.408683502506999 0.231817946388876 0.232207070868048 0.228573602746781 0.246873284446688 0.24030339350882 0.239623046530548 0.235048082234802 0.22775628447215 0.228607300852309 0.236038670318682 0.225826382799416 0.22668664204615 0.122414650733182 0.272469246543289 Inf 0.856631780153103 0.407574193056384 0.227439877759251 0.224050802951979 0.230873741230824 0.229373352630205 0.228524108342313 0.219483682360198 0.224646861984592 0.415320837446824 0.229276156404042 0.223014338888187 0.227016094544301 0.23004344888908 0.228781285744732 0.227275143451654 0.231012859476839
5.05496301537738 5.02258556111659 5.04154764148126 5.01385105221667 5.02680955381875 4.98988163650091 5.02840599206009 4.98269128941014 5.05499545550098 5.03296314074323 4.93198928622573 5.01300796250616 4.98884984134696 0.163314055393058 0.121030449138412 Inf 11.7990330951543 5.0420780986938 5.05495661314935 5.03384824101138 5.04418915132587 5.02604609750436 5.0531153446136 5.04633401365332 5.06663023253331 5.03467915515162 5.04113682545215 5.03295727395658 5.06858572705284 5.04714902687234 5.05911340275954 5.06616537313043 5.0106923825938
1.69622030350799 0.943355114170204 0.829300359139151 1.25243893101532 0.880882572054615 0.857994309176819 0.868536212233434 0.856310206244976 0.978700018189315 1.09509373258352 1.16149264840361 1.2477715017697 1.70598147345362 0.140394627150215 0.143950501885871 Inf 2.32682737065284 1.69738013580589 1.68551030095756 1.08275097673632 1.24162545157191 1.68974570909939 0.804269536681095 1.60543223949091 1.68785746149475 1.68317992857663 1.68944293774701 1.693498977259 1.69860964401589 1.69382257407934 1.69791822040945 1.69119024943775 1.69616918009066
1.85642458895627 1.88037642083844 1.8824744112956 1.93058345882689 1.80509511433421 1.80613765001567 1.79510518592479 1.80248298306255 1.92674796279991 1.93767914432905 1.894764648746 1.89308441133399 1.92113033672206 0.173110620094971 0.171953225992083 Inf 3.35507888770196 1.92572109672235 1.89588850609933 1.87033319888841 1.87861022994266 1.95015288942912 1.85009819441163 1.85708483993761 1.8936404051187 1.9380917527775 1.92330361470027 1.88383560187654 1.91741241661473 1.92613695137594 1.94078690091532 1.89815946203919 1.92084334856099
0.181831030755639 0.182200325402192 0.174990833380124 0.180734420814659 0.158490377080654 0.170669808991079 0.164097724330991 0.156093140098606 0.179851013398462 0.179486314438667 0.178493320222761 0.175063353614138 0.177788515582193 0.141978620369601 0.12830101437348 Inf 0.314272282912403 0.184571296168779 0.182084644705639 0.155136121697694 0.164661553631218 0.179408939962585 0.180500648177361 0.170174402806009 0.171221424143774 0.184537359151507 0.178793193942446 0.180070467535493 0.179607184299258 0.189133242846205 0.182598285076177 0.177758722392292 0.179285715768317
3.5033732105401 3.50178845569838 3.49271269144542 3.49080095251718 3.54801604708545 3.5462622258505 3.55578792060169 3.52717912953964 3.4916829235903 3.49899567903381 3.48547010312823 3.49700890922526 3.49570731890564 0.128699883018283 0.121107594588143 Inf 6.90573352714657 3.49482282453561 3.49922304703523 3.50689398147509 3.50996645839375 3.48382919340617 3.49074755265682 3.49281137153854 3.51369180656593 3.50707090276709 3.49557769892465 3.50177433835669 3.49865709295613 3.49349843457082 3.48475670475498 3.50000811243484 3.51017064079935
67.1707021121096 67.188076045229 67.2174377476894 67.1790916330231 67.238093014407 67.2420570920683 67.2870438380133 67.2591153691384 67.1874598137739 67.1658087029417 67.1918942346029 67.17059772657 67.1876306145049 2.13323950337306 1.33228110039033 Inf 75.4114930645146 67.172499913677 67.1745432862841 67.1916114138525 67.1960538329282 67.1765512175183 67.1107718294767 67.1674245399436 67.1854762636274 67.185710871083 67.1796993352291 67.166341451404 67.1787485129466 67.1788024573451 68.6618417104542 67.1868112900798 67.1723542747795
11.7221318882058 11.7301110275712 11.7124535868786 11.7321761223361 11.7500193427745 11.7339010051102 11.7492096407481 11.7075593037553 11.7080611906226 11.7591802250842 11.7234703082774 11.7215366256408 11.7350885488209 0.138989762186656 0.158222165704943 Inf 14.8474140624945 11.707763124758 11.7450052440634 11.7289963725579 11.7155353290615 11.707256441043 11.7273872425676 11.7278791273991 11.7360229250573 11.7491491636968 11.7013221178836 11.7144590435307 11.7288419013568 11.7070297952006 11.720299667464 11.7099422280106 11.7331242943473
1.06835423321353 1.05162050636805 1.05867295723317 1.07051080989931 1.06815864474948 1.08226298976914 1.08379562987609 1.08761157276229 1.06143477022429 1.05144986829517 1.06598972301367 1.06311321653956 1.06710396336784 0.378391427472193 0.308904061648196 Inf 6.48842886086115 1.07410497592171 1.0678394658044 1.04400176539827 1.0507380008603 1.06233507454347 1.06907998652501 1.04929021849087 1.05310500956396 1.05384917345194 1.07733768263127 1.05013875375493 1.05271899947359 1.05914744387412 1.06052625600896 1.07158358676681 1.07435317510899
19.1135057863136 19.0206102510525 19.0712345308057 19.1479262373864 19.2548631466817 19.340025025574 19.3204632384898 19.3323917405055 19.0846931088952 19.085679053138 19.0400808804513 19.0881014721121 19.0959422968368 1.07827344410842 1.38142414103721 Inf 32.7583176701668 19.1415844252617 19.0688403248372 19.1180123723836 19.0953794192202 19.0981006354574 19.1638752398989 19.0984267426853 19.1231431954321 19.1422670331131 19.0787626142426 19.0438225240877 19.0525427193946 19.0607980499963 19.1732842233792 19.059978031219 19.124217368086
0.208533155304094 0.209441765367243 0.2031499552308 0.193683899232685 0.183240419960634 0.188389036345117 0.180253814259281 0.175691614708673 0.203854249005937 0.204426039032993 0.200975369254506 0.206418239262133 0.201450348762942 0.179096139757762 0.182167987314338 Inf 0.293535893369875 0.203609584013239 0.204953653723279 0.172829845085338 0.182788021664429 0.206501389390569 0.205397267366588 0.173131747669303 0.183183330443518 0.20457792194977 0.206194407699491 0.196052438923522 0.206381989624633 0.206286724912617 0.203929372550625 0.206594189339952 0.202930704131507
0.683841738903356 0.678491100952829 0.678239107811061 0.686786531732428 0.697229908561828 0.707603926145242 0.708682316518175 0.702150532877609 0.687647167611022 0.681258115617613 0.693248026102827 0.683452990157305 0.667660717026134 0.0612393656230432 0.0545032696204935 Inf 3.71668408472304 0.675152992717446 0.680581520443995 0.676905123738482 0.68418224192628 0.671218876625326 0.677271755140485 0.677954192874468 0.68513109883427 0.68205604880718 0.681716885247203 0.668362090002157 0.684710575225666 0.691785875439679 0.693770099157682 0.67372450398848 0.682354384839358
3.0998362742306 3.07646324830092 3.1461526926011 3.14028222608974 2.9628541317045 2.96923895649161 2.96384738183756 2.93701162932637 3.10959789650976 3.10723032075455 3.12361600352904 3.11016148977684 3.13462235265089 0.30518874071858 0.304640036191177 Inf 7.96790890115822 3.12481326228371 3.13971181511066 3.12923788236718 3.11368393204163 3.15181633787176 3.14078026139853 3.13001892914236 3.10504068902731 3.09477729679769 3.15523343308574 3.09935678324482 3.12613307191174 3.10571857694069 3.14845135248571 3.1600440565573 3.17389364745114
11.3436352840978 9.21012684938776 9.23273664230066 11.3420990529591 9.23777035562022 9.25833504252095 9.24843062273773 9.23852002380312 11.3421069970572 9.23545759747345 9.23369245621432 9.2332826762406 9.23383891854098 0.105402659155376 0.108816448435601 Inf 11.2590702935009 11.3442581277697 11.3438699098635 9.22637363782674 11.342032794271 11.3474319816783 9.23147490005199 9.22700556384067 11.3431283946858 9.23339169666202 11.3445038275163 11.3435456853338 9.22923897842201 11.3409781977639 11.3460352789184 9.23981740668357 11.3474955175683
1.05340059778714 0.541734135930321 0.535863546115396 0.53775046460982 0.535621601011288 0.549005212080435 0.551336456797932 0.546128223405988 0.562746858576942 0.594513576135133 0.557828956531554 0.544970545816454 0.538174045696514 0.176077828215974 0.174777340313831 Inf 1.49319433568457 1.05167826655041 0.538347178308814 0.533853809379227 0.533556166707824 0.548590234278491 0.540891486359415 0.530857299304947 0.557320830578289 1.05009341360567 1.04762277957621 0.537591549062677 0.533321586545721 1.04115883620802 1.04447015228697 0.542221219251899 0.69411921081677
0.0826993116998307 0.0807954382505383 0.081110680400602 0.078089174447561 0.0898623498382361 0.0890859295870577 0.0875581635394102 0.0850308748115315 0.0830765229644705 0.0823128448687785 0.0790338662973977 0.0794172813645837 0.0774892216431457 0.0830473471505898 0.0807891239908481 Inf 0.119806421954231 0.0813217829762066 0.0808546100537767 0.078202299038105 0.0766780675585462 0.0805539869556275 0.0814350170036527 0.0795802010931688 0.0797840052553981 0.0774693145572938 0.0806224831582067 0.0792429907031835 0.080853735295554 0.0814899034656624 0.0827332913708282 0.081325716889425 0.082536145976557
0.974905377793151 0.97018840715378 0.949413170386611 0.976242501285035 1.10324845497863 1.09833232720436 1.09891034006165 1.06387689572627 0.954308878830532 0.970260134744938 0.969789216267136 0.972106052632864 0.965164439727054 0.216311221420306 0.195687272871885 Inf 3.34581253001619 0.963365653072276 0.975077068124999 0.995523545341107 0.975687035544097 0.947045190356848 0.951398821768798 1.00519805039191 0.979881315729384 0.974598594173132 0.961403731851203 0.957007594481841 0.959653212425154 0.97808754456915 0.968406412373065 0.964279855461719 0.973388332228092
0.439902509777643 0.431895928728945 0.420773074037101 0.417694647536768 0.460427341802167 0.470050694734391 0.469916715808554 0.450123631551656 0.42699361205942 0.422296512398687 0.420740829322379 0.42615358134762 0.443304934304569 0.173309196947488 0.161174757277071 Inf 1.40330321115116 0.436850166612233 0.426188817176066 0.425770739422317 0.428975451029513 0.437150202664546 0.444876678270037 0.431686033324256 0.427677426725883 0.444730995853981 0.424897268665238 0.445511550959192 0.43334199867811 0.430381774157204 0.439523973665603 0.444170198747573 0.426947830693627
4.57546042438046 4.56869728151325 4.56934994245924 4.57475158507225 4.58701748484459 4.57739348742893 4.57833808977379 4.55327219464523 4.5700921435249 4.58089272620366 4.57870878677388 4.58121862758008 4.56384923475421 0.411947521674642 0.585456751380734 Inf 8.97689988719681 4.56723744388703 4.56447097171678 4.57342348072051 4.57369358342987 4.57743051569509 4.57075271201802 4.57534075302672 4.5618623678988 4.58467571416211 4.57114862565954 4.57669932758639 4.56534410930796 4.57923033453312 4.55697592776006 4.5619359495515 4.5928584416313
1.97675176292106 1.98367698959813 1.96760844048596 1.98998730721151 2.04245886835596 2.03721360436773 2.02542091998734 2.02441645612358 1.96384717054244 1.97023104515644 1.98173362581059 1.96228184399907 1.96845264197055 0.140821353237207 0.133749034636807 Inf 5.93143386959261 1.96722561745901 1.96224309607074 1.95576754623304 1.97757405587915 1.97331812011332 1.97158254740713 1.97432779113603 1.97852270901911 1.96220804348302 1.98285897413033 1.95883708333481 1.96373116168121 1.97065307725485 1.96735941406427 1.96381183415497 1.95916503489107
0.447165185948945 0.363301508234461 0.337742272216761 0.28456617940872 0.295568000157815 0.291776785470295 0.288815837278227 0.292822100354921 0.333095287675132 0.307102158991879 0.305129027606641 0.290695226027015 0.315660065518744 0.138855401649803 0.0952824038939824 Inf 1.05932088958382 0.446510569739583 0.444783307208099 0.287275194095585 0.278890342734399 0.445963277080722 0.441554956288449 0.27137083581672 0.307431184860827 0.44226596279425 0.441522111255168 0.298288604732246 0.293252584132099 0.443133557027403 0.441769878132417 0.276497807593135 0.339796828027378
2.58847091513872 2.55877386541394 2.56996016381541 2.57952289386688 2.65430521504915 2.63589133389637 2.608848685599 2.63200743745896 2.57544249714537 2.57023482664664 2.56149357439694 2.57951466333407 2.56100263256681 0.506120730749203 0.526827685960241 Inf 11.1551621967872 2.54563891788393 2.58823095689065 2.54546721780979 2.560256848014 2.59088321120816 2.56212558674021 2.56849161400839 2.56756760278199 2.57881975619636 2.58370111652609 2.56190835254644 2.551205343616 2.57455750849424 2.54428353116422 2.5802469443077 2.55898260450143
0.52689640730136 0.526925144816054 0.528230345251506 0.523561907763913 0.572639645581907 0.57056126749442 0.565629827245537 0.564351694810188 0.528624281462518 0.530684322865745 0.528235410868725 0.53868121125626 0.528679847229539 0.544691888663838 0.545726265878769 Inf 0.715875066129078 0.527532966425137 0.529270008774265 0.534135187896682 0.532535198354269 0.526893255761666 0.528419626239292 0.531106661902465 0.527582789341293 0.520903827185934 0.526448237258289 0.524911451148224 0.530491780906175 0.523117679073711 0.531456907158507 0.527384391615832 0.527137663736895
18.8543744977208 18.8696361910434 18.8224846899959 18.8217465536164 18.765691903336 18.7318405633036 18.7394119172001 18.7419072887949 18.8471004285743 18.828003055071 18.7865053608759 18.8246571415152 18.8160192954977 0.377758569373801 0.156951461082084 Inf 21.7043454957472 18.8714890242854 18.8471816679109 18.799583688413 18.8307891509486 18.866789043571 18.8617524189164 18.7695691561826 18.8357993423776 18.8611510444287 18.8638384821927 18.8273836538005 18.8374308646413 18.8698961029047 18.8527221417177 18.8373566203056 18.8416278517714
0.064810763339793 0.335642964529473 0.0678987503180519 0.0693748229155762 0.0820364235261582 0.0871839604717581 0.0846942950392335 0.0790481168365779 0.0695947010319293 0.0656248558808253 0.0683417178972554 0.0714126107230613 0.0717364349324967 0.0380330965612959 0.112791263618889 Inf 0.727539943059535 0.130128054528244 0.0722714669799927 0.0655077266008576 0.0678246261795032 0.331706366034451 0.0643818152310969 0.0651531278944083 0.0668863961412128 0.123721003720408 0.0657887700478061 0.0633033194262377 0.0670277540764983 0.0690230918334347 0.0709692003903189 0.0767604877692112 0.0728491059250386
0.0561067887569439 0.0585170115286922 0.0571276351293937 0.0596419930741989 0.0723187837174209 0.0744951927299307 0.0725864041974715 0.0695446423358872 0.059244313283291 0.0537347905470542 0.0564379184121313 0.0561563390039887 0.0542623723774814 0.0257157331630365 0.0295834184818822 Inf 0.556934095483056 0.0555985605695537 0.0596037608384908 0.0588169427400008 0.055596674665084 0.0591846829038183 0.0584970695336153 0.0576871405223586 0.0571032782992149 0.0556888445801618 0.0598312419512828 0.0574494939336467 0.0575612674955177 0.0552940273393512 0.0564294395785828 0.0574910406921764 0.0593989233386571
0.0431264975807166 0.0378722269666803 0.0395389210384793 0.0419694814156392 0.0497557520674147 0.0475855545723972 0.0481867877742804 0.0479358555230197 0.0446465250162015 0.0401214287314611 0.0401913190662302 0.0401171864723532 0.0399425009444193 0.0426494845151667 0.0355218053989759 Inf 0.11623389497886 0.0413046071844518 0.0379338523296556 0.0415759689954882 0.0446784751527569 0.0397252480142531 0.0368293239990827 0.0425411169206681 0.0418837006400895 0.0406863783104673 0.149607604212242 0.0401539947287089 0.0407085510694783 0.0394357849184465 0.0420865478756914 0.0386869076426685 0.0405422220462586
1.69877016682471 1.68908071531876 1.61088670286232 1.61573086888141 1.63678476962595 1.62149803115946 1.62508162499028 1.62931948538464 1.61536614603749 1.62091138569208 1.61940400177217 1.62461251359815 1.61265448652662 0.277526363497555 0.319860462911242 Inf 3.05266673690871 1.68689141005922 1.68197904506921 1.61041481824232 1.63114590352969 1.67378651493038 1.68741896774058 1.6222138693333 1.60861090284568 1.69235843392671 1.68819038712626 1.61618733756909 1.6238377154142 1.68439849282404 1.67768827230668 1.65678865908365 1.63115986328044
0.201565489714292 0.206622527441415 0.203421586876379 0.20035662188848 0.214406041449551 0.220250384608469 0.217327039180559 0.214471433029825 0.20396079801605 0.20674579548862 0.206990568043275 0.202576922063825 0.207339080384706 0.119577934314775 0.109059048344437 Inf 0.810499247582658 0.199137420479997 0.206168157383118 0.205864818243068 0.204544806959928 0.203169247686153 0.204154756663485 0.206225081864772 0.202457374093628 0.203842497225428 0.202390517852468 0.204358122615998 0.199490463801577 0.205077218648775 0.202599646345583 0.203957303414701 0.206415212673716
43.1769507108628 43.1445122413873 43.0600852154422 42.9306135585655 43.0822973948754 43.0735933878699 43.0717297388837 43.0242009828372 42.9776886035375 42.9321850681724 42.9710193215293 42.9493740471827 42.966817455438 0.274215938163268 0.323911875276155 Inf 61.3040599348505 43.2316571376489 43.1243004555281 42.9149033565057 42.9615003503494 43.1632463042731 43.1878510635985 42.9222019659565 42.968729807725 43.1542833478882 43.1533883202687 42.9639381357219 42.8192673370608 43.1752231036831 43.1651230129299 42.904006338503 42.9904711321049
3.32194755282023 3.32291118014036 3.31396476833391 3.30102880492168 3.29998484581838 3.31750392415474 3.31295851423708 3.28064328380397 3.30809582794399 3.28949882868636 3.3135337708785 3.31591805284938 3.29927310803804 0.19898229318513 0.28715094517818 Inf 6.10305543535742 3.32610667932952 3.31209455346877 3.26498458908123 3.29382773709108 3.32018451418434 3.30852703938722 3.29440258972818 3.27905955482838 3.3217045610146 3.30098205562056 3.32110158294766 3.31067698126144 3.3202035290726 3.31767276879446 3.30973352031538 3.31727923026525
7.45831670223619 7.43517063780106 7.41696127915179 7.45276942941995 7.49581470696126 7.51594771861585 7.47936811386865 7.50165977828636 7.46665897460526 7.44918558708097 7.41962444446983 7.44439828334029 7.43628631644769 0.728186286274632 0.597401670235877 Inf 12.611678873947 7.43709257473542 7.4366466761366 7.4440791745148 7.43459431573335 7.45625345387472 7.43825908217315 7.44823026107273 7.41938699812075 7.45395911926574 7.43875286609563 7.43802170103618 7.46735765483861 7.41522595087793 7.44735037004547 7.43331795024076 7.44619349650769
2.51532593740936 2.42978019756667 2.48013055555429 2.38208596345461 2.20356465975732 2.17311551335603 2.22542641730489 2.22308779582928 2.42464097713838 2.38250444735223 2.43746226691551 2.47848045416799 2.46251222338196 0.0676742741010345 0.122264504613597 Inf 3.74535111408501 2.43563849333455 2.38304093233321 2.41935733267665 2.41606309631841 2.44761451726894 2.44719483494432 2.34600258162027 2.39151783532675 2.44291048352313 2.49112106263737 2.41546716125615 2.45573598221631 2.58636852500009 2.49413869396572 2.56637084328531 2.51017874553243
2.0134280494265 2.03259667379589 2.021070824352 2.02736884344387 2.04658211568197 2.05912937044444 2.07010313478145 2.06394598019742 2.03494312261734 2.01583435313483 2.02119802332561 2.02931477901564 2.02633687406087 0.237896876810124 0.262144746286885 Inf 5.49682415244638 2.02436647537967 2.00901177449636 2.02237297628601 2.02038623185633 2.02713360497211 2.02247618756973 2.01896303006914 2.03328165621937 2.02536972708688 2.02425655019187 2.03589080247002 2.02979512279442 2.02425648260241 2.02291150814896 2.02749226621962 2.01886649316002
0.162823185136988 0.160203343353722 0.0883687641319462 0.0907160396779891 0.100268913588917 0.107052759913286 0.107521402410505 0.1049880014263 0.104213933765009 0.0928975994367273 0.0861108157585293 0.0864184309527246 0.087504478244073 0.1270603187099 0.210640212606936 Inf 0.27959062372789 0.160886090417589 0.164832320392497 0.0886871565191229 0.0898445370526943 0.159483166706981 0.0952210456484946 0.0979623235550502 0.082769473667084 0.160934034963178 0.0912678073946933 0.0939560416551613 0.0939449539392984 0.162943634021235 0.11285031089325 0.0937987672202592 0.0876511316871632
5.0532175570488 5.06470342372664 5.07035968296485 5.07413064175507 5.14873254633676 5.13983533090749 5.12251974110256 5.13016867320817 5.0564622715455 5.05510492749309 5.07333306495541 5.06231304603698 5.06198061316073 0.318725020800325 0.336155961406586 Inf 15.9823572013451 5.06990846195822 5.02260094923317 5.06207142344334 5.07633752075934 5.0272994368521 5.06010050068431 5.05076926531341 5.05629512742843 5.04924863437942 5.02662868411368 5.04515544281598 5.044827652989 5.05768603800565 5.03434094642256 5.02342523175222 5.06960664712083
0.334227970047011 0.331276179484232 0.23355856872345 0.186855132846865 0.141284823546281 0.132759886405897 0.140238311649956 0.142907718052587 0.239134263897872 0.224072419107377 0.2619490401326 0.181993121365091 0.199068163813954 0.0872784912253002 0.0338178833842174 Inf 0.432172490232129 0.331481265817792 0.332243687842913 0.159220795571629 0.149779683231959 0.328641229967679 0.325314905962283 0.156272674723317 0.143757609422231 0.326796481015406 0.296142557688647 0.155294942270895 0.159402178801006 0.336032062071087 0.326170076679272 0.163124599613929 0.163964281965935
0.287032118545488 0.291748613228085 0.233896863145541 0.252483251930371 0.170385472830132 0.166130921044663 0.16888527397909 0.163030228210835 0.261588620660024 0.25119756567747 0.204611440578855 0.22596544222315 0.236692034108204 0.253664596169126 0.351437117762136 Inf 0.369984821775343 0.287876134585558 0.288196569033172 0.175347362050069 0.189348091339188 0.287785780043792 0.288822931418651 0.214562786356 0.261677056966506 0.290413575351576 0.286158251494925 0.28579962939897 0.241727320685511 0.284957693017625 0.286013818339954 0.268693813564593 0.282981212997956
38.2572877714274 38.2914335848548 38.2735447489532 38.275168993337 38.2545660938454 38.2647976094 38.2682575084385 38.2513756084222 38.2873592538336 38.2637002322105 38.2673120228458 38.2610958409149 38.2623842290459 4.51796133540968 2.88576954438487 Inf 42.1813595587444 38.2866846671601 38.2813288189672 38.2847557645974 38.2889801806331 38.2752829008706 38.2865801213067 38.2851400285025 38.2743124597315 38.2894120126134 38.243456208068 38.2862995817441 38.2700108078903 38.2775022142138 38.2833746148389 38.2852533798658 38.2771728063634
