"U_1_Gam_alpha2F" "U_2_Gam_alpha2F" "U_5_Gam_alpha2F" "U_10_Gam_alpha2F" "U_1_Gam_alpha1F" "U_2_Gam_alpha1F" "U_5_Gam_alpha1F" "U_10_Gam_alpha1F" "U_1_Gam" "U_2_Gam" "U_5_Gam" "U_10_Gam" "Sylvia_Sparse" "FM_RevJump" "MBC" "DPM" "FM_Raffaele" "U_1_PC_alpha2F_01" "U_2_PC_alpha2F_01" "U_5_PC_alpha2F_01" "U_10_PC_alpha2F_01" "U_1_Gam_ProbKp_01" "U_2_Gam_ProbKp_01" "U_5_Gam_ProbKp_01" "U_10_Gam_ProbKp_01" "U_1_PC_alpha2F_09" "U_2_PC_alpha2F_09" "U_5_PC_alpha2F_09" "U_10_PC_alpha2F_09" "U_1_Gam_ProbKp_09" "U_2_Gam_ProbKp_09" "U_5_Gam_ProbKp_09" "U_10_Gam_ProbKp_09"
0.0213182643198986 0.0213747915348586 0.0457177872039921 0.0450143193652075 4.33529559319781 5.48119741378956 4.1765085650451 3.65917030170037 0.0326153318090932 0.0502732899294122 0.0480433029404927 0.0335704097651902 0.034960432347765 0.395697676848441 0.492905986721881 20.2520670944374 2.21633571432154 0.0290378327110173 0.0273083353653918 0.0496261751553857 0.113420184622621 0.0273984593082635 0.0353350087051171 0.0353886433902456 2.00883054682215 0.0224621508508231 0.0304207103639205 0.0249368203805589 0.022424281977654 0.0149282716390571 0.0229356495300409 0.0243596365654069 0.0327863376028081
2.26891104438681 2.33922477484577 2.29398034072182 2.38089854590962 11.1967076571121 11.9400249301334 10.0806684570814 10.5044034191012 2.24994094244584 2.29400821691275 2.40474717547027 2.33080343532782 2.38966475571272 1.32046094934452 1.12456509791921 23.7520738682581 6.31342951496711 2.17633429629639 2.29966889640396 2.49939328776951 2.68848735460389 2.18297154151785 2.09054523718756 2.24253096742131 8.98567963709365 2.24102350536262 2.18440605556711 2.20491736733577 2.19043169137268 2.18521444925276 2.06519652800328 2.18215969768569 2.1362340155568
0.0713003024505943 0.0594728529025971 0.0535483727806187 0.0486265482401098 3.72613638999584 3.39503406016902 3.09952736007145 3.243282687352 0.0524456718823918 0.0506012082705793 0.0379738491514292 0.0699796108631337 0.0499073666127662 0.744212956960074 0.88090364048131 17.7415276716736 1.82630444107415 0.0621436288867541 0.0614740474989044 0.06035784056689 0.0642651835133128 0.0572905360369958 0.0496721573855278 0.0642036732334738 1.55297099070477 0.0473781937946808 0.0519327770926791 0.0650233387053854 0.05633593803653 0.0610893247950806 0.0586493513114328 0.0931842346364322 0.0651087092014629
0.116066856286204 0.113485523413597 0.0911014611253424 0.106312286034525 5.65320731529832 5.60821041944604 5.00911696230049 3.848005771339 0.0990703215518297 0.105767244543915 0.124174294062712 0.118177842172364 0.130030469192526 0.331404243694257 0.495778444055518 17.4564228472193 2.15323328552432 0.116025042074682 0.111600778320914 0.121421610143324 0.167509043001241 0.117838764827332 0.0964412659452583 0.121377095422843 1.98089989643107 0.117363984002401 0.10781227569319 0.106563073215117 0.135988637667074 0.102337877058548 0.130010750419491 0.102725750579201 0.115909617311604
0.0795853608249722 0.128631656162011 0.104650376222407 0.143899085681476 3.93114771994833 5.00963273704689 4.19262739319367 3.57722549941476 0.102587937385081 0.123777765121709 0.118108318764249 0.0987037358024014 0.126840566494416 0.0945669812423237 0.170708290273371 19.0282529272489 2.62070320685806 0.0803904393715025 0.103028529449743 0.117953732642633 0.224697506316808 0.0939494582576041 0.097726384801397 0.100750537784786 2.54929901143633 0.0763916461674703 0.0687323877729341 0.0879641568540422 0.0973713310562039 0.069243155759836 0.0664206747157223 0.0969301843512017 0.0787171410578328
0.789187654662447 0.791004036500088 0.894292212976124 0.895837378176859 7.94704365167339 5.75032211305496 5.28085724516515 4.21757346202141 0.769944486723395 0.807981296363274 0.726022373954863 0.780787941267601 0.780206708223345 0.960569696960419 1.06067875321959 20.4051846523203 2.9111244640043 0.798624150740686 0.840091874020584 0.798636216058503 0.851736010632738 0.747008850239917 0.800832056149229 0.689841119307041 2.52469345197227 0.782219652787278 0.791548868025938 0.764399867342985 0.749081323804043 0.802559085516324 0.800786332654704 0.763985209186446 0.832474377589544
1.24010988958456 1.16783467945345 1.14444434628581 1.17900728697491 4.77039291316263 2.56154823625393 3.6911201650643 4.39959667502101 1.20196151065005 1.15327720360717 1.12664621000109 1.10599916643893 1.12993307072133 2.5496508025155 2.77123329802168 19.8290277371537 1.93018198616288 1.11032986578486 1.16116401969643 1.04976503793186 1.08285483700537 1.1369217568309 1.18139792078785 1.14769676063428 1.67614384465519 1.17983186966333 1.16798181521806 1.16560785517001 1.15372110568222 1.0897235713367 1.11728796436805 1.25125813371464 1.2214868584645
3.38672396339643 3.53568808491743 3.50630820943452 3.52644622857551 10.4700633837352 10.358247935767 11.0849904298422 9.85674370458386 3.37079529189791 3.46675298822216 3.54956688796225 3.54087845764721 3.566813994921 2.56160814434886 2.4092752960198 22.4879520928794 7.17228161348846 3.40886756661913 3.5752750404324 3.68275752893793 3.90997316411441 3.33283669701508 3.3599313876452 3.399892298565 8.85524842579629 3.46632711633075 3.32009908285864 3.50309362551417 3.30344829208245 3.41727758448939 3.55268339844628 3.3322777988682 3.42827000000545
0.250704199698946 0.273806363563953 0.31672449451873 0.389339618984655 7.50898502210591 5.18070845243157 5.44537732667348 4.66627688707088 0.277989891850017 0.294865594971054 0.346367675393708 0.303148514275917 0.304756005990552 0.299431267202035 0.361287774604997 18.7961007741761 2.64366977698668 0.334388323216716 0.303411955389102 0.318234301163341 0.467463016916557 0.322179148080066 0.297566065957282 0.26578854766895 2.75888985384644 0.255454907714677 0.283019509300166 0.301495229518626 0.265636588587136 0.31211580085662 0.287787721136534 0.305544080779407 0.312879648100603
0.215512879278298 0.244476280446967 0.23727749751703 0.258371019515391 7.69586844659771 9.06321948574907 7.49973990461819 4.58915107953365 0.212182479233744 0.265031064671901 0.260322241581745 0.271113122661943 0.234889159297518 0.202726815820584 13.0730831855757 21.6921986948499 2.91983774307049 0.199171862624886 0.236792411963166 0.314910291044257 0.373199608903449 0.272757273805241 0.244685879670243 0.240272334692527 3.2668054376592 0.227437973735984 0.228786363972117 0.249865124977159 0.199267518543644 0.201349878640244 0.219105280446998 0.217872831772643 0.195089347534124
0.304893217555078 0.319826335717684 0.370721170139602 0.32995560929345 7.16173942064921 5.96284525636154 5.70585177693409 3.71664998370932 0.342882524577455 0.336203744214037 0.32015038812493 0.439855424668592 0.334750549550387 0.103900397223553 0.136231290099618 20.4999549859457 2.94266378827002 0.307052173090257 0.319643025620267 0.36382459694211 0.530622514014234 0.296734880313278 0.295490193397264 0.358782294792035 3.08202853777244 0.272708212046123 0.338633379379039 0.313986705178314 0.319287341097618 0.30203887605715 0.267006325837966 0.329192469260407 0.276625562794983
0.248749057359363 0.278914176714686 0.298084065777088 0.306305526987922 5.44266392690204 6.25693727522677 4.79350674404247 5.74489223236263 0.292411382084043 0.346079978784592 0.318917648553569 0.239686180745013 0.240063143529438 0.48092167414997 0.563824765946205 20.286952484858 2.71239764272813 0.22308399456174 0.257979639898898 0.300706888300321 0.33993021385872 0.223530360978701 0.23596436227099 0.248805437727645 2.48562044172263 0.256819871336271 0.225552829200605 0.261994011523789 0.272635053537802 0.231664722850828 0.21561029819683 0.28061035634557 0.311855556564036
0.438629017832006 0.5191938921316 0.436152778222445 0.430389014852488 7.04915032733891 5.61851057870578 6.78263602906576 6.04919325736986 0.451884025302332 0.412881787965034 0.488180995376588 0.422427578801574 0.420197735618112 0.910666711033523 0.95463158960331 21.2045319145522 2.81359915403292 0.406700412833302 0.40605387966426 0.480034916716289 0.465487744192688 0.408856668613653 0.444385314607991 0.500008794991822 2.41133107709662 0.515293365522648 0.445531584467223 0.454008624375028 0.320383748429746 0.495329823458774 0.398102905560688 0.393042950707414 0.418804840780578
0.368241629132107 0.36396616810814 0.400897762497473 0.390357510587776 5.07953606090878 7.521523133648 3.54655918653683 5.50993271749299 0.444097295747728 0.434193711689712 0.40504553273508 0.409732295413967 0.452321387063452 0.327676578345462 0.328690949355477 18.4299648476201 2.81215848992527 0.314713281036363 0.419952983781116 0.401548973209608 0.550947544969912 0.399048037184551 0.437513748834841 0.371750524483346 3.26003642847627 0.42586628873302 0.394654634860468 0.384455646051325 0.390878188848399 0.367085161698254 0.398302208504333 0.357578636570412 0.386013224822169
1.83359207868241 1.94697989692818 1.95165947691353 2.03248568298638 8.88006891037823 8.30058210180845 8.52719202905637 8.42119819462085 1.98606582105751 1.88238164469005 2.02870490476345 1.97217761034863 1.98930740037429 1.20994595567113 1.08495416589958 19.543436652568 5.56207298646502 1.80204204399817 1.94138196888106 2.15721642043816 2.16996608613902 1.82608921586212 1.9435884980004 1.98622596066214 6.44411172630192 1.86218806380659 1.9004396734917 1.86257093607472 1.97120878100105 1.83952117289341 1.81736356159773 1.91684521663555 1.91336538951102
1.02763308296569 1.03642746974931 1.07570084354611 1.2100475322278 6.41080297155948 6.79309210847031 6.62906951794361 6.80652882983805 1.08202191774555 1.15604314937963 1.13558705862975 1.09189313707318 1.12636891505566 0.479823801778227 0.378970277761792 16.8448624417437 4.3801260744804 1.02625130924417 1.04459525051584 1.25307585419628 1.30791763503487 1.03800246443296 1.10502085830275 1.1417077543375 4.97178792121186 1.13390208312869 1.06047904044438 1.02973661900603 1.10194673938897 1.08534794253624 1.06040137824456 1.04734960221694 1.10580700670938
2.15663450221476 2.17711860914819 2.18997849277781 2.17831661996858 9.41383971888227 7.04068586487667 7.47276938147041 7.44885350719059 2.13193464761118 2.08559948932592 2.13279216718417 2.15124187168534 2.08780524625712 1.32147463475184 1.18854888972893 19.5849576971121 5.5766590522837 2.15485791888254 2.29602328437307 2.20981707068711 2.41347728759028 2.04892936336588 2.16767835517171 2.15651731423133 6.7674860846993 2.1384058393261 2.14141768350071 2.13082905781503 2.08497288196281 2.07934383885638 2.15203575209861 2.11729869671135 2.05333346164237
0.937869912839141 0.851868094065346 0.859963176130088 0.894598645438072 4.63977644986686 5.61184805218049 2.72029045726854 3.47890509234817 0.979366721588685 0.869463715284558 0.931732223047756 0.864515240897467 0.939991249886772 1.53309799864909 1.49365135428583 18.3358121789887 2.50889280041695 0.953408492948622 0.829957864195446 0.933245496389846 0.903484502566985 0.886205614030535 0.875053898346143 0.882335454621629 2.11644719237269 0.966343124181762 0.930689710912481 0.931465276163574 0.883690239989949 0.936124327730463 0.922320725935499 1.02922414578962 0.88905874607638
1.67164387291095 1.68088441788522 1.67217611686273 1.64464399926442 6.69458238750143 6.3107943203171 7.36150220897153 7.3247404326354 1.58486107974715 1.59050528208805 1.57792719590491 1.85381743579399 1.72693142939222 1.22436920152219 1.1910421388638 21.4853873462749 4.65214603480253 1.66990745103078 1.78479043674418 1.7825411130184 1.79409860756848 1.67176897816676 1.65021081936772 1.66511878592526 5.64775828695543 1.56120593968141 1.58148310781828 1.66251743531939 1.59897662231311 1.57834314135982 1.56170793959317 1.54134635293122 1.58654834881528
0.771829296211999 0.768437822736094 0.824763302668264 0.85524718582689 7.66870830372384 5.2697574273584 4.96257780796055 4.47586338226488 0.84556321188236 0.727913439746588 0.791670383891144 0.82461417329081 0.801906930274186 0.924929277003896 1.06376780740463 22.2221633495756 3.1738943386566 0.809021305116954 0.810872299943156 0.842255543458712 0.860539943433333 0.762152594153735 0.782206756153584 0.892895935434815 3.37813615163352 0.798979912945212 0.802720918003421 0.762996097439481 0.830403878675 0.79090331441047 0.806745218989704 0.841327100383921 0.787675452752125
0.373032067171935 0.364499346489683 0.337680248929564 0.3742976872025 4.89982442787286 5.52128160539951 4.4867110996066 5.10224490175384 0.346264124629195 0.403115262318394 0.400734307123589 0.410507184490712 0.3769342996581 0.259653225961338 0.310107658371873 20.6811287150667 2.91289850628127 0.384158355088511 0.37373800901756 0.44995578751735 0.396102966817768 0.363961003985536 0.375147985230731 0.385951703140739 2.74723577605614 0.402383273547055 0.377160452782056 0.368233809027422 0.386983848184159 0.34753047954976 0.357404182674728 0.313033143575542 0.334975225698802
1.38196932548436 1.47322026190555 1.49969034453641 1.5749573076773 4.92897315171967 8.01580416992313 6.8791283512666 6.29027890948751 1.49415420367226 1.56167107405245 1.53212356063859 1.48427909976654 1.5471453840064 1.22320726581619 1.23730538946541 20.3330680641215 4.12085983152268 1.39726356470973 1.4312447650371 1.57336569926162 1.64724487100285 1.41454571428518 1.44484627839413 1.52091044615866 4.96009379817578 1.41708286700679 1.44557261715499 1.386856424225 1.5503992186528 1.35250688350618 1.4472514624734 1.45231318896987 1.33786356661359
0.944755422358414 0.901310248158208 0.892894818390758 0.909149491182988 7.30841597246964 5.56426518891005 6.41154060881959 6.61394836177407 0.937593119585297 0.965170348483232 1.03191087248614 1.07394898589412 1.0205899753916 0.94556585160933 0.92800914766328 20.765284943209 3.35295640007563 0.942897056389702 1.02917461655924 1.00059255001854 1.25418701111156 0.892793048181291 1.00609261283402 0.897945229752407 3.83260232519548 1.01292415431507 0.899488266131973 0.98083608537789 0.855013860483825 0.900666815315899 0.90883123548823 0.967512625517554 0.943765042706191
0.499620811039504 0.47185707501483 0.518244212538914 0.54023700301731 4.57430579049869 5.35072724712958 5.32482786960305 3.58598728413697 0.52348547133513 0.518223869978216 0.586801035401242 0.477789005360169 0.497110106165498 0.492611451121628 0.632239411570559 17.5289830964244 2.53224687741233 0.469714141452303 0.508044276794483 0.555270812218376 0.582710798386276 0.48619409370963 0.439016117769321 0.536663419111695 2.45462665074695 0.454532934602625 0.480316116186461 0.452328115932388 0.554991768752762 0.481885026637077 0.515581625482426 0.507813142325827 0.449376766128044
1.14110696090775 1.17559894991666 1.08823872967626 1.10632474003432 7.21731119483609 4.47079107637911 4.5909848111995 5.19844827671136 1.08924441965561 1.05774798443165 1.15790266902107 1.08993299241904 1.14811183259473 1.82909038130475 2.07436251124399 22.6881298393995 2.56743870332943 1.08912518542253 1.14918543411798 1.02877672947181 1.08255734230035 1.28338722143233 1.15995320562765 1.15284514590929 2.72296618374036 1.12881275243391 1.12934574262406 1.16433597799302 1.0825743006771 1.12227628662992 1.11892819029203 1.07181543023583 1.15102193513925
1.17407560387157 1.08221228299802 1.09282793218656 1.08652600694949 4.12679318350209 3.4332162001197 4.67872787652689 3.01276173146666 1.07117552352772 1.0457816068311 1.17381825378138 1.16554143504861 1.06636515246275 1.68122807270384 1.82557136615783 17.8558983509374 2.69348570492231 1.16291605239092 1.13071727366406 1.16914454482485 1.11443951040826 1.09540102806858 1.12687441965458 1.18255308858412 2.24921842934283 1.14548883034018 1.24317047656362 1.17410343725823 1.13376005404434 1.16324843036402 1.10792999584112 1.18953895815856 1.18660536149565
1.15966673304823 1.17084007444806 1.12172474356155 1.0855996143667 7.14717591473129 5.41728732364257 2.83480968980663 4.84781409842642 1.1142522502018 1.0790067741715 1.11513944535427 1.16281749792205 1.04855061520801 1.44791302490824 1.61203652462676 17.8337446839578 2.83185841780176 1.06147153119924 1.04923905200775 1.11516589785446 1.21981148136091 1.07756005803998 1.08196577828754 1.14471332324067 2.58721784193752 1.05680052532319 1.16432074333639 1.10612852153491 1.02057129372949 1.09185583871113 1.14777766169529 1.06399901926731 1.1110059898735
2.15849638266103 2.19378160447117 2.30108809431624 2.136753544491 8.23461089625137 6.9489557794638 8.69593817921494 6.80175285671801 2.16734132174481 2.20349817668359 2.22323757270879 2.26550736197201 2.27381600212272 1.46855855455002 1.49237467780752 20.535792046789 5.4646516506449 2.03741093813422 2.22338809115073 2.26511680093258 2.33278263655615 2.16842538329633 2.04449726677746 2.14474510882132 6.18943175913424 2.04106144419307 2.16395951476304 2.07162963410157 2.11671854844503 2.16004126429798 2.07217732821411 2.14336637609614 2.1899016747634
1.51545746745824 1.58838688019879 1.65990273360748 1.65332865427658 10.2188260929662 8.00813113289728 8.28489925329902 6.3857550272595 1.63992352777603 1.5582655273912 1.63043130850176 1.60744821945665 1.65625155160901 0.983152415787733 0.91891570623303 23.2250330358401 4.79401159170743 1.56584182903891 1.54407543532099 1.6692259424645 1.983255000086 1.4516742106032 1.51716639655093 1.63185132648718 5.98908425490828 1.64055846672414 1.50542276859169 1.59977887488261 1.50231738562551 1.50919476743638 1.54926744934044 1.63321733796677 1.62842409260381
0.907839444186131 1.03161723506228 1.0023196074276 1.06364014709056 9.50525487494748 8.20632943478124 6.27095770671984 6.18999465721226 1.05211235869154 1.0786671985178 1.05155612523916 1.05846392744268 1.08553050958854 0.468182387351024 0.438692489756287 20.3070817301701 4.18095486343765 0.988584306217556 1.04136377967939 1.06392205565104 1.34588737996178 1.01526580954984 0.992191109946703 1.05273595880005 5.32472861564014 1.04013856313213 0.984235251872015 0.859755161272491 0.984706418239595 1.02992482706804 0.953117552636845 0.995390922518383 1.01091449666666
1.95774248219295 1.84334070664152 1.85021020573145 1.91295425325437 6.9427562159257 5.39241166779601 3.78369868399948 3.93019000821908 2.02505434348193 1.72351577215032 1.78452268947682 1.79217345384228 1.78407617267309 3.10528682831159 3.41896441387675 20.7896424518802 2.64702707481249 1.8743849543698 1.9085572384688 1.85873068003504 1.79560960661087 1.88147794315076 1.92346938681564 1.86267375856836 2.28855310349074 1.92521367464344 1.82956393714471 1.85432183185852 1.8025409625204 1.81783550919762 1.94994609482937 1.9815325536568 1.90500366955222
1.06512130743554 1.08953780735182 1.07059679450175 1.05417989278737 6.1470241552296 5.45984538788555 4.81065954584932 4.55148527526452 1.0244006391578 1.19208816489853 1.10639326110273 1.02574051827967 1.03717621167363 1.38008905896138 1.42814948798838 18.6888341177604 3.16480245618404 1.18473923269643 1.10499113885579 1.15974137863876 1.12327631133664 1.15249252396883 1.14996037501288 1.01011120477652 2.65556797344908 1.00699847802727 1.0910412065438 1.01480067585294 1.03071001495564 1.03614917152615 1.08339763049127 1.00577440066497 1.03697983972402
2.87817395076135 2.73101566040776 2.99060319940966 2.77333474019243 7.03586512972246 8.03348253084085 9.12478484906742 6.54227680692728 2.78460322951143 2.68880643521021 2.79966767809357 2.88926525963785 2.80222923925359 2.12163757007128 1.99354383732704 16.8566692508407 5.9718498697387 2.77426644383795 2.74518646005133 2.74253130146498 2.87005013666214 2.77052113986297 2.85352005915774 2.91972227960448 6.46073356175719 2.77821380155935 2.85653147415495 2.90997582366976 2.80331827407187 2.89334285892032 2.95117711163347 2.92462378073321 2.76557879692313
1.22172115641487 1.36367949091072 1.16666812488405 1.23646473148945 7.22356350262038 6.23003785553139 7.1930496223535 6.12268941684792 1.19633629157017 1.29075107578057 1.20135826692411 1.31728813995992 1.25701482528314 0.749676840993942 0.608751515476099 19.6672617433188 4.29829804362804 1.20986815049553 1.26108340922489 1.31205222721141 1.38905017471494 1.2027890827217 1.16631844912762 1.20836902102772 4.83333793074556 1.19926109418135 1.21172575914144 1.19491119736012 1.23290024733809 1.21948527698875 1.18213114285486 1.15345339706724 1.21048453476703
2.24299495876833 2.36089041737119 2.24313054805609 2.2432403916869 10.6470125657673 11.2795524389648 10.4104626966006 8.19315314756689 2.24902205115697 2.23634888797874 2.31915580528615 2.16807416470246 2.33859299280878 1.71371509390553 1.5551360907635 20.3148328293223 5.58877285028535 2.26519483917834 2.24032098350039 2.38984099678548 2.46545000702956 2.23783661733431 2.23088796025523 2.20749458358881 6.60677434717481 2.14988928659843 2.1432141035963 2.21520447684204 2.29209949705286 2.33608376986516 2.24348084527045 2.17102596641574 2.2542310710008
0.0763161065234792 0.115175501562039 0.0797387314408552 0.0959401739332694 3.50768008970401 3.96410211016517 2.18370574752925 2.96510694994551 0.103995038089123 0.0948597815380706 0.0867719943246124 0.0759328183229601 0.0787566659099763 0.831658474814777 1.02690114627845 16.8220489467308 1.37709203483786 0.10316208734734 0.0900814040627059 0.105303177995591 0.0722937898112985 0.0904832039351246 0.0788796343592695 0.0768744533293321 0.966863384572765 0.0806980567412796 0.0600102974213236 0.107086674032362 0.0958691600015988 0.115266916226013 0.102335300212595 0.109089574248695 0.110053955457123
1.18640307687171 1.35256308161724 1.38204168484304 1.36152034406669 8.52585488237407 8.25169747188623 6.82849953692825 6.99550483021897 1.29481238947921 1.33214291521913 1.35348727355823 1.47515721566281 1.46163449398777 0.763910991687567 0.624288452347328 20.4140483380698 4.59743610872379 1.17427777868635 1.26653057115131 1.31207561225203 1.55810990143975 1.16573284911213 1.30537236543286 1.30192405848072 5.86686477542316 1.33310132092307 1.25654508480989 1.17288773029072 1.26989558474678 1.19718269228123 1.29438124332201 1.2405000504766 1.21564680370742
0.109309253161425 0.110097558492761 0.0948944669794446 0.10867066232668 3.04916797760416 3.39469292430394 5.59552098114819 2.8521196853157 0.108548964189554 0.107815653485248 0.102005400680884 0.13125874363051 0.0986745906613354 0.449083489635203 0.555183928341283 18.512275688824 2.05880694777376 0.141898618896832 0.101708712801082 0.11454457283029 0.177952092054138 0.112226980320519 0.0847338212734422 0.0765771981725059 1.68822703326429 0.10003583288215 0.107489413142548 0.072595840285177 0.101092574843584 0.119365078216004 0.0877482930366781 0.080030453448677 0.0893604453155443
0.151286762735842 0.146900659068298 0.148406408604417 0.17762124705811 4.34415974263218 5.65824216309597 3.01432929215133 4.25342740893786 0.173110365804383 0.123878159383914 0.116080704359157 0.170808733297389 0.140221006649121 0.722439943482694 0.898440045294029 19.1309666460605 1.91746803336886 0.159589478521067 0.178296500134234 0.180472115327553 0.171155753855003 0.163732324700317 0.147768045301233 0.172688538445264 1.67068375252307 0.165764963258934 0.139628725021041 0.157067020369056 0.126635563710203 0.155785204776323 0.140054194100376 0.199994471757804 0.145714449725265
0.707711500776933 0.650121017699248 0.661439477292398 0.685365849450299 5.44560192227563 4.9105064125259 4.17391566093892 4.30952394707186 0.707871457286259 0.58323592810618 0.674196624231217 0.636224174649323 0.617358257637338 0.740979395376506 0.769143441534096 15.9716902381748 2.86920218762628 0.73382219777533 0.623864665788263 0.555296441712121 0.545670906401154 0.75054606946218 0.666236913750424 0.748386665008403 2.22177631862337 0.741123408862389 0.758129313456806 0.730584832963777 0.698227342574877 0.853331472645716 0.696314323685008 0.740748727233792 0.713284282452175
1.28284961966591 1.31016429504411 1.28031111171042 1.40377364968136 6.42199947147584 5.77503059791878 6.14039561025307 5.96095721491049 1.24951684954444 1.33668856303672 1.31878410833535 1.30313487148671 1.29417535703356 1.61803834494053 1.70303580815895 20.8597505792484 3.27473684022423 1.21399833422467 1.37380633690622 1.32482820431937 1.35154971855123 1.38140571814232 1.26029011377672 1.27294206300849 3.48500442324336 1.29025815882564 1.30101391469668 1.46234689385415 1.24771459751616 1.23549270191047 1.30149115482964 1.27818524500705 1.23845687206296
0.0405575933378456 0.0463672604128724 0.0533666487882659 0.0459962212756055 3.50155172371521 2.48778607427805 3.12482319004197 2.91562418088965 0.0434532013764239 0.0448952230165772 0.0383945917178574 0.0592294703036813 0.0643907321457508 0.460820829972272 0.582962692424118 15.1242930563098 1.69038337581595 0.0404892376996861 0.0493569158107683 0.0461815073414992 0.0826999212848698 0.0517503749896766 0.0365954029630793 0.0499283179074128 1.27287815309232 0.044972874902356 0.0396604746282009 0.0450067781865473 0.0405386928452204 0.0353762285892841 0.0379077330977734 0.0519819969542867 0.0453258922265752
0.94367921889137 1.12008340304005 1.13905357707606 1.04594373237276 7.49848323987653 3.86082853376933 4.60899891734399 7.02758409458805 1.01352787432939 1.03046589132452 1.08771218183101 1.15184695482224 0.997718681127993 0.770709541683741 0.775755905473646 19.6039543277497 3.75835455715324 0.971183102735639 1.08303545210853 1.12928745189056 1.20000702946074 1.06324893126362 0.988681157293531 1.04870256135851 4.41692142289929 0.985675497466301 0.977098673135147 1.02451228823882 1.0514824498882 0.994011711884087 0.98027614375991 0.97247565949901 1.01646712914108
2.01734467045439 2.0593994815348 2.05360379345421 2.06954416681568 7.49611728658861 9.40292598752974 7.87724531139431 7.38245580842352 1.96262366576311 2.0561917197912 2.08790566038746 2.06277915043574 2.20534944122421 1.49164404200301 1.22911556256193 18.443725945414 5.37992315595247 2.04393326591374 2.06087404020473 2.14146985148757 2.27399132955257 2.09116329004024 2.15846809471844 2.08043106270502 6.75430095055152 2.09298578998015 2.10304076373912 2.01789191852901 2.04845341384079 2.05451863507082 2.07321794327369 2.06213100042161 2.00653041725727
0.596355102091488 0.520569977452263 0.598171931666766 0.568459229523762 5.56932665931166 6.0770739735634 4.74200729689287 3.83704318571691 0.593970886132777 0.593616753433564 0.603066481212205 0.618366763995739 0.585455371566193 0.145584283145956 0.0842233914925789 15.9295578239136 3.3899753551694 0.600359986436038 0.589387730030439 0.649105533486049 0.639477654179766 0.58939435654927 0.591287578658484 0.566160980363017 3.49502332101578 0.6163768969804 0.636147664765298 0.649896030939684 0.577993843689219 0.604673018804168 0.595339990882581 0.619791739146404 0.599376694401284
0.949192966822355 0.814931396141078 0.799273385222336 0.964337486043517 6.5671904753896 7.04349821399152 6.64673096109679 5.82476510872955 0.918167159103673 0.976736857472597 0.971316150504506 0.949420114910493 0.887951235946025 0.373515516065394 0.319414656180694 18.6097402868414 3.79033674289642 0.879725597683246 0.845297992788532 0.940075010392361 1.0904843819151 0.880745954863476 0.892389120932687 0.959268514192735 4.32841330496265 0.867614874045959 0.86913748859225 0.807265374850294 0.890240904172756 0.852346845961487 0.870888389890447 0.870665561980051 0.888651595431982
2.84710089961203 3.03783401363223 3.04985591713766 3.07290918868703 8.77889230272207 8.47261851391157 7.26841501088674 6.83018459784057 2.78864936405984 3.02507679631927 2.80763288704735 2.91462938445864 2.92947621307383 3.34141745666039 3.51124224131119 21.8279194493802 4.65351029731192 3.07719645923555 3.08742328154946 2.93527510767527 3.00680931471027 2.94416657541272 2.71120061447673 2.94232305436279 4.88648772804627 3.0112019710384 3.08125989663984 2.98033073699362 3.04146635904327 3.00704779265111 3.00314395629415 2.8904644725339 2.91117625867913
0.261225213103923 0.296603816371163 0.352630177895429 0.312167826526478 5.80747983689588 5.03203650679288 5.06765828137449 4.598058927424 0.284847984594298 0.328514579054407 0.343693254991998 0.348513779453228 0.379959793985686 0.0138232009434043 0.00989548161318188 19.459591719379 3.21829942437339 0.288388774767787 0.316217796381341 0.361251350193607 0.504224490491303 0.313353185908039 0.290715668855072 0.287084786217045 3.46525757491993 0.306360009873018 0.270321408191765 0.336498032752848 0.270497019758057 0.277678160881947 0.3098654493699 0.321927278224005 0.303088868108166
0.00641986920881411 0.0219064250502684 0.0265645937168312 0.0191137561487919 4.03561609526851 3.97541337629664 3.21734832992636 3.40395215802567 0.0190984725979033 0.0137893483952281 0.0259061230401107 0.024938976976042 0.0277620546608813 0.247933548095495 0.363840470198147 19.5805677895033 2.04130066610481 0.00911632153738371 0.0138476241908205 0.021369751983234 0.0825772994116455 0.0048782939708403 0.00843994065904585 0.0161584860853989 2.08726507691583 0.00484417880221261 0.0139173214912638 0.0146628778058212 0.00885410253142342 0.0128640996140928 0.00721179274876323 0.0101951658139397 0.0088505753648542
2.54043093398661 2.49549323026395 2.53058008024249 2.47941193381372 6.54496035852499 7.6367730058973 7.74509661067379 7.58199602632775 2.24036690224288 2.50153236670624 2.40426326239634 2.45846200675329 2.48013693519175 2.37357374746982 2.43195977823573 20.5329421217037 4.63774471100669 2.33333488513807 2.4531950443614 2.56506151753281 2.57042759479465 2.45942686671853 2.39004235310688 2.43536174403997 5.08221917629147 2.52305201270934 2.3699775175125 2.47265053745979 2.46347995145967 2.36897961368961 2.45234494142008 2.35141698206862 2.46906159791818
0.930004796634968 0.859581181214015 0.940868831776957 0.936912598226162 5.90082621783521 5.25714198743398 4.96843202081092 4.69006570904926 0.880029454693064 0.966449590828426 0.976834935417866 0.953974628819976 0.897564448465821 0.960189943970647 1.16721567831647 20.0045296131408 2.91347193757971 0.861530871751034 0.871937280688381 0.987217498080736 1.05868475304775 0.935966117874475 0.874524395059277 0.983265727398489 3.25374791854382 0.944869826240749 0.872660967645832 0.872629072542816 1.00809537365983 0.911864056987022 0.962888935973785 0.944681902186526 1.05557856689454
0.0325363165145129 0.0520676066419463 0.0711953482486602 0.0576832457501721 5.3282556001999 5.75937458313699 6.09012395980374 5.1269667903384 0.0494838406873851 0.0561637421968017 0.0738354606023274 0.0690546197939658 0.0556350275972261 0.201662755631844 0.283174372157049 18.8139106038212 2.47001614619208 0.0486837568774535 0.0366927468005952 0.0849634497008666 0.144201013906124 0.0369346772099008 0.0352028030462798 0.0455090643864644 2.43402864737496 0.0494020756142084 0.0383524920066112 0.0283878128179638 0.0313975764600182 0.0306162211808244 0.0229677016917134 0.0378652113733462 0.0210373955025315
2.55800455295664 2.76994594865323 2.7472646739828 2.65129716997224 6.94513320801264 7.2354346812338 7.01958037487516 7.94175351334271 2.78058638938142 2.80916702135826 2.58992439911101 2.70123862386675 2.69425377773711 2.30125140007806 2.29599770475228 19.3841115667865 5.32993838583302 2.70714644035944 2.6052656404076 2.70453703388926 2.68309053615659 2.70251999039018 2.57686150679449 2.60275857562456 6.15150838632218 2.55368001047163 2.71260672569993 2.5256180573966 2.70986586832526 2.71730108357828 2.65985805083474 2.53392420392312 2.73727690757113
1.10721729594392 1.04355830118691 1.05915865108319 1.19187011833772 6.44098058583387 5.95633972188848 5.37767233033293 6.01930194448016 1.0471250507468 1.15514834756835 1.12500361922346 1.13375963824005 1.06618412539889 0.485661750426846 0.375415190976485 15.7697275467386 4.17956006442612 1.10080394823104 1.1187599486261 1.12348010769735 1.22184310697378 1.07500076924719 1.00727345459139 1.14235876059192 4.23481525465194 1.0286288055614 1.06349173715077 1.05425859174372 1.02815359783842 1.03452004705392 1.09081440156714 1.08073648803482 1.11701865084771
0.322083591240024 0.396180748260478 0.429340959456843 0.350967134559037 6.19535130522914 3.94430990711985 5.24595328618434 5.69101694512016 0.342405551680949 0.392950109461571 0.367804324321527 0.367194274048023 0.372313018923702 0.118907346518604 0.118630686876849 19.4034020470389 3.24399139205246 0.344465957611751 0.345626564565394 0.408846720186558 0.573357572669346 0.333420854924205 0.321490269545674 0.365352641090162 3.3560458509029 0.362588858305638 0.330626155427861 0.332160987130726 0.327361640842962 0.335666705041768 0.300737430183011 0.273315940225143 0.3690094048259
0.0324556465570331 0.028453712739476 0.0250237599031303 0.030883656412341 2.54854716379078 4.90119254536109 3.89321880913582 3.57506412838917 0.0535856445911502 0.0347024499352303 0.0244013560647249 0.0422528627350916 0.0402448863915714 0.474316029048272 0.598675031602835 18.6397000016004 1.92523666513182 0.0303862849801814 0.0485844749168018 0.0313092849506228 0.065290608004898 0.0255722872296935 0.0401874992159414 0.0170978733792167 1.35975290940686 0.0479646790524091 0.0351807808868416 0.0281951398916068 0.029948286002182 0.0307584403959837 0.0274321652829329 0.0267859807598277 0.0214235522808173
0.14601586554579 0.179426726883903 0.202639595357638 0.220088632649065 3.69825530504515 4.60676160006881 6.67065204292887 4.69733643119272 0.173057142848942 0.206144790853212 0.244771045809577 0.176720108748334 0.191397900336947 0.0139616910410167 0.0516890898741719 19.1803554876012 2.87722495906356 0.155952789151743 0.162254293539547 0.224394393758433 0.301443604515949 0.160457387845293 0.155873474830913 0.150859491657665 2.80583942456113 0.175160279987579 0.143444692882153 0.181294483389173 0.151272845089309 0.16929273395469 0.14447946441035 0.137083478266323 0.138446092627667
1.70711768223721 1.7140375959031 1.58986426114222 1.61730787421025 5.32028267409999 6.17841351320275 4.57799481226297 3.77776477755966 1.80252094787406 1.61956970156137 1.67875781358841 1.78803686528784 1.67211669739789 2.39380209880607 2.5756720302128 18.7128352539742 2.92239182641411 1.73805456276294 1.62231958111934 1.73247999577163 1.70315869920297 1.7650390524404 1.63959440332622 1.61499931132442 2.70469896641483 1.76975815524087 1.6590828444747 1.8619543068141 1.61307209844745 1.71796227678951 1.76746452542435 1.60645715073718 1.73048165047458
1.56495026306736 1.60559392538071 1.65106625198696 1.66666121414634 5.96914173485573 6.34190303942834 6.85859572534903 5.84240537110904 1.6107620340327 1.56238823697834 1.61637143424785 1.62655783050566 1.61800954608516 1.60661963083874 1.82029451136721 21.255021531821 3.8753047827498 1.67956352938392 1.58903799109114 1.62622431798688 1.74390174095137 1.633573779621 1.43522731710577 1.65984534023292 3.74325167843017 1.77522259137222 1.65333468023498 1.60347411606211 1.57068831272418 1.63132252922319 1.62859102604994 1.61331372103829 1.60810225161385
0.236272173758734 0.313968995563176 0.251562442384548 0.326580847585052 5.98646162896892 5.89490146795362 4.69128416396938 4.73855880065235 0.247969722993521 0.259858352775842 0.29055805699637 0.304321218069388 0.277352182017062 0.0894189180542733 0.131099718985467 22.3674290499428 2.97058440973894 0.254045686951056 0.264319415451307 0.310350179357231 0.404499734179816 0.235835652935001 0.207931059697723 0.254234817175734 3.21511048850086 0.22134591619084 0.240173301946843 0.264932877290227 0.214204783018689 0.223608360150764 0.24321310579105 0.227154502214119 0.230094073601841
0.978941836456254 0.988854136215242 1.06872092778576 1.06958821287407 7.18322491362247 7.09248728732072 5.78787399647143 6.53167558264521 0.975321053682093 1.00995496686554 1.0691818876613 1.10771677893368 1.00008578599974 0.4626419297738 0.379091730816182 18.8325482507857 4.11864379735491 0.947111845678397 1.05559666150297 1.08580826698713 1.21219542473305 0.934029699353054 0.955144360331666 1.00809299995306 5.00829606754703 0.965891060464048 0.990021344379203 1.04786305539013 0.974615867872432 0.988784737913624 0.941601213364018 0.911924824586167 0.934141076269883
1.04970045016506 1.21978262412204 1.22868285816195 1.26252040279289 6.44772910725071 9.52991474285855 6.40846888966543 5.58901562923566 1.15072108356484 1.22687555789929 1.14641347980419 1.14040541753996 1.20520308185412 0.574737370482363 0.438104488376681 16.3611734909789 4.34145487075692 1.19657970070416 1.22682752860771 1.25075422116355 1.35860282853958 1.12504388220649 1.16624589066832 1.18680049603554 4.60566082998507 1.07431835520001 1.12501160807721 1.16061659669765 1.13302836297295 1.10937711255833 1.16960313697736 1.12410110555596 1.21195675887418
0.820881223689921 0.785475298783581 0.857369098387859 0.847046955230027 5.64123416971828 6.2917875389739 5.0177416768062 4.10390364424627 0.863217653882563 0.803764717710017 0.868282079405786 0.827615368468463 0.897639056117877 0.490918824612383 0.431547601891582 17.7868344052221 3.62865468284557 0.769542319303263 0.88029848265321 0.828983725466155 0.859162690944931 0.803864288236869 0.820979586081809 0.850634466046384 3.31627524276563 0.838800768093458 0.81080371474819 0.777735268265845 0.802825062089536 0.877503554139781 0.808069886727879 0.868501706408081 0.87303109602989
1.99824746155917 2.01039671177748 1.97329138311909 1.78287799669225 8.53741018010307 9.21290206732945 5.68602949324802 5.79829808865018 1.94826660754715 1.95573398667737 2.00428098581249 1.92175587662371 1.86668241130559 1.76882219580162 1.75387557762376 19.7330966191924 4.5505497529448 1.93738822768065 2.01100445918362 1.95739941947803 2.11990982638742 1.83761832036336 1.82080025233054 1.92310121585302 4.73465147555494 1.84850808699714 1.86110806210406 1.94370734360407 1.89949179417979 1.94816249056408 1.96039395581653 1.9235268585566 1.87201577533658
0.96191516450545 0.905556201349908 0.973600108261589 0.885395930857003 4.19472216424601 4.56755980169952 3.87847394616812 3.98440088874224 0.968930089889406 0.849916611213963 0.883853352537205 0.916860708681972 0.918508845335806 0.544300321262051 0.522182264722961 17.5721334649922 3.63636866380992 0.969964987187618 0.901660431605155 0.886798231083949 0.899088854590799 1.01900368625421 0.992539782717949 0.988447674512485 3.16714348064218 0.952024550401594 0.913035490406609 0.840758070521931 0.970326631738511 0.903038450680147 0.872175397861408 0.969794893719361 0.947746213044058
0.388832939513983 0.467416434828886 0.39610080999617 0.364420645819655 6.68740012152197 7.84215765259295 5.85081470738012 4.84736897589902 0.399323637787302 0.436447746372731 0.48722585544694 0.467163586701937 0.412087387950218 0.481676703415261 0.570053945034964 18.6842766708906 2.90154207417769 0.446797650738685 0.448981426176455 0.461338050343536 0.600483849918515 0.384930057278397 0.383346618902666 0.43335879419588 2.95580140203111 0.384219567150842 0.398596271649378 0.410113735511426 0.358608551781976 0.366186517630411 0.371125964447496 0.412681565552684 0.379557775404774
0.706668761512571 0.812442345045677 0.786354204175181 0.841133132502124 6.07792916058277 5.60808182404556 6.02192241715112 6.27601621481241 0.777392811010223 0.755027560060484 0.809016312337698 0.781424217270071 0.837913838441999 0.536248108580223 0.481683483793337 18.9150884378055 3.44486813712131 0.846737588610353 0.756126649329134 0.790271476513226 0.964606880470091 0.738079221851115 0.755793322806005 0.741356391408482 3.83020673219322 0.754535780927401 0.737628742384925 0.787076245766656 0.839174576864907 0.702735146927214 0.739562398387809 0.769531317315384 0.847635540744491
0.113525980894681 0.169393793654951 0.127287036791318 0.118112890786825 5.09697082584163 3.39765802388917 4.57602361099008 2.98651685824723 0.168391800408197 0.171238704362682 0.170354534547091 0.134143547284948 0.123196302189858 0.54015090537226 0.633314115620999 20.0450555363775 2.17551218025206 0.114448842386895 0.14551252141518 0.161453773004081 0.138449740422169 0.0987796817502155 0.151870150495848 0.112484148007893 1.89989345964507 0.119014487511048 0.156258663963202 0.156465490547764 0.143604630294976 0.114668422007964 0.107819437415878 0.143657564286335 0.134131823463257
1.08540561116961 1.09543893744768 1.13161880201654 1.05435324462607 1.96221514205587 2.96780642261884 3.93429212181497 2.58737222599309 1.08155416391764 1.10243851409619 1.09991291025754 1.13665665849219 1.06090585882369 3.26331254052 3.53341097142057 16.1417023039302 0.960377980770316 1.13083653293058 1.06614004474613 1.05463507347322 0.958291639384858 1.10045277066187 1.18291839080999 1.06845015895924 0.925377581692352 1.08114676302354 1.13406696234632 1.05571091640687 1.10310736965422 1.07802746347413 1.14311296684194 1.0604525857135 1.0964914818001
0.958404480220087 1.05695454870355 1.01091030679175 1.06368629935683 6.35159968554435 5.57339084425624 4.47706858306654 4.48529976702858 1.02444418486932 1.09383383028514 1.04287068732574 1.07796536065009 1.09895653040999 1.00111780383234 1.04930551168241 17.4950337974812 3.13662804583504 1.04521475620974 1.01353671194786 0.999584690624428 1.10729397262446 0.953405623503221 1.00368681837048 1.02952405997139 2.84770834746905 1.01615789691967 0.977918862454451 1.02909489220061 1.02252170960111 1.06529736214374 1.00837555159904 0.951437269145575 1.04028478949006
1.67590932163832 1.82092102006205 1.66069447369227 1.68171804543701 7.64314207242065 7.51723197822998 7.58200068132486 6.47032856232353 1.69850341912526 1.76336597771907 1.77918613342323 1.79209143997281 1.75354066700298 1.25748111994255 1.12103203569311 19.3358724579896 4.8159363304382 1.71807694795468 1.75759913100617 1.87459284953856 1.91853484200366 1.66127425568842 1.71539680250847 1.8717174570182 5.62187257836015 1.82675318611579 1.72335212735781 1.67157132646639 1.82717184621076 1.81841465128449 1.71862164491964 1.70725888008456 1.71883571426245
1.69499195517926 1.73050627416307 1.83388781170029 1.85303720105237 9.71822639588732 9.59724717730947 9.1057078080002 7.39026516605152 1.65610989212654 1.81603676588895 1.81657417574764 1.69310032466062 1.79391966240686 0.971156550707007 0.762310199302451 20.293663321118 5.4321114612486 1.68697074389613 1.84122871648291 1.88082056557688 1.94029920012061 1.72932059827336 1.66068982389486 1.81043132806606 7.04235191774659 1.68821671443718 1.70241873615082 1.71021258413897 1.66965001779368 1.66431586669017 1.69615463317786 1.70962842832458 1.67460222082602
1.49461882955743 1.6917392681783 1.53757665333579 1.75957051749712 7.77706607038246 9.15573488286647 7.42513499587409 7.23124086541243 1.58002300337633 1.65539982954763 1.79536921220297 1.71013432702327 1.5599957649478 1.02544765371061 0.949403238696098 21.6853456285878 4.75357245446301 1.54804408966486 1.4867071136474 1.69413220906921 1.90526643271976 1.54059320451035 1.71570690142953 1.73122594855984 6.05316843876279 1.55053195533777 1.59122815818566 1.56190689021965 1.58608296873063 1.55461541637865 1.45362507900434 1.56532411506654 1.60998608245955
0.342231125811719 0.386661696190328 0.442015997383483 0.421372942553451 6.05575824887282 6.681397684343 6.94557139885097 6.118568540749 0.391995037513984 0.399962472653154 0.389823751904214 0.34165151244669 0.40668108329803 0.125683605444477 0.116994491142552 21.7757407108259 3.23183998117892 0.369615362565597 0.385408637811072 0.417508879908314 0.540158093391901 0.326635185790743 0.387090073291566 0.368670078345844 3.20826532193737 0.354564660170196 0.335962127097573 0.377641760072652 0.340687637364671 0.314800499612822 0.368249280013239 0.412096669968729 0.34955476189306
0.0271864381465663 0.0235475500069525 0.0369038649338676 0.0260947844130447 4.2075325348547 4.34634286219047 3.31960804818178 3.05262647042382 0.0312905771223729 0.0304218320284163 0.0341814191623586 0.0236741042153692 0.021585448907256 0.355704749339024 0.524807986149956 14.5736446731798 1.72662166500486 0.0196956964131782 0.0193409164573707 0.0286451898449435 0.0834400050636563 0.0253083348593025 0.0309613223213366 0.0398998954818141 1.29676658186398 0.033058166799058 0.0215205212897015 0.0230196690393904 0.0335137797174737 0.0242413793810039 0.0360849927998354 0.0460156808632331 0.0160825164237148
0.0856716882787267 0.0802279489946967 0.081777305601813 0.0632072375330161 3.51845182365919 5.20254219346422 4.51162513681681 2.08224623320541 0.0605814280220923 0.049861987462748 0.0565252773818276 0.0589020552994894 0.0729115119560134 0.67092293806414 0.831133876233468 18.7231528862692 1.60866755624449 0.0738589894019479 0.0737107644768187 0.0935907178350367 0.0933455712651994 0.0551491945760255 0.0840080871626166 0.0660627491487824 1.34332472502691 0.0549080103427816 0.0899645264193092 0.0740304677936886 0.109135971161127 0.0833685749941667 0.0724819090512703 0.0574291347321613 0.0632543967120771
1.65026263095621 1.68289231526487 1.5936911615433 1.63586192003502 5.73565797091616 7.61882981968202 6.05123695074955 6.4011770305514 1.62737702327123 1.70340315666503 1.70332311485403 1.76167584530909 1.68204026632741 1.07002569179182 0.87782588608332 20.6494853708773 4.81067926478246 1.59328352547989 1.68974227513471 1.67278624148691 1.91065763686331 1.57230640837238 1.60927258046842 1.63639944208902 5.18048049773171 1.60380156902739 1.63317195533048 1.62472549133826 1.62201443347369 1.60089336019899 1.60749467252093 1.6329394236643 1.57804020681223
1.28812898671699 1.26355549030783 1.39378199197418 1.33771337713778 7.31806172412076 7.83118116271322 9.14608851431977 5.88547004309821 1.33183046576008 1.31078829037698 1.33082634163778 1.38510191956554 1.25560045541718 0.701232549181585 0.540803542040609 16.9330921605219 4.38419338861738 1.28048019141863 1.41284893756209 1.49212445987131 1.52405291730104 1.27208536131027 1.35203758226084 1.35986545445334 5.09782316992342 1.25893592392651 1.32817666053097 1.29875478392784 1.26406123183472 1.28364813150252 1.28923289739043 1.29860111755653 1.26352452748963
3.22265285498886 3.37394936165653 3.3737946958163 3.37972168174236 9.16698075137727 8.90652349007578 12.0957593641368 9.45302307452586 3.27674474597305 3.26813564224113 3.41081903004157 3.37506811043263 3.40851097614974 2.44281706967345 2.20980886519534 21.7254209714167 6.93971449250637 3.1735344969924 3.27097168170936 3.63399081625749 3.77511154243116 3.14108883406417 3.3725553779247 3.36204870055749 9.02003663575345 3.22848383186003 3.20425508924269 3.20114150445502 3.24902599092869 3.21178679424983 3.14317679759871 3.17487599562584 3.22338944138265
1.50975139002639 1.57162398390653 1.54515619575347 1.53496862599189 8.23054925551883 5.8768636051328 5.75155436965486 5.29650864302927 1.50293094203373 1.51070396579863 1.58246491519323 1.5259933557014 1.55614306300584 0.839825968205889 0.712891092207692 16.9259252052964 4.73727706475065 1.58338596093902 1.62546015743748 1.59496723027517 1.54957942859734 1.53053053318452 1.5362096158441 1.57096078017335 5.0550743753169 1.43997566118427 1.51356657668766 1.51590999974878 1.51384524201139 1.52468450672415 1.53663723178169 1.49112100367468 1.56391244364049
0.304088200487505 0.342592509107956 0.331973751329256 0.278194407948063 3.69869877812879 3.82039673487665 3.77718042763109 2.74208072080811 0.355928212164887 0.28626003515856 0.348452055812242 0.289043082713813 0.291383362489295 1.3280748694283 1.55984054932718 19.0096955642453 1.61712550269836 0.328245036879681 0.302474142698455 0.345341378745538 0.315312426834976 0.309157961119254 0.359303570028878 0.294580950607194 1.02193031646043 0.320873349889677 0.325167785082225 0.340283080905269 0.33339382446184 0.330827738399011 0.308000252231227 0.385000048250486 0.318296311522069
0.121810014618677 0.112929264082058 0.15379639859623 0.164387592614811 3.23399440094079 6.1278680394397 3.97464753159521 3.9841446429234 0.11033190663766 0.139644825954669 0.129456990263117 0.13345378805425 0.136565714684618 0.350505880277914 0.446811236278539 19.5632449116568 2.2859092178294 0.112326651254144 0.173392072257555 0.16968102754842 0.181949258169379 0.132693213316295 0.114319958628447 0.133972133039979 2.15719066854731 0.116185678568305 0.146885604802765 0.108019396976364 0.141289518630294 0.128824116129056 0.135662845539573 0.119629198092159 0.118216203304505
2.28754450445497 2.42131534755473 2.30993450221836 2.40377002792825 7.55470316197451 8.91132187866476 7.6675346335637 7.39846128388388 2.35544997999775 2.4470025811298 2.42656947499711 2.38789816530194 2.383429255349 1.80454762494319 1.77989953849489 20.1247169671009 5.1914198455536 2.23857034498945 2.26255803369799 2.37373725270119 2.64646911047905 2.25111332383887 2.30029476853352 2.25455483905438 6.24448280417922 2.33969558525007 2.32660959099607 2.33802712246883 2.3452367345875 2.19406331292081 2.30987682862056 2.23554204212513 2.22793587819069
1.81944641860242 1.74890348693988 1.72725036082129 1.84136198323305 3.6688802607122 4.57774809011635 4.2844617051458 3.79241857037872 1.83816669837123 1.77996257336213 1.85047767171521 1.67831575448606 1.78378115708713 3.33175391961792 3.65633209164328 17.1653832360687 2.16887677443207 1.82417365514237 1.81151815611788 1.7155807443067 1.57407512752996 1.8487497516923 1.7926581620023 1.89079423997858 1.89357223820887 1.77772517719253 1.75674271761932 1.93311016895809 1.83620938166055 1.79226412150815 1.78796045788904 1.78541536317899 1.82012476265073
0.771954396767848 0.729905255093906 0.783076394178994 0.829521263359054 5.61297512036685 4.18799469893829 4.34002118319869 3.71817057963938 0.790248965681936 0.798804235596329 0.777729537749356 0.786013819749095 0.816373361269279 1.59829848246525 1.84265171387703 18.543195405768 2.12628261948584 0.873953223690621 0.84200254116481 0.791817087202009 0.779933594773677 0.793200354255425 0.805920582713748 0.777250892889488 2.00476667892395 0.835086957089753 0.729922377918644 0.859849399349989 0.815733152848478 0.884176163566365 0.77934742480887 0.785351850136018 0.700240696214474
0.28777677320915 0.400047879872076 0.374403809673885 0.436798754740576 6.87854148358588 4.96933624168735 6.1332201002362 3.28010110457316 0.344307480889368 0.315347213162767 0.32732766502161 0.368810316354036 0.354720076988946 0.311224777034984 0.375483227582706 19.2335455904127 2.82017598639782 0.373461272836682 0.353673955697171 0.363734676872421 0.467506202791256 0.349093296643792 0.310801532756389 0.344384501421412 2.89557003813625 0.341055500936624 0.364655874927445 0.291260194210523 0.348310519326423 0.315527424542874 0.329697409139864 0.33468265547072 0.343929202368103
0.0738635419552227 0.051619368677636 0.0671208099038949 0.0748387345734583 4.61414478298076 5.15965815009373 5.01844022604265 4.90133627392878 0.0841828118147199 0.0477840160295115 0.0726614695948018 0.0562913329835968 0.0724329380637236 0.286803674764699 0.414353722133965 20.1228824458353 2.25772499382542 0.033904724553729 0.0817901518082803 0.118193840384473 0.163695150920904 0.0680476965890767 0.0596256153192378 0.0826053264221519 2.26189021733776 0.0658607226981735 0.0586123740475625 0.0594519223772122 0.0643984768192652 0.0451606208586987 0.0767296475419063 0.0392925899407481 0.0573330630086758
0.217085807981874 0.29648379524909 0.253406071154198 0.283788515659605 4.27432224789838 5.35443990028345 5.31367596353444 4.32401468679248 0.284921171334795 0.356301144288774 0.247631842076491 0.286926548547004 0.317036558551969 0.182635423482297 0.193957641156817 17.2957527685383 2.72482296413677 0.265479470359199 0.248010812540174 0.350336808998001 0.346536008044833 0.26243910412695 0.284490429209525 0.271781323098817 2.23471458162888 0.221774756168111 0.252930420868842 0.24074894899258 0.279730816897533 0.253034016774038 0.268866338344487 0.213795069694639 0.278325798922854
0.534683890588299 0.630307935420879 0.617958784225723 0.667725915408515 7.8276857264224 8.22072180445009 7.44149456654502 5.98866473542719 0.525493406791408 0.643733826869976 0.651210370847728 0.714078890421258 0.591743202324122 0.26338644083698 0.227233361394507 21.4787087068481 3.60777573934967 0.532632945020747 0.588001034335736 0.683081198763423 0.833269527543174 0.609463877429149 0.609039147702021 0.62651021788448 4.07559707746873 0.530171386791292 0.565392901664975 0.664217917392733 0.590804152513107 0.610860980295972 0.629964042849225 0.599849877857823 0.577560273574598
1.75924343084902 1.74498788399583 1.74986556188697 1.78571554926574 8.12804553882632 6.66918192133755 5.28319532320803 5.84505962789379 1.73437775222794 1.81793483475186 1.76885845543237 1.79826203700028 1.8024211169733 1.81419453869306 1.84362304477611 19.996696244003 4.03573823915984 1.65870837997173 1.84197257797511 1.73829541149616 1.81686884003464 1.83235115976617 1.76380215497857 1.79072008294018 4.41908956231351 1.702202373917 1.72739860763855 1.77501188072376 1.82995075819782 1.68732104966682 1.82721793156764 1.83611583779536 1.83462344233006
1.47967337639839 1.49684610280856 1.39823141891454 1.43315821499355 5.57348712656903 4.65180316606279 6.38001452819087 5.48994951537871 1.482713988919 1.40235350465509 1.46154560423871 1.37721670705381 1.37523498880337 1.51496974032545 1.54639728295167 20.080071704827 3.67147113759048 1.39706273600658 1.48158814192183 1.55476082631513 1.54545268286709 1.42961756818932 1.5851277218587 1.45063246079901 3.61178341491776 1.5365603426355 1.40994851726228 1.45503664822533 1.46348860473657 1.44977678737483 1.36093141659331 1.4357693741163 1.46315870141476
0.572076920961001 0.554478237767992 0.601675928489243 0.59982204584877 7.77581597066207 7.87983428438421 7.68943319461414 5.46646308129526 0.53895299577372 0.559031058153708 0.605998459679304 0.58511958687082 0.594368335940134 0.147677180041634 0.167185277790583 21.2526654092845 3.6723474297782 0.560253216985227 0.624028005666896 0.674868112814806 0.739654109126956 0.576032583254627 0.542847113346788 0.579019819318877 4.24098292558172 0.544341451415229 0.541451524123278 0.55325933192129 0.542096106883993 0.508490379248789 0.553663414242758 0.544839711734313 0.578406986134803
0.955548823918387 0.977528010162203 0.905350099287762 0.920827110676341 4.55816171977208 3.84231613582466 3.49825200382485 2.96360700492784 0.938279318613668 0.918916531532328 0.901069676871132 0.974648598883913 0.914369741266016 1.9131700715763 2.17084227994421 16.8281200826849 1.95850370327152 0.952242581190718 0.848638277290325 0.994519892957231 0.839644087744099 1.01578340783985 0.99912460404704 0.905883789440288 1.492383052217 1.00237448049359 0.956448608364779 0.952438557196192 0.916368744345753 0.980849587681802 0.960913014597422 0.96927357840404 0.953499623653768
0.106813763558946 0.136559770958516 0.131638096127018 0.120358515549183 5.30983233211235 3.68930330025345 3.47560822021571 3.73636815590997 0.0912808455645333 0.119543211187354 0.122553762187113 0.11393852988088 0.122677673264263 0.051331536651352 0.0917496550262814 16.8644600722155 2.42063672034371 0.0832796221873893 0.114830057686967 0.11692509558394 0.217233101625316 0.0780082823083292 0.100154737047478 0.109529547012861 2.30584398121962 0.0814012219823692 0.0777448791402304 0.110776619490647 0.114877637409482 0.0899744253307449 0.0826097433418746 0.117440099328042 0.0863305485043384
3.29266192481979 3.01886570894556 3.23162264110043 3.27267339648219 8.15344258692862 6.46584014386013 8.33636358390723 6.70772132932529 3.0637759081639 3.17095762201524 3.15296282060352 3.23083683367426 3.31256538065186 3.83587905117656 3.97012434202551 22.470837837212 4.73954798552071 3.37014057319903 3.36895752653328 3.27627874187809 3.48413684628428 3.29116361648105 3.29137796585124 3.12206634912264 5.29723588886649 3.09261397920076 3.25748971918016 2.97990505157512 3.03862820403119 3.09591220672271 3.18396283898753 2.93049331729667 3.14502626617946
1.26284662036444 1.30336514035426 1.42038976484261 1.35713378502542 5.55543117946442 5.01865385895191 7.60276178357569 4.82861010375813 1.26625162423748 1.42560218225149 1.39716323827253 1.33156354793793 1.36327765388213 1.3003800377629 1.39524666240702 17.6657150079455 3.54409222369362 1.27208354632534 1.25753462810432 1.35137589945392 1.42157266380554 1.25720870641246 1.30773524586038 1.36705737544902 3.72695551826839 1.32522830899115 1.29415883717969 1.28657258191077 1.3270026893041 1.31436367495376 1.49042093794385 1.24772275986553 1.33316015380679
3.01390905560533 2.93506467112293 3.04953727157851 3.08096319423064 7.74440582638059 8.36627007322646 8.22752465412016 7.40097023760794 3.00412042647787 2.94867769943126 2.98067827085776 2.96453972008139 2.92274883234537 2.78263221981149 2.73953743263397 19.2440822807918 5.45272657227663 3.10631864663705 2.98108989697532 2.99333833867096 3.07565413003498 3.05511662801573 3.09223800601235 3.03389925716608 5.51612867712393 2.96089101268886 3.04772537215232 2.96819034278991 2.88510738205367 3.05770449258275 2.98392961178879 3.02860757014791 3.17417425886789
1.02051707965652 0.978726414252307 1.00035874225708 1.02092334174495 4.74712196178778 6.40494953871528 4.76862816209143 4.24750608108155 1.06813204699909 0.983344981558982 1.13319419538739 1.00781934097519 1.01455675632764 1.56315165412589 1.69249841071113 20.5588884310588 2.73582408350999 1.03201430536086 1.02374074386928 1.0030873777877 1.1428746633416 1.05853540865203 1.00926161934447 1.15696221668156 2.66088669115228 1.03241481432808 0.990674724086244 1.03710843127265 0.950244352885195 1.09446059061902 0.997625632345634 1.10779228754346 0.993476651297075
0.10330656283624 0.10281356337718 0.08754101115731 0.0873863259841703 3.17652528250288 3.54955238656624 3.07276111398296 2.70610942058326 0.151076499161862 0.0925255296754173 0.0904187307320178 0.0798087238630023 0.0998937051997655 0.872397371064327 0.981898541103874 14.9765140012456 1.56480842238874 0.117094168879912 0.0953962649148499 0.0717759123916434 0.0937403209626241 0.126675392554177 0.14511096886789 0.115651218303583 0.994055358596216 0.113071199808749 0.0874954613605537 0.113237945777792 0.0932759471933632 0.116056124909234 0.128539031239698 0.127359697659956 0.103568181185305
0.75647553745397 0.839446364026112 0.894421701132793 0.846175331475456 7.30687914177227 6.90542365478688 7.09702588391539 6.11146902994126 0.811148440770628 0.795486895536577 0.896509664798132 0.943887050811419 0.945830268412325 0.550240296654647 0.488269150522368 18.6436982498672 3.64600666841206 0.79950452428497 0.792670786071189 0.907938249114208 1.05875818787262 0.750740059750022 0.823412261341781 0.79845821301005 4.25389914636947 0.779771506929108 0.713944774210282 0.794179391938205 0.803381124179121 0.819727117739 0.726171431397397 0.718029361675503 0.822604850724119
