"U_1_Gam_alpha2F" "U_2_Gam_alpha2F" "U_5_Gam_alpha2F" "U_10_Gam_alpha2F" "U_1_Gam_alpha1F" "U_2_Gam_alpha1F" "U_5_Gam_alpha1F" "U_10_Gam_alpha1F" "U_1_Gam" "U_2_Gam" "U_5_Gam" "U_10_Gam" "Sylvia_Sparse" "FM_RevJump" "MBC" "DPM" "FM_Raffaele" "U_1_PC_alpha2F_01" "U_2_PC_alpha2F_01" "U_5_PC_alpha2F_01" "U_10_PC_alpha2F_01" "U_1_Gam_ProbKp_01" "U_2_Gam_ProbKp_01" "U_5_Gam_ProbKp_01" "U_10_Gam_ProbKp_01" "U_1_PC_alpha2F_09" "U_2_PC_alpha2F_09" "U_5_PC_alpha2F_09" "U_10_PC_alpha2F_09" "U_1_Gam_ProbKp_09" "U_2_Gam_ProbKp_09" "U_5_Gam_ProbKp_09" "U_10_Gam_ProbKp_09"
602.958239027409 603.271759264618 603.750970432463 603.533824137843 609.741440955764 611.248970853165 610.78389438312 609.063186835971 603.094119937527 603.621758700479 603.310206818112 603.507979236299 603.13704944244 20.4720741951909 13.0944933294845 624.021392589192 645.273880334181 603.059904709017 604.144863883653 603.853788122089 603.958339472587 603.127560468429 603.271635582438 603.537214010339 606.495832330352 603.479992240159 603.373193824725 603.431392229642 603.336094414436 603.199053111343 603.743804864002 603.629360561808 603.308368062
1.47932958022051 1.45886224173021 1.41009258289862 1.47424545166562 7.79446990039455 6.56336901550837 5.45824614085599 7.04624687856011 1.45870892462829 1.45325985886472 1.39633442813982 1.54295898017549 1.39099667220638 0.768349033079132 0.634191370314236 17.2652917813588 4.78570145821769 1.46978567571916 1.45358695869454 1.53375089926144 1.59999962938513 1.4786736306327 1.42814740673619 1.35319581757624 5.38395508018199 1.40252477522801 1.4072275438995 1.43432845256921 1.4963863135687 1.47096700345668 1.36604659701177 1.40166159157162 1.44546807227669
13.1792244539295 12.793316512944 12.838039948583 13.0388944960403 27.6393907306368 22.3997235399164 23.7838948914891 22.7673858000434 13.0518800906621 13.112995153125 12.8258733351608 13.1312092108837 13.1801134883435 2.68121852249618 2.49677267930906 72.8617707590327 39.8198731402519 12.8879678159129 13.0032689788358 13.1102763190348 13.5376989000711 12.764209613861 13.124229090498 13.1676714816271 16.3465725385125 12.7889844313746 12.7185449965701 12.6119488527667 12.849824535551 12.8585239780702 12.9473976305591 12.9325035949239 12.9381325266672
0.434604760991701 0.413954506870165 0.3911994944674 0.411642363498271 1.79933491383895 2.24322746736338 1.95317752224781 2.01095050795372 0.479086003184659 0.396452526380363 0.401120534081101 0.396560745808748 0.380937705902881 0.492978623940425 0.464793527256376 2.44283419029525 1.94517659947773 0.368347015983186 0.441182297980811 0.441276766619306 0.497310631732138 0.405856061442754 0.471628575078804 0.450249215398531 1.65709881260375 0.372689024863224 0.360030901063892 0.371399964352743 0.402389461915828 0.358307905687324 0.353327244405507 0.373383686073463 0.366690865881603
10.0635525607695 10.0669244263154 10.1779048999879 10.2304916934774 12.3291567776746 12.2560159104549 12.4917683720152 12.0202668984906 10.3472871091606 10.2870144307961 10.2024112455421 10.134618711442 10.184578946359 1.89037070851123 1.37137417060057 14.1672980551106 19.5534069556261 10.0631338433325 9.93508418511978 10.4633798625236 10.5820733654729 10.1397857273345 10.1008169998649 10.2062547980139 11.9472119008356 10.0970599585033 10.1991912295937 10.1026021502593 10.0605424273778 10.292351097359 10.2426524319375 10.2664949008335 10.0942283363664
0.141822855699236 0.124342613165956 0.121034866104497 0.1232769190467 0.419423040813078 0.370963428950161 0.321413132366533 0.313548851492163 0.123039892593451 0.130328650107497 0.133307864173688 0.119187018666275 0.13608633010538 0.125490092739088 0.174736283426793 0.21899436039982 0.917227859489604 0.121703563197691 0.118144275141708 0.138737676032301 0.142286593008514 0.120955198658793 0.125978182209921 0.14423208650353 0.23501196973613 0.121631194295541 0.128356579961574 0.128707407108056 0.126155235356861 0.114517061936133 0.212682061727123 0.12468312990666 0.131550426642265
8.54313424861299 8.52678922343483 8.62421350500298 8.73732541683229 13.4102846016461 14.2769129891853 14.7139402620217 13.2051276875232 8.64449103684188 8.78649176226231 8.56959465448235 8.67478006252727 8.65694996010379 1.98896670061779 0.882371892613197 21.6108817748767 25.4658308197638 8.60234841386094 8.72485738645583 8.98521765585635 9.16784188962525 8.76135342727962 8.68917043939357 8.7381855263009 14.4083338491006 11.4962723293235 8.60600536744239 8.65639910341678 8.66303658659378 8.74090442930792 8.56648791705248 8.64479189190853 8.51965093479512
0.26971349271654 0.277121364653354 0.276106309196019 0.304871114526232 1.38707660789486 1.47797951367578 1.65950888511191 1.53754978801258 0.280544926288628 0.269287377664992 0.290411445287193 0.317489600524125 0.277258132494434 0.0931891970022881 0.0948662194534714 1.43242360074478 3.3856545294445 0.293037221514643 0.273666113211007 0.351659640670541 0.420292555584734 0.266297147182972 0.267874825865796 0.335263105017696 1.22631289242202 0.275481217652 0.261412396419768 0.279816037342552 0.273792227298205 0.283505086914792 0.425989374800812 0.266639253190293 0.283413658891419
2.93174290011299 2.959309872558 2.94785379217371 2.96171387528088 11.2352718789505 8.4554219857074 10.6028446420869 8.55796839098919 2.87080129934411 2.99204575320721 2.81385921088224 2.89182900324395 2.84064872801172 2.07575384056353 1.92599684128237 22.8480607716154 6.45806643801531 2.921862180398 2.92649040436551 3.08463640327557 3.1056928536905 2.79900696534647 2.92728205377612 2.91785998427819 7.83390528797054 2.80371890597027 2.81700866479952 2.78891415102555 2.81319183690368 2.80340844666123 2.75280841575334 2.76129398471503 2.75156517127816
0.719909721079074 0.734840839599045 0.745643479624594 0.78866406166801 1.76251067786059 1.63575624425105 1.39034032374004 1.56719317740624 0.806669041918884 0.752236299028954 0.771816947053624 0.758569914457152 0.763590023793664 0.754211183231637 0.861491487461307 1.24365124445303 2.58958745778787 0.794925661022124 0.716995094238388 0.727978030782633 0.766983463674401 0.752360968101596 0.642804367537493 0.785259226247684 1.34288756287018 0.762047392394299 0.767557920590937 0.795538091549804 0.800052029685955 0.79336498161232 0.76987832132472 0.777852008593169 0.771525699937204
1.02354098760878 0.838445496962377 0.724020838633911 0.838515767117493 0.872572985310752 0.942939468282192 0.846933597220407 0.879774240902266 0.950408857275692 0.812831712064345 0.761678235968523 0.839797999271696 0.814366685338567 0.767798441195628 1.68651496341477 1.20072044407403 0.782410789302741 0.888156661444712 0.779346005996037 0.742070176134812 0.788255142619624 0.826516011662024 0.776114269416018 0.759329658339539 0.644978341436392 0.993892062825287 0.821735945120945 0.789294441887185 0.903014813744881 0.950971985518543 0.846192174444996 0.633429508217989 0.76305564004329
64.0313676290266 64.1353884667907 63.6918822473889 63.2174252528967 80.1113330573534 78.9330885048366 77.0437133909667 75.0876791417022 63.8645923281124 63.752916313593 64.0862104651374 63.9091080295048 63.2205680426462 6.11440051468755 7.06811066912102 88.2531178798674 121.648965311458 63.4044981700048 63.7078746704352 64.0883761367211 64.6837315207122 62.6532635108664 63.4094464021616 63.3816680765963 71.6981437051095 62.9997883570056 63.0854504998563 63.9402951910995 64.2767564954898 62.8960791894729 63.1630114099823 63.1251987018674 63.6123641789356
0.201760331097773 0.203233576290478 0.194090894596182 0.209538649314352 0.966240241754956 0.72400558708112 0.963086452939703 0.873205148901999 0.186135161151834 0.212178564880955 0.196604562688961 0.192550296779373 0.194720875847298 0.309570655949635 0.326955323923068 1.29632729662346 0.986723714700361 0.205009306159802 0.206322522915983 0.229490940527881 0.241186359318568 0.194089800743513 0.210370683183244 0.20386684744408 0.670752174869564 0.194071989684493 0.197494854732247 0.206461610689516 0.199435491097824 0.200302005209996 0.201854948610534 0.200539494006317 0.176986143058647
0.384722695469658 0.343188809070017 0.374255981881546 0.362196208989258 0.717043941504806 0.775817569070836 0.760534265818769 0.639010328353996 0.36258124854962 0.368294945254608 0.350825405804734 0.361317637234643 0.343715692336686 0.439630898550899 0.574686086371204 0.345812781645244 0.65042117300731 0.356128235849916 0.357834303835319 0.372377607704367 0.372099215399341 0.330277949786198 0.391250256974321 0.366483829354566 0.489908390600051 0.345868113377515 0.353905204123209 0.368039720191457 0.362215255284388 0.34899936254941 0.349512553904683 0.366256455522786 0.351713013423287
48.8083914232014 48.1954931159893 48.1902567678845 48.2598669265565 45.6468103423432 45.3524516319639 45.9825016213332 45.4140789400614 48.7075578341457 48.1133347419771 48.1344139554188 48.4814793744406 48.7265286700616 1.73570203466653 1.81466122932289 52.5873383050064 45.6565605036641 48.6874951087461 47.4728381119633 47.8454723079176 47.3666468171332 48.8095419613098 47.9093445838073 48.1977793092701 44.106488395607 48.5730136580782 48.6767841163767 48.6489516741598 48.6285066541057 48.8782354811215 48.7271753556126 48.8571955424954 48.4451270291861
0.0981272737837325 0.105702679110633 0.102385954822104 0.119162361238515 0.562078496535237 0.534700307523668 0.642134952909689 0.532059535897475 0.107886135905145 0.100411700591758 0.109745664204492 0.108923500477432 0.102055563147867 0.0926431706234585 0.212529937806432 0.409430754662834 0.97139962098144 0.102173596201024 0.107667795092755 0.145244199468498 0.174825078343294 0.098039684603754 0.0988732759459473 0.127853442854198 0.333509675383288 0.108522358053869 0.100363799919357 0.102953467469254 0.104501023039533 0.103663827628647 0.113861388773261 0.103435552430838 0.103289689593948
1.34586702089947 1.46080968997503 1.39565390438628 1.33862713187308 1.03538017610758 1.06787452114557 1.01985008005557 1.07089890315315 1.39197490649626 1.38491047811427 1.3603904885637 1.40307204539287 1.37583206361552 1.75176373622426 3.24462720690606 0.911891219974491 1.1501876055922 1.42122551979728 1.42697514261119 1.22894868019311 1.26314519064387 1.38812371301109 1.44116459487286 1.24206038388303 0.931588534175509 1.39637906854011 1.45837985823857 1.3612549916699 1.39695218598877 1.4384996933416 1.35245043689075 1.3721802835034 1.37463245795046
2.45832433664894 2.40678656888214 2.50128405661342 2.51422543448513 7.37579047774504 8.80788200527756 8.00182996360311 6.80650237677533 2.50833097855408 2.54111606302913 2.50793960741718 2.49161599848774 2.42713996097199 0.732388293958573 0.586847845377042 10.3045435892077 10.5262602375287 2.33248265719281 2.45615882682367 2.65640936193079 2.73697126921258 2.41710020932679 2.28402889594305 2.33820896792813 5.17640729767544 2.20423297115175 2.39150530386425 2.23869341936264 2.31173764060657 2.20669212071318 2.32071148152859 2.26087225228778 2.36932196274857
0.810690683970629 0.815134563358546 0.816084933163137 0.837048689388216 4.05763497985775 3.41883546439501 3.44737329801568 2.8277713776826 0.811741169628298 0.777628545623118 0.864545477663053 0.833257474758438 0.843623909706568 0.570699895756395 0.673984727006685 3.87658842020436 4.93324685958873 0.806606942406979 0.794047201986847 0.831750206579371 0.933965417227785 0.828922985330394 0.753456013815179 0.870641014154484 2.93207792055036 0.865422974354807 0.820025992306193 0.810918201248383 0.824755497198235 0.812855889954287 0.835123969634486 0.818369179411822 0.804760756914477
232.143863434712 232.19295296224 231.981230690175 231.846191092434 245.906283090529 244.635025807965 243.704082954933 240.067537735665 231.797196004721 231.737483801347 231.998114179604 232.164183238787 232.108738261961 4.12923547388499 7.36305936110307 264.416922558215 295.472035529949 231.414928774342 232.263522511144 232.240421413007 233.26304150843 231.439168432794 231.378556317387 232.202800244431 237.290908442639 231.901935878884 231.627620880972 231.941653628572 231.825535432471 231.320839693752 231.269483984868 230.949791525935 232.171635550445
0.309825994712877 0.356385078407103 0.356298541374437 0.3673215700451 1.2203657519135 1.24298258950552 1.06219219459181 1.02948986861555 0.287625421381832 0.37021209201698 0.345030803919812 0.381062182830359 0.361712781960338 0.354064583660203 0.397506014858949 0.954440633756774 1.54006068467293 0.358302549843025 0.406323069950881 0.387943044365629 0.420011917011562 0.338646175442872 0.382432494876474 0.372374556938821 0.804608866505967 0.353060647229664 0.332682959219883 0.333422633525504 0.337667319709847 0.343850187950571 0.356686514950199 0.344622391033631 0.332283226901178
59.4974058312838 59.440359568312 59.5391271549783 59.5656752644067 64.3436133170634 63.9273393527507 63.0645776791503 62.6220836906486 59.4694174203721 59.5275135546452 59.5551679116009 59.6296602696317 59.6316157520519 3.67793160414898 1.42696220197343 65.4762799882566 68.3781473595169 59.5179653456632 59.4940938287508 59.6034833728525 59.8495237827235 59.5482728636271 59.4663776143946 59.5987480541921 61.0496973212562 59.480293549243 59.4834100939916 59.4967245361142 59.5275050135016 59.4791841707447 59.492040249848 59.5483041256843 59.5789395583781
1.22382787036289 1.23757153180263 1.20219531544034 1.19218787507795 4.93988447835478 5.54175367353994 4.75384437112221 4.52867113096481 1.14832077184674 1.20493425302622 1.27401738376256 1.26837228307427 1.26351394234171 0.541724459191718 0.607688907809834 7.70155381900595 9.39751608456171 1.16244355213476 1.24712381628216 1.35062051924784 1.49392472555665 1.15873478495406 1.17893302690895 1.30475261686272 3.80219454157402 1.20385838755504 1.14371437513734 1.13450205433103 1.12077626854981 1.11833070466987 1.15212320989784 1.11804484214209 1.23596417821835
0.504708597020623 0.512821575269073 0.508516905438122 0.509438856249184 1.09366674841932 0.98910347944985 1.05061265060322 0.968900572111986 0.48008393735627 0.51514267111953 0.53225729211236 0.537478956705795 0.5188840567089 0.578036002089405 0.656595566491033 0.808136205693919 1.09916886904917 0.485303376946116 0.519059427025027 0.602962723308757 0.61831859765911 0.490242123616154 0.532165388860496 0.60109248886133 0.73320437761259 0.477539680974989 0.50653564478066 0.532895802681367 0.499866087999818 0.509966530582413 0.538368303296959 0.502496585615813 0.497987785029639
53.6261011184481 53.4292813737129 53.7483855406448 53.4798782953308 59.212489698636 59.6584553317044 58.658474847589 59.0081760492413 53.7880492400247 53.5128140189566 53.6403651796059 53.7031333410225 53.696883869446 5.72273375303616 6.97293133469156 62.2050916129786 79.154326159125 53.4349744479996 53.3221770159034 53.5236674655043 54.0626474139989 53.2701604035649 53.4842383744665 53.4144408035731 56.1890027966739 53.4173028096832 53.6150704922365 53.3241470465639 53.6368191292734 53.1296277744295 53.1908837917018 53.3147363757689 53.1945467558376
119.279187576566 94.242090050683 95.7640702366458 95.2903120000519 97.1059571493844 98.0877411544487 97.7195501159195 96.9420620223559 98.4734847965594 94.9054452339253 94.8756891249967 95.2877535747235 95.5368730571052 2.43828045645715 1.73913227447716 112.992518193599 120.379529031993 112.336436662047 95.0497844727565 93.8864528178743 94.7891449042118 119.181045863966 93.8871520701531 94.5372212937764 97.7744455545845 119.488271773485 119.260934190635 97.0400329938425 95.8993805627148 118.310936621714 94.3875907333326 95.0013634261187 97.7635594752696
6.44174900137937 4.17395509101861 4.24828741896306 4.32387566690829 7.22373845947299 7.20670900343416 6.52993381076975 6.70328033226277 4.23281941283794 4.19836801941549 4.14718891927913 4.28555311706282 4.17559282254336 1.03529020426297 1.30308580031863 8.32691500410012 21.1774043041459 4.09189117933943 4.1298545193929 4.34537918875065 4.49423066594595 4.18800113592099 4.26493862041326 4.22046852095159 6.20000662090447 4.26742863999196 4.13598094783087 4.11724864854837 4.1737626233181 4.16093440102838 4.23202587586332 4.23397255722399 4.21749307971812
17.0874939794185 15.8644828249181 16.2173437244679 16.1660736694177 13.793625941781 13.8764760686462 13.7422174336303 13.6192870834326 16.8084705344287 15.5536642097544 15.8057730644517 16.2121683722349 16.4504434820633 12.9033439919714 3.39848580975461 18.4235027213688 14.8378957388553 17.1244490557495 15.6875981175286 15.3399816089924 15.0378530410549 17.0196062843148 15.6426530919001 16.6636028033099 12.8897301036669 16.9975406913391 16.9583101565101 17.1450169917316 16.7193056347324 17.1153403827073 16.976647694416 17.0271572878349 16.9973546388118
9.67839251688169 9.70735984357668 9.82135487358679 9.65242290999015 14.57285555762 14.0669285410488 14.2251088372903 13.6298798420398 9.64902671573767 9.59949744948587 9.58581461369647 9.7517247335923 9.80419594347085 1.3232085080564 1.31756546615434 17.9894086777269 29.3579060599465 9.65629172481645 9.84886753371412 9.92828599171744 10.1716815941059 9.78144304022378 9.80696071857558 9.69417616061387 12.5680289860571 9.73581887451514 9.69721278042878 9.65958085844641 9.5683471066032 9.51934237315082 9.6286410312171 9.65699694403371 9.62477987586785
169.973630265367 170.324964715887 169.137227624027 169.641915514729 194.164852769137 193.554838107257 193.439181767822 190.172840856945 170.18629712209 170.31597812659 169.394047864072 169.748909454332 168.446982301953 6.41541363916588 4.21159859051597 208.281241602413 265.452950583883 168.243547888587 168.69618966842 170.264344885201 171.503691015392 168.81088015632 168.830512148855 168.724754946082 182.095021770521 168.286394446665 169.03326987241 169.218943432347 169.267388043155 168.227095687291 168.668800619344 168.123742728007 168.031623231353
0.586676267967835 0.63511918584022 0.685901881337683 0.654968869161305 1.99259390209701 1.72153498469932 1.66379669577858 1.56654089519252 0.672305932337275 0.642245866247905 0.679592457246152 0.669661075243595 0.672933392431697 0.637754687742021 0.685278734763675 1.28139858912607 1.77468112371618 0.688141021969031 0.659642247965326 0.671770515180637 0.698676083975907 0.665494006290077 0.658950820398628 0.69048272810716 1.33487764434268 0.611583214718098 0.688275208704689 0.650560073350073 0.678909343468156 0.646353671181232 0.65435620181702 0.680380033408991 0.640234239103094
265.882336082831 265.613853864318 265.636562521155 265.66363073362 288.160907115095 288.49824058355 289.62449955484 283.23464306098 267.036620540522 265.945036069451 266.340797170075 266.060399115459 267.250692170573 3.04741693941185 1.44630375186224 340.536520317351 389.71188729558 264.53297526366 265.294966545067 266.094462880417 268.174885811608 264.523303193303 266.1797683854 265.142284391304 279.3309192914 264.971187557798 266.209022683904 265.965255367986 266.798598289733 265.158660037481 266.059407514072 265.579982531073 266.498251744435
150.094668852419 150.039888620361 150.28657524946 150.228352117207 156.605815448279 157.498744568663 157.354172229404 156.549886627059 150.216574062252 150.299649813231 150.303465861933 150.497356963173 150.709817710984 4.97276019533268 9.53931542399667 172.73632591381 182.225164099275 176.625576762475 149.64822944711 150.319743790359 150.847065811404 163.029689131246 150.140027200358 150.040499702213 154.771020608987 150.240735875484 150.13326661802 149.946784439788 149.787552392351 150.251312225786 150.293980597692 150.041659203689 150.116022320069
0.257062766478309 0.199070261359146 0.221563739501146 0.22118144748644 1.47530418304306 1.08080719257285 1.34088671487145 1.33698942575726 0.244060069005463 0.222946936643011 0.255067635973511 0.233259393903999 0.244642471144449 0.104157758404845 1.72819947925643 1.22159389039616 3.46634220863528 0.221728057839321 0.197338589921658 0.287638012009457 0.325567999683571 0.219373670810169 0.177203934698189 0.279904096929116 1.09981595769828 0.222147202432265 0.213332529306354 0.225684417324435 0.233281303909323 0.211951176641712 0.22312682323454 0.224383162165567 0.218409113613968
0.100711200190206 0.107158244115116 0.107334774920567 0.125040855450012 0.283319478829339 0.260717407355291 0.245521604413086 0.197086195096369 0.108598886087949 0.110841597638287 0.104011182755269 0.114374143061204 0.114007207493229 0.100287766024476 0.162131056637269 1.02347587113638 0.370368417614822 0.11461420858692 0.114463643669156 0.086801383847446 0.0776000126880159 0.117783024637353 0.112945955952866 0.0726654236256269 0.118575483323156 0.112124360457831 0.140151441393265 0.115812820584684 0.12141546356323 0.123769261468982 0.128385031095544 0.10908141693468 0.101596894391112
24.4875503902223 24.4827962636125 24.2376236098899 24.2175385648792 33.2280175050271 33.6137314424936 34.07681821349 31.2243975696095 24.4289602222364 24.3617352490371 24.3434246124632 24.584957463175 24.476469894984 3.35721779068261 3.8394579441202 40.0039208726726 55.9806088820595 24.263888342301 24.3197542798065 24.5357215784016 24.9416074284352 24.2951837398655 24.5129450174809 24.558556043683 28.3758879620099 24.1746691956656 24.2063252006943 24.2150573836607 24.1347470833585 24.0591682486369 24.1990717230818 24.2787968005998 24.0337119806179
1.58929324305717 0.622052601853963 0.546492921637312 0.732649328943291 2.18706927958725 1.70169432957666 2.0151306581222 1.58848883940334 1.32038687361517 0.390985889030243 0.625134739369698 0.477674142505058 0.727228694991762 0.930162347163679 0.943272180380106 5.45968959989913 1.78543949572199 1.60789943251607 0.434052892967069 0.370885193625577 0.350630697369513 1.63349461188726 0.285749683018665 0.619684862618234 1.25912636396617 1.59309323149761 1.57536557660358 1.56137199770921 1.45863651923864 1.60556129201495 1.56617858929692 1.38757957690621 1.44673138797369
2.01425407865892 1.93718342457415 1.93741190742858 1.92280140503262 2.31503990565622 2.44922913053046 2.48512056885317 2.07404150240373 2.01447977066563 1.88142766899522 1.94120173829822 1.91074992449248 1.96267172078955 2.04098651160114 2.08716858965248 4.72382761109403 1.94252779689189 2.05335377025322 1.89894244479332 1.8111325425479 1.75109017455616 2.02274880540515 1.79126607754662 1.8734304303806 1.8075016322524 2.01307112253615 2.02750450159407 2.03369023759759 1.99400089481464 2.04353790825229 2.03983017107737 2.05357629370371 1.9850932303247
0.488075678436536 0.471792432354671 0.490189006369121 0.476934086744282 1.34737130949319 1.37192034481696 1.12893708022503 1.22247761684042 0.509436642443157 0.459471810224184 0.493547566372911 0.497524326949603 0.441430184055777 0.544616866828236 0.559533816027031 4.2301389860745 0.413477169826414 0.500812137151785 0.505698762665377 0.441882627991577 0.457870219514248 0.490017913074269 0.458634666658896 0.491526032961107 0.736324667325123 0.533506421682553 0.509674247430836 0.514441718499321 0.484021707739629 0.5176580168227 0.493329571381488 0.50939381757447 0.522861483475497
0.160855250143965 0.150748403174154 0.15516137465391 0.154809597103594 0.688942294041788 0.573926027950109 0.641112289465926 0.460563964312465 0.141465979058461 0.160439036842896 0.158446139337969 0.152235431642808 0.147763963856478 0.167923521933984 0.192061129396345 0.355942057091325 1.28514745184811 0.148364027517792 0.150569677061622 0.161720013404598 0.192877406471051 0.151216158450344 0.156333111471607 0.175546240062114 0.397379201843474 0.160679694318015 0.14767031540574 0.157031373999818 0.155246794809988 0.14921654232621 0.193635237439814 0.148350477049289 0.153049347164422
0.499626364799555 0.532415253239889 0.510997684285123 0.529347886467187 1.05910969595805 1.04957392086249 0.946245218735526 0.880380326971832 0.535738367616672 0.519642531940661 0.532048676721946 0.510002525708731 0.507845651246514 0.501884088526706 0.714205583483282 0.903461713853824 1.81498490582451 0.537390192365852 0.505870500148472 0.516542144612728 0.572222027567158 0.530606320928177 0.539445202487456 0.5195323660636 0.801147365862887 0.544726318757257 0.506470534273462 0.507397164770196 0.507816561675185 0.522403682076784 0.517497513767974 0.543965836923328 0.525931755068943
18.3943316574099 6.05227661214538 8.09877305600054 6.08587429968395 12.2389455054193 13.1446362494789 11.3965802973683 10.6700742779709 9.40425843676931 5.67496828516672 7.46872705981067 5.76865136729333 8.13397081068164 0.504059284203597 1.87285483969715 20.5331672969972 17.953390767938 18.4413951518736 5.41985175513139 5.54776177692848 6.23841038224616 18.4661204068985 5.39705759954923 7.8701707789887 11.544423713476 9.50911329416923 16.3809005476352 12.6902484719713 11.263893439738 18.4993974866226 5.05021834439843 11.171418614131 8.52638822490187
16.9224438553711 16.7137822394203 16.8374643659036 16.7238983417078 24.3710157950057 23.2734656985852 23.0212898876031 21.5908107722978 16.8529789396231 17.0318654052689 16.8556456668067 16.9005859591722 16.7505456880224 7.21554612700395 9.4296708851634 27.1592679833317 47.6399554890127 16.5576921555402 16.824940051513 17.0937472622766 17.3143566235705 16.5925030489761 16.5598331328343 16.8467905101061 19.4335146265107 16.8322776017972 16.7624259106653 16.6513036801094 16.8609641170565 16.5985389007586 16.5979951068438 16.7120291113229 16.5600580182938
1.11468293949168 0.685209117185169 0.579684535888843 0.553225969486211 1.78240913586511 1.73775804883388 1.78825640868206 1.52725683435481 1.01251033215046 0.546622107295222 0.604349344824395 0.537419888087503 0.595588477446612 0.842010760828288 1.10068649143581 4.09785734218011 1.37522284289023 1.13134598847314 0.555544667128406 0.544905265685061 0.514718479113515 1.0864444939141 0.554125079818636 0.592832123191642 1.15364880090149 1.16127481609941 1.0015248520777 0.968487381100875 0.943079858327569 1.12510353106782 1.16519399194965 0.829492674343502 1.00679385213593
8.55992169214255 2.31057445370429 2.71236336077392 2.84881986048959 5.23362982640007 4.96475896102978 4.9805463795999 4.9083334376184 5.83667872428623 2.49013670796375 2.79162499995762 3.09774014548125 3.06660671857265 2.27580899142578 1.98093711028452 8.28557681659112 7.61504235319715 8.57835305331744 2.54926777540314 2.64121466655703 2.83229023312035 8.56902326283595 2.23259691945896 2.89374095902003 4.49257258767681 8.56128124363347 8.56121051158543 6.21370662692812 5.74126158561193 8.56974015479399 8.60196742279801 4.67138074217252 4.60164295960927
0.390693483902871 0.407918344946721 0.429611030985569 0.425103990518714 1.42170690366057 1.29533089043728 1.26983320391271 1.27584266998102 0.433772558260213 0.427514782543438 0.424042564437873 0.428763864635883 0.433365252937036 0.0717473667285848 0.0521686697810921 1.55378466147406 2.3148592028381 0.401797693906619 0.402740692419285 0.491058010890594 0.541493851405006 0.410136316096984 0.373725350907649 0.472223156219694 0.89083620295934 0.427027207585925 0.416320533648305 0.418149485893788 0.417392924860338 0.418661144012139 0.416824944641346 0.418630880302391 0.438996151942789
1.2778237518246 1.34088928429114 1.31995402967878 1.34657103312812 1.73589984016677 1.75918717238219 1.62312482516656 1.61485028992181 1.44263680024048 1.32310779410528 1.29848473575972 1.36858310449813 1.32199131372422 1.41915905305904 1.4574913615561 2.51542011975189 1.64207179034148 1.34348363601469 1.34310836014311 1.31387223931775 1.32354774760888 1.3211131457346 1.3549650887485 1.27691914028184 1.38064924564526 1.33191195252752 1.37309545980982 1.29062588446202 1.2963733140717 1.35475342888184 1.33471186136444 1.33131016407906 1.39195924851591
128.799123576963 129.650806000583 129.521647523519 129.498441266837 131.410494701519 131.484928960858 131.411400829484 131.243186558026 129.277265152805 129.67490505962 129.718013656343 129.535060267992 129.352605613463 8.92491426801814 8.0254548522477 134.813067656477 140.728337316515 128.828341011575 129.608044635549 129.714502002718 129.921031803394 129.025122644007 129.485045242173 129.557856998125 130.787560232529 128.898571107818 128.774186006433 129.358019337871 129.157263621467 128.780821559759 128.898316625655 128.974844073733 129.273766093508
1.90821384730953 1.86474978517195 1.85503503869735 1.93987265244385 4.45731363793069 5.3000258497769 4.82605530964739 4.66354062126289 1.87778460815064 1.92153029617824 1.86533208051314 1.85614076364114 1.92015612056172 0.208645205802678 0.319030226342037 10.946091629675 10.2718895386149 1.88148639893711 1.92134370963715 1.84696854914877 1.98472333648868 1.84194209664228 1.87154068983419 1.92755999158882 2.96313723461515 1.84704026279602 1.8137498172814 1.82510736051312 1.86390457791977 1.81819783110363 1.83785422090319 1.84054720404382 1.80607864152809
43.5599523470257 43.9316550611649 43.8595909417532 44.4135690216934 61.8157463537682 59.0183191156332 57.2657094695174 55.1313947735432 43.662025216538 44.3182186634269 43.2694828930454 44.200319175653 44.4074103521718 1.9136602484371 3.73447403871807 134.67824861823 105.77695190188 44.3168365686441 44.2761974277407 43.4119811629681 43.6461398548168 44.893413788625 44.9465940999787 44.5912613538689 45.1258726992121 44.2318575326548 44.8927504246524 44.2183706802321 44.2311554412479 44.9113879535948 44.6744026047627 44.4103698500716 44.1056500149829
146.085575135016 145.488866265639 145.856829219112 145.92709691421 151.847202090772 151.622973067941 152.076443640103 151.7499511605 145.690477749124 146.023826029916 145.665564398388 145.83169665271 145.897150249917 1.44724196631611 1.44098187969474 159.723801847342 183.301310524505 145.697205954134 146.025312003466 145.818887961384 146.261116970336 145.702085930202 145.661733302637 145.619071032103 148.908018668642 145.799965490188 145.561884727031 145.913971462954 145.800472004696 145.656975496171 145.751057777554 145.850677158436 145.608395424575
0.823337756821134 0.796512016991898 0.857077358959454 0.860461144533405 1.38733074196457 1.32137818453034 1.39373176661453 1.19644627804265 0.820282290598779 0.906316613294867 0.826699729012892 0.859634556501713 0.792622659423262 1.35678355904102 1.16785333978923 0.955123991340705 0.924499671840979 0.900079890422265 0.863231720631815 0.809145656313806 0.786869620920746 0.934154840973227 0.805923178031614 0.77556013986713 0.899800600616269 0.871764373348659 0.889283461963642 0.85866928107896 0.918792244204842 0.907337594428856 0.841243402489158 0.868422808645385 0.86318720646603
1.44421464778881 1.44349382360687 1.45475354628497 1.50519162944494 3.77751134744007 3.81245392694174 4.03592263396896 3.4910096464451 1.43126432243371 1.43179423085736 1.4772008591355 1.45933665106854 1.48290784120553 0.972117579776515 1.42265767233898 3.06473393822714 3.41606794061648 1.43009040577577 1.43395269513463 1.55396617860169 1.63092183368912 1.41477783208228 1.41477863272972 1.52700074978299 2.98303502916608 1.43981700505875 1.4359132276193 1.41922450680496 1.42257834557255 1.43375254941648 1.44972253041937 1.45061530680606 1.48087240214219
0.34566531091959 0.356318484095405 0.385724694823599 0.360018466676653 1.1280499985433 0.919607863234787 0.972851100496192 0.92135964748719 0.358939585265173 0.366241714197889 0.3808448801052 0.396841948986012 0.355935637917158 0.431382358498105 0.51641843079664 1.1893512079927 0.453134925383849 0.341424217806426 0.380013356238243 0.450467678720049 0.467700681204391 0.344609326397318 0.367708117829123 0.430765484868212 0.69925479482781 0.325408650963104 0.324071573327297 0.372150897651918 0.338188460293387 0.344295065708018 0.343799621928056 0.347856913389108 0.333891463571323
2.76268161812201 0.892783136860957 0.571678658138036 0.556415195966913 1.20341513789783 1.23864921953532 1.04073772016401 1.04833135428306 0.615146890496387 0.604061011302255 0.568454687151422 0.582589011996698 0.565841258150072 0.921665013041936 2.55150804818503 2.23603598030356 2.53514844856931 2.79251293862005 0.901993488349287 0.615301180367638 0.652793385004387 2.74537332572464 0.91926836567147 0.631136463429888 0.892114398259727 2.7602968363437 0.921403055001958 0.622049813853277 0.783735285937657 2.77315571570054 0.952228743353565 0.579467580379752 0.582564158886285
3.86093833727253 4.14211672623 4.06192723129219 4.04777495687433 11.5062364227519 11.8644059368258 10.5437427553406 8.7597445874677 4.15736517541684 3.84852320705459 4.17016626197729 4.15704546997676 4.07601883982435 2.1286420963194 2.56388622233817 17.5100531206295 20.5837369562179 3.93730135921672 4.16549336816607 4.38672999129758 4.6165258266165 19.7833219098126 4.54805830428965 4.20546395870831 10.7907871743616 8.83058385263635 18.9091763873432 3.73518989534165 3.96797894507301 5.50522157527292 3.79719683142267 3.86243828687829 3.94269948961092
1.15341265125449 1.16433052760222 1.14093288653996 1.17003149257155 1.64311447910817 1.53916450253049 1.49274703430179 1.4201164610256 1.141460659714 1.17116840572551 1.1509369769163 1.16463728731589 1.15406210247611 0.164410966574772 0.291108463049013 1.92581771098671 4.34775063048562 1.1528019907057 1.14998869565165 1.1515356402744 1.30330639527531 1.50581928243601 2.27424818007383 1.13682472190389 1.34846509453205 1.11593452073216 1.14032558361855 1.12092187340916 1.14010310337162 1.52180402147737 1.1548152630846 1.15689317091361 1.15759930248525
1.11056062173492 1.23269356252486 1.25822674169695 1.26564178603682 3.19878663457062 2.67860717742633 2.67636701464827 2.66428069930443 1.20560854319678 1.24837671054978 1.25780027795026 1.25046841951217 1.28066124039793 1.0156419366065 1.15385530122765 6.11050777601596 4.66108923458349 1.20670087756522 1.21346022998018 1.28871845703484 1.2622598297034 1.20958100078777 1.18422462471625 1.25122625698588 2.80740707025315 1.19609052863086 1.25394115015037 1.19619112036484 1.24206410101382 1.21024501165203 1.01480832171806 1.24437878686566 1.23449177804853
334.396941863365 333.173702051002 332.108782959554 331.553696146755 392.24705756979 391.14778664902 389.843636113925 390.634391811459 333.152577287336 335.003801891498 333.848746481657 333.598909432722 334.552841681174 10.4743774830656 13.0731867458259 656.389480188919 607.273923287765 329.941815893405 332.793848925523 333.547721698472 337.666112054608 329.640636030062 331.920606295016 330.216044707618 354.499284587303 328.656540289417 332.559237092678 330.310380179669 329.672680378595 329.088713504675 332.342230164788 329.609605309585 331.998597018246
0.407002953934224 0.375535560929218 0.38380924607281 0.387082828630011 1.83851173335191 1.77371079959579 1.60429045445768 1.44553627073005 0.42224745414284 0.375437622790387 0.372609812834504 0.393931993102627 0.377447394702355 0.355712808759986 0.40274253453131 3.11686155928997 0.78778565281952 0.435614658546371 0.366286373582374 0.458639453273277 0.565439340318451 0.42916406655057 0.416202103679834 0.414752806002581 0.985435424583713 0.405215257951565 0.399513638209253 0.413963364354272 0.396989324168843 0.45403271278457 0.386021314142393 0.433488861405541 0.424435976427783
2.33413480655869 2.40906120165972 2.3912631226852 2.33375919045014 2.94367193024521 2.85465712375495 2.81447288573546 2.52286400036304 2.5241336447892 2.33918275608627 2.38477040595598 2.39432481716728 2.29549433890675 2.34846818823767 2.65218777342284 7.24194846885678 5.72788971351165 2.31180969996468 2.35490687335045 2.31598484384851 2.29288356982387 2.33064853128329 2.30543524231623 2.28319094523416 2.49127085520516 2.39413457419519 2.41046843371666 2.35839461192206 2.3816135020203 2.34656822838647 2.16797797600913 2.36395010371443 2.37286639870951
5.37252638830013 5.57842609187317 5.54617783506501 5.68494600704251 9.98653479926708 9.05566839891595 9.71923944919316 8.5373750952875 5.57386292226504 5.61169634234004 5.59400664696288 5.71534671348684 5.58640695291583 0.945268652150561 1.16919912015407 11.4982699810032 22.6474644743117 5.72246893619754 5.5694606390551 5.65031414917066 5.81886507870646 5.48299718691714 5.49455529093189 5.65286021250351 7.25151663715158 5.4932034449473 5.55054187560326 5.56667833365953 5.60169933455532 5.67189974079468 5.57702865670387 5.56356833602293 5.46254929021622
32.2125504390241 32.0544849600899 31.9738280997711 32.0177657754364 37.0851419987014 36.754958187301 37.0972006072674 36.1830773960574 32.2742003985462 32.2059762040072 32.1613643937549 32.1713685210329 32.0462590425406 1.45724101472694 1.09400323424048 43.8781750145429 49.5446892276121 31.9146336164741 32.0648855533745 32.0307557044579 32.269443109788 31.7885910633047 31.9767219740483 31.995876155373 35.2617012981739 31.901644518042 31.9667200123796 31.8986292521498 31.7953208347643 31.9508047213272 31.5890827374655 32.0388753788571 32.0583984678427
35.5383139637422 34.4482247654792 34.5207801646503 34.4843529105287 38.1467473025026 38.5373755536339 38.6677007700562 38.049557923274 34.5648533736196 34.6044255035617 34.5696245454094 34.3686411739184 34.5199051702008 2.29545242625715 3.18638799465544 41.5125337394637 53.05446245077 35.483192233202 34.4225448432619 34.4948765021878 34.8094077664244 35.4642973865732 34.9808104726976 34.5970353344601 36.2391432709716 35.4073730344566 35.4547158736369 34.9170904598061 34.7992924085485 35.589633418902 35.3254010019067 35.1141594520939 34.8655047848462
1.54499979237531 1.57520850557746 1.72060354508604 1.6923383200507 3.27898231975033 3.44705851218357 3.21830497182657 3.08058310700738 1.60383184537147 1.64018582475739 1.64466979581362 1.69839662132715 1.69221066273475 0.678632274405894 0.638453808577148 2.9339839121439 3.9913521472213 1.55136448530139 1.5733736148031 1.9977838145165 2.03149002014304 1.55523526159882 1.5836141834705 2.03248461108454 2.62606492970535 1.58151266139018 1.56534745190192 1.61718473712488 1.59724334486906 1.5749560295854 1.58679030094274 1.57551543345048 1.62372642363433
312.898285736004 312.943307216819 313.736649198854 312.661368460077 328.940632097403 325.614591929287 326.001254558495 324.683846748036 313.081689454795 313.051811512555 312.487227664326 313.159570764279 312.988916142519 12.8675668208176 16.1593960755959 342.330502818988 381.558980586331 312.363570229656 313.08430312838 312.903522202004 312.680399529901 312.867957518612 312.785319779557 312.86433881455 319.189892610313 312.115502395696 312.645063703231 312.097240119705 312.616864654439 312.067344710824 313.23219533207 312.31101105134 312.873482288699
19.4555766811204 19.0673404576517 19.1595491124008 19.3325809556598 26.4051472680921 25.2885740931466 25.4382758891672 24.3740595284948 19.5538215757837 19.2532609570078 19.1523886047253 19.1721967291548 19.2699922656491 2.7863538613183 4.39761853292399 41.6747665414584 60.8983237841282 54.1363281966554 19.2285181917006 19.4212832927983 19.4157378366226 19.3080331689299 19.3285119502905 19.1861847854788 21.9913655372135 19.4941302702722 18.9354776541775 19.5594033564923 19.1172725212762 19.2511188533311 19.3452510081325 19.2847951557276 19.5484272269071
0.598554840514392 0.620809703946516 0.605556664303491 0.58634989084561 1.47354260383097 1.20621986088744 1.33382501261101 1.36070841336193 0.588907382729784 0.563933242264776 0.550253699429222 0.586450648499136 0.577088558344793 0.96040302997346 1.3187960946669 1.16217918799236 0.734629393049915 0.595948499031524 0.57988799236444 0.560046482682882 0.589879653933004 0.606164221901881 0.603989852408352 0.565444097144573 0.913632580414381 0.620258746612377 0.549661631530198 0.575581796174469 0.619628618724845 0.618442351145895 0.647366838610661 0.621954599187558 0.564056331520328
0.896850049233802 0.980660964007614 1.0136833956906 0.952728902635856 3.17838757378187 3.90739901986327 2.98984069287055 2.95747384257644 1.01218425714921 0.926358224551101 0.960518443223517 0.952298433497038 0.950235532274421 0.424571668369175 0.39285886764997 2.21898378663465 6.10039671951014 0.958519691600013 0.956859044948824 1.02618301475969 1.12876607878818 0.925928060649501 0.985570729327932 0.973505913439983 2.405453908336 0.92434622915061 0.907132954865646 0.953195860857644 0.937003628563148 0.934915758359758 0.956705092115131 0.895451809258437 0.928502721403819
2.46966128989587 2.60160817203849 2.56194377536661 2.73333845586271 5.08757908450267 4.49171805047511 4.8779510771541 5.79088464084575 2.78346588109064 2.63374325946518 2.69806131521639 2.6372330339286 2.61837035636198 1.00446199152832 2.6094133025442 7.98367519681518 8.40300325563238 2.58976349834428 2.48548043568696 2.58305971550222 2.70003012572021 2.80211620503882 2.63320138212095 2.72373242756317 4.72371946896506 2.65393477246196 2.73039529277089 2.7280650103195 2.71551043514135 2.63790805254215 2.71172220767675 2.70844880791445 2.74404972750102
0.215233000008045 0.236892794491821 0.224432839033773 0.248474916867923 0.603911452765853 0.632479726280107 0.504261693966748 0.500100355338322 0.24657077104705 0.228373296325689 0.253132730779708 0.252445012378582 0.249295927998955 0.188741762322461 0.161028780578076 0.449462953485045 1.00787736683583 0.255008492807459 0.21276714654504 0.247210479078987 0.291683643257749 0.247720195450595 0.185473126765035 0.24179372476847 0.378867663172778 0.250134140368257 0.250416240854923 0.252673807896591 0.249966390297372 0.249961594377129 0.244461375786848 0.238682426389508 0.243405213657744
13.2386376257659 13.052903395209 13.0436227020912 12.9872749743418 15.9509024530865 15.9478071003947 15.5977904641629 15.7963031292372 13.0656220838812 13.3445737294439 13.1240973006959 13.2691458970392 13.2570290929648 1.53119470294428 1.94394900833818 26.2840486301935 34.844283826337 13.0183459271482 13.2770856604786 13.2104869933706 13.305753543583 13.1912065093637 12.9480194987048 12.9122763654612 14.6171069938772 13.1336905362314 13.108962826449 13.0354099988846 13.1135860613887 12.9068284049972 13.1090976226131 13.0670103816141 13.060080437787
1.6679612963774 1.66351591338345 1.73393533702399 1.55790955425832 4.89180871301975 4.74542041735447 6.14714166844499 4.03777790721066 1.51380428022289 1.60978808014735 1.64266763276911 1.58108925184897 1.48613347523527 2.47000121916688 2.67400585311259 18.014276638475 2.53784258099382 1.58720496768765 1.56955483545161 1.63027922105895 1.58554378969303 1.55055282990054 1.68101770602507 1.62940340133992 2.56882881573635 1.66061138865335 1.62662496755249 1.55101491109469 1.61509818341751 1.60362282950044 1.50957857841472 1.58917665636445 1.5917233437175
27.0272731544311 26.9978599604487 27.0419551450928 27.0569043008587 28.4201302728221 28.986197712935 28.3579577300503 28.412886800788 27.0409387072934 27.032159210385 27.0788337788905 27.0365650130445 27.0382270672778 4.5601180046826 9.43755248463224 28.6799054297241 33.2366868475158 27.0387393141522 27.0303237588656 27.0017941659661 27.1885097622407 26.996988309776 26.9936063498998 27.0646311978937 27.8452171914532 27.0082069334926 27.0144648988118 26.9917703396169 27.0435455231566 26.9990155115307 27.0425753824662 27.0391076137113 26.9716585158291
8.22139435558977 8.29650854180654 8.55782726155785 8.4057573060324 14.7526435894354 14.4564768990437 13.8788634448577 13.0720441291054 8.29655008689453 8.4562776775634 8.59364894600259 8.56622046862812 8.58444064952156 1.00644154144308 1.29597446003582 23.5937382896851 24.1397203129616 24.7822210911868 8.30301882396866 8.49956252131527 8.697914377214 8.38178678636119 8.17939571600093 8.73312282619382 13.7120364761716 8.33418038821625 10.6272127672603 8.38023984517384 8.45762196992788 24.9226190948817 8.37066985234365 8.18305943688377 8.40772444936577
1.44187750922774 1.25885598629104 1.24972627269437 1.1963858702775 1.18821165664769 1.08293843546548 0.985397365289417 1.02231316103231 1.42423113829968 1.23699821991131 1.20932669706325 1.26451455929057 1.32175431670347 1.39644050770769 1.487704835254 2.64017899569054 0.981282837468885 1.40992041278721 1.14822226336726 0.985424429398768 1.03633588122299 1.45855679938837 1.21253112347152 1.12450670582917 0.742836616077462 1.42214243323057 1.48030905958064 1.37063254292291 1.39044331540999 1.41948337803818 1.44659734273255 1.40957570244335 1.40993659192985
2.64365381712068 0.811915209630652 0.99956478443658 0.910676357593851 1.82578195182789 1.4527532551879 2.00565578570355 2.07350589742544 1.11114570955175 0.86841564204247 0.892903680822916 0.927994261830985 0.961048292086341 0.551184133865782 1.04313294930749 5.51429554266082 2.34567574644207 2.4768679368337 0.710292210938817 0.742549421599789 0.675331842255836 2.50625998348336 0.619428248355049 0.828704067664663 1.37907902359213 2.65786059354316 1.40686918091832 1.27773695456727 1.08952945169585 2.62818311732847 0.988567184933362 1.04167539789418 1.07516298653084
208.043124705507 207.54633142072 207.34336356281 207.654542212299 223.194341510367 220.812165642473 219.373390798214 218.919123353677 208.024595730046 207.91067611165 207.316637614848 208.019377690443 207.583878325798 6.21688529687958 4.13955622575891 225.897005619785 271.345427722361 207.246599774066 207.660144361129 207.997390790443 209.665376075769 207.601896867021 207.902491116094 208.482826732175 215.348574160606 207.580318009108 207.335703740347 207.333429790895 207.547254852328 207.089097827961 207.313615236466 207.075469220977 208.2784155295
38.2929085403816 38.4566087208083 38.3686072514085 38.5881409273914 43.9639139375974 45.3146542261643 45.1958773988743 44.1890208747449 38.4769249680397 38.6060712463346 38.2972513080515 38.385798968542 38.4207792368967 3.10973028269179 2.58826381101515 50.8756679536834 69.1112082402453 38.4608270715916 38.4698478292058 38.7654162740913 39.0772068165275 38.2692573712941 38.4049881236434 38.3956668100741 41.5662657280106 38.2676635731246 38.5316835157278 38.2986152698209 38.4051647006196 37.9797543253629 38.2899398391915 38.2616394586125 38.2550981968741
38.4368991420578 38.3654451773608 38.2445862149375 38.4433565071808 45.9623095978369 46.6968916205764 43.495773217847 42.7968682474343 38.3776979390223 38.3548389354712 38.511138125505 38.5899021151763 38.485879295695 32.5136641284911 5.6826405053735 61.049143089687 46.6978733659763 38.6432911605396 38.4433550316475 38.0279178807943 38.5349929877352 38.6660904951806 38.1972586122122 38.4721288462511 41.4939336355942 38.5641154393137 38.2689575885915 38.6184427537524 38.7233639887666 38.4472525274569 38.6417726448409 38.3309013945065 38.5167917348461
56.8927950585724 57.1595616278022 56.9727215647109 56.8495005978341 67.2605533186298 67.208571699217 65.0342115811241 64.4726490918766 57.073476842431 57.5084164428467 56.9807164629837 56.7506038526876 57.1722643429036 4.2014302019972 2.99325591605415 78.3170837294902 95.6822805148523 56.6687524904054 57.1033450369887 57.1987760664495 57.77294666694 56.6248637761696 56.8844891936338 57.3801341788436 61.7001261275744 56.8148995206665 56.8717068282906 57.0106282792958 56.551777972421 56.5337291355582 56.1864013390037 57.2994351288828 57.2308635254748
0.440777967962737 0.416864677633678 0.416976566833517 0.43105798651172 0.407471430861996 0.425354933852269 0.405442542754836 0.357115364548215 0.414468365856849 0.392122452715792 0.417121944437175 0.417940854094214 0.407045604218354 0.408595446049511 0.532246268696081 0.237340920461058 0.92527146139121 0.43527309914777 0.388339108759107 0.361650256629012 0.38370164113275 0.420679574452125 0.36256066799786 0.370991423417088 0.204379475917618 0.425436404074246 0.460954405625218 0.43676764608674 0.408340748207958 0.45022429766267 0.385080801036537 0.401144820892382 0.396653088894598
0.086966525298303 0.0784575305171517 0.0737744778435788 0.0706642562212114 0.42037571297455 0.412338321061305 0.366062750663322 0.28120802928631 0.0817336758744729 0.0814092962343082 0.0743944010434859 0.0703353455842692 0.0691844785030505 0.212237166834139 1.01960262531508 0.205729112182147 1.04406982559568 0.0627302835307132 0.302579941948383 0.0531230236823314 0.0537207362949061 0.122847252822783 0.0657594801726538 0.0556584579632501 0.187917315847332 0.0792497530540241 0.0476506073463996 0.0746871454518403 0.0724753092366754 0.15163377970958 0.0771150768928914 0.0748700304974843 0.0677130277866189
0.977173561365918 0.973735745115275 1.01077122093623 0.986824502270768 2.86680564102411 2.7390411780107 2.7066753408666 2.90381795617404 1.00561564453708 0.974915058847856 0.982751060737332 1.04409859506333 1.04436830026178 0.697148065946379 1.70923861914032 4.49666772532692 3.63580135154007 0.983654594156862 0.981829619601177 1.16711160349486 1.2302937840474 0.957551316643439 0.960762264659789 1.15809473444974 2.64158566402815 0.996044864331366 0.994147668106168 0.966100532782746 1.0273964316736 0.988788559308154 1.00735125997412 1.08063956351595 0.952491427487161
12.2735774133117 12.2021118026699 12.4719581200665 12.1824811484733 21.6603613026042 22.3984730928027 20.0422604745343 18.8881776534219 12.1484706725817 12.4314742349101 12.3034976424345 12.1898308451879 12.2511716174743 8.10711288113584 7.93240116098995 51.3934610114355 24.9069242391751 12.2386077949617 12.0490838124096 12.349548301772 12.830249754976 12.2393299535047 12.3062041909503 12.5880476874211 14.4630799149268 12.2688917340262 12.1035865875044 12.1898305888935 11.9988372846874 12.1904647337507 12.2024334534025 12.3444061502697 12.2476737581651
83.3547266998336 83.3314445354725 83.3916119385461 83.777510405446 90.6751259085327 88.2612872219217 87.9719588426858 88.1248617414138 83.8889710604253 83.4554582630644 83.6333928191189 83.4753246391284 83.4930509291246 2.10652436713551 1.21485680968316 94.9935447249452 104.761330723183 83.3789841923445 83.4847945206565 83.7272793869958 83.8087006546958 83.2991459494399 83.5457866944226 83.4894726203235 86.0892726356227 83.4003255119857 83.2869500090885 83.3077839791718 83.4346565926266 83.5117529002252 83.4440792848073 83.4839850737665 83.4674417082979
4.48634647410585 4.63125666891118 4.62804078215565 4.6100343319716 10.9157293453421 9.41953704154917 9.70892333115663 8.55713726452456 4.58576627269073 4.61173796046078 4.72458012587236 4.64173328555143 4.6840346771983 1.88484071522448 1.6145851735595 15.1510332418084 14.8475076558818 4.69305873015822 4.58808855742007 4.73201957459469 4.90748148157955 4.67898879770917 4.53586994265717 4.62395363828448 7.85238418393768 4.60724050623942 4.54774858239214 4.60803095976494 4.66363408313549 4.6757849527357 4.6729793273126 4.71678487976257 4.64108113870168
0.16245291388235 0.207190338222564 0.188129664279087 0.197334923392082 2.03309159994268 2.23890089693719 1.68885169016944 1.58876390833845 0.157895338294193 0.175209371072313 0.195739203408214 0.209304907143173 0.207468878831433 0.129466384660479 0.121757238006962 5.50926342337479 0.656153363641083 0.186264309471624 0.197339910831357 0.244933004759996 0.308293510596784 0.174274692143738 0.152980352246408 0.218999020623344 1.21125244824725 0.166649266201353 0.17181944433329 0.165140430129951 0.180574965822399 0.159804628914926 0.178426495386156 0.188821114629357 0.174144616870669
56.0940686606605 56.3179066113781 55.8945912454519 56.0244037966838 63.3846081777069 63.4657370582413 62.4335099794689 62.9549577998793 55.7154498559531 56.074741248029 56.2788488848862 56.4367401339039 56.307710413881 10.053748973808 8.37507208599733 69.2127177008831 87.2547434551718 55.9216809952811 56.1631121990739 56.184277003765 56.2329928470482 55.8291449393614 55.7923166957454 55.9168109864214 59.8660910975602 55.9021500100762 55.7211998832592 55.5945701950657 55.485417502546 56.2961114098393 55.647288112441 55.6853391928165 55.694929443319
0.281361624237276 0.275259760594634 0.286255610297546 0.289786251737501 0.870546187448013 0.812799665796084 0.890220995311582 0.739729676936319 0.315439890081196 0.311770430831037 0.301366259683974 0.28373971596609 0.301374279321571 0.722283139165052 0.584952518456035 0.763712384988194 0.403014765358693 0.316036249274835 0.301179216400847 0.281294037162129 0.280724091935531 0.324800621097865 0.286058470240121 0.297383977559954 0.423853262743779 0.343702350061423 0.317284940988161 0.323495968490824 0.289858974607237 0.28597539195633 0.311597700109049 0.301336415716181 0.281316009032564
1.77960956875478 1.65929086522757 1.65812032311642 1.64406323104296 1.47699811929344 1.38488014864761 1.43532159010557 1.3606431526341 1.76814693377947 1.69258445494976 1.6724875241171 1.64169249211198 1.63731720583722 1.83243930974184 2.0008783885392 4.3227636926522 0.995833367129175 1.71742422144563 1.65245188091403 1.60362594703287 1.43915360819528 1.79997891752988 1.63524425441755 1.42189110795183 0.847608143607182 1.71447214308753 1.75778542515154 1.75134730680687 1.74036786198821 1.76221855510136 1.81171824224427 1.78377850085872 1.72029149870199
0.687705915323772 0.687225112760805 0.677788601107907 0.66679497266207 2.72331437747585 2.59074380605529 2.57983023431332 2.32661023783091 0.683326827184081 0.652532058660474 0.695532284764616 0.663680072278605 0.697633995761804 0.176463175386907 0.366185688342785 3.67475156645738 6.69150139153338 0.600000822945284 0.619479394727253 0.711259490885082 0.799042629912284 0.610535119813601 0.677457621259906 0.671946399262819 1.71533746491575 0.631878049368727 0.625763669938095 0.646578969432682 0.595578345455153 0.597581322611729 0.631712751677668 0.60481297064059 0.625843376475717
102.505914748499 99.3344559639789 100.84472090628 100.297067807447 95.189179933337 91.5365449688094 93.9164203224424 91.7716960644617 94.4700095593815 97.962095122765 100.444818472479 99.635796776345 99.4346205269973 31.96816226685 33.6616570661213 140.756027626267 128.381371098979 102.762207861285 101.900806120669 98.8687534231811 96.3419515266688 102.194903662215 102.313720087578 102.559128943084 87.2198708886866 102.525954882701 103.016746638337 102.66180089011 100.505719064827 102.890772731724 102.103742091831 103.64570480496 102.542581722037
20.4800128036261 20.5358000467883 20.9688214004434 20.7536647513012 25.7761170880296 28.10656599808 25.2063887011943 26.0461990321858 20.8174052858107 20.7617118725018 20.9060281215303 20.7152967873654 20.8296054004851 0.755303865103358 0.894945959624966 38.8871146097908 38.2966938095561 38.4794808654329 20.6906871693861 21.0222018161423 20.989052166743 38.553134264617 20.3408925436656 20.9777446853972 25.4547480269757 30.6654101206097 20.5628172401883 36.4069261126587 20.7356918744844 20.5948503834306 20.2840239094407 20.9127602635397 20.790369445248
3.19528878289649 3.18800700531074 3.21282948824661 3.18204435327981 7.43776956107886 6.88236147284044 7.42823848892333 7.24827008349713 3.20059745000223 3.25571653256127 3.2102873954256 3.24306004780515 3.28396082899446 0.90888806500376 1.02322788360801 9.75314820996553 9.99698898730217 3.16373169933603 3.20832231064268 3.24605460899105 3.3336511036481 3.18474255360577 3.15607538136341 3.25759708349521 4.68559785068286 3.22219381003133 3.14356874525426 3.17998926611803 3.24543796312324 3.1752897439474 3.19227779497785 3.18793075846021 3.19746146406158
5.16205155967722 5.10086642181635 5.28148609685759 5.26984763776478 7.19302874150987 7.16746555070748 7.45978495432649 7.60750261160925 5.17346167251791 5.09486501708708 5.29351424876573 5.2937255725034 5.30823427218503 3.1864842681062 3.73815289755374 11.3371342457558 16.4966646464877 5.19702129877105 5.19475708966728 5.2223301554175 5.4518196113968 5.27867893481941 5.21990143828419 5.31749822790532 6.46545318922653 5.34892548716974 5.30398164511899 5.21608413742238 5.37056044897578 5.22221234779227 5.28691670412038 5.16132263845842 5.2951475610024
2.37430452815154 2.39338259760067 2.42633388263145 2.40771803569927 5.70705385413652 6.11222659246606 6.13652864055765 4.68903503015829 2.35421645105725 2.35905306131492 2.41354038691424 2.39250008106326 2.38255270932045 0.212123997839194 0.228979044076811 6.0876732935832 6.00761408984245 2.40933147363528 2.36177705176161 2.42438010022054 2.55752743965982 2.37928944775362 2.35421186767199 2.35357899573749 4.18695416389155 2.32143576846404 2.33813995325088 2.37374901306232 2.39884550861564 2.34446664905698 2.376486929932 2.37830383338115 2.33928733721181
7.68492731655257 7.77466008581635 7.86051351444682 7.94222792745209 11.4248403386459 10.756290679964 11.3022693032083 10.9693119909971 7.91271827167771 7.78821942879594 7.86693352387692 7.87113014465704 7.85235824703379 1.05587530397602 0.83340556284934 16.4034199300868 21.1189145383681 7.79160349050714 7.76962549338109 7.89278579120963 8.13471525961407 7.69858001074384 7.62405943572393 7.78416175172969 10.3964217003216 7.82099519442246 7.87855572190346 7.86641055656616 7.73709135434073 7.82112414224124 7.79154073319445 7.78475428324767 7.85019879662645
0.307550775448633 0.339609890158203 0.324229925502731 0.336184430282583 0.963072306123354 0.852301286554188 0.832788555451432 0.795473083504618 0.35293442194586 0.308966701390831 0.347268271541159 0.349379272654461 0.331728139964525 0.24284777804233 0.180767221837828 0.659802483326394 2.29426179060982 0.326658896718769 0.34241421245156 0.376779884998102 0.427135668796785 0.34094355390264 0.318126552001788 0.395933385392533 0.681606120696772 0.346029791633379 0.352430538249282 0.336558245190381 0.342838881675073 0.345042674060059 0.340530313213979 0.33859189606805 0.331197158166932
1552.70985361692 1553.56540647277 1552.80789628491 1553.22117566148 1569.39367991865 1573.79663063851 1575.57871255541 1574.02800337779 1553.21295919838 1552.65693995757 1552.54156578167 1552.58177152125 1552.61490027178 18.459503755298 29.8082815478982 1655.45904224679 1713.56300396946 1551.70364730203 1552.17381425032 1553.16831405988 1554.27579576933 1551.59687648811 1552.79626849987 1553.0129204866 1562.74611848156 1552.36160522148 1552.43088214972 1552.14388522806 1552.43139840255 1552.00252385962 1551.91111313937 1552.11982071145 1552.0833497459
