"U_1_Gam_alpha2F" "U_2_Gam_alpha2F" "U_5_Gam_alpha2F" "U_10_Gam_alpha2F" "U_1_Gam_alpha1F" "U_2_Gam_alpha1F" "U_5_Gam_alpha1F" "U_10_Gam_alpha1F" "U_1_Gam" "U_2_Gam" "U_5_Gam" "U_10_Gam" "Sylvia_Sparse" "FM_RevJump" "MBC" "DPM" "FM_Raffaele" "U_1_PC_alpha2F_01" "U_2_PC_alpha2F_01" "U_5_PC_alpha2F_01" "U_10_PC_alpha2F_01" "U_1_Gam_ProbKp_01" "U_2_Gam_ProbKp_01" "U_5_Gam_ProbKp_01" "U_10_Gam_ProbKp_01" "U_1_PC_alpha2F_09" "U_2_PC_alpha2F_09" "U_5_PC_alpha2F_09" "U_10_PC_alpha2F_09" "U_1_Gam_ProbKp_09" "U_2_Gam_ProbKp_09" "U_5_Gam_ProbKp_09" "U_10_Gam_ProbKp_09"
1.38704231797611e-52 3.65066704823751e-123 2.47290477661049 2.78778981601006 386.614340353007 393.313798617262 377.573152975028 361.857986001493 2.91217505372242 2.67892070491641 5.76582104248137 10.5750287070683 10.3432350758758 NA NA NA NA 9.0850880378464e-114 2.56886930841275e-153 9.17963024484163e-05 209.589761903554 1.98191328262329e-54 1.44117607980958e-68 22.1568181742995 20.1168779714238 9.31459950176542e-28 3.05287113903664e-42 0.0493810985040478 2.36033169482804 2.16082955686662e-55 1.36871167537145e-84 0.10736434183476 38.4382844043728
7.71073719928033e-05 2.46403324802901e-05 4.35336761838687 4.65861718305168 53.0603747523946 60.6418537213718 65.1391834287207 75.3127245770501 2.1688624267027 5.11688464139599 2.92289937265516 5.05326009019192 4.75540798472456 NA NA NA NA 0.0784514301177546 1.61493905356374 3.53496026925202 4.90107734899464 0.00829332450726175 1.32861741818756e-05 1.53971063755184 3.14799469306689 0.00532007447787966 0.0436383326782528 0.257634700129222 3.26596311901015 0.00354432352861327 0.109607078616763 0.983745113259349 3.83129039595202
2.74704420605174e-06 0.000445568238519818 9.95651139774331 12.912035603497 206.173820258801 207.443453061107 263.94637806357 216.195819611983 6.73347597865463 3.22700711742798 8.95428224265153 15.0002647718302 14.2608005924499 NA NA NA NA 0.00313695396417042 3.85570215294654e-07 18.7641410704457 34.3228111064187 2.02915669218514e-06 5.24048259237058e-05 2.43849481329583 18.6698873295096 0.0133807706086271 0.168908610636205 0.254191012154126 16.0218224094804 0.00515143622249684 5.97326797961458e-05 0.856664440893066 7.68204737130391
2.8602213393058e-111 9.28754209685358e-98 0.36087505772895 0.367223175957637 55.8936197711457 60.8674352785042 67.1105599181291 71.0135696010191 0.0971377110555862 0.147498012716995 0.63742391649495 0.594872887322839 0.446011804342159 NA NA NA NA 2.66821771509242e-30 3.57247183994047e-117 0.16381267681797 0.666341642496452 1.23557721106059e-78 0.00177220256870149 0.0280699709318997 0.479739920973416 3.93520632845607e-42 5.58193177168948e-38 0.0121189538147128 0.118246698665218 2.19078050211846e-57 4.47314780147654e-07 0.0102843013562724 0.00319457285556213
1.91581021455979e-30 7.72996752076575e-73 3.0769664055942 10.5835183583665 244.807860527027 197.975482387939 198.70772825978 178.99229625178 4.1739945994266 3.95995844185077 10.1109459802061 12.8880880894663 9.43754497836131 NA NA NA NA 3.39052093135777e-147 4.00053647484123e-05 9.53154076316292 17.6436831863264 8.998414843206e-40 3.0225223931443e-17 14.6242237452719 11.7872746536055 4.83507460410819e-54 0.00100046991692792 3.19426073155938 4.59979890115274 6.37248614890594e-59 1.31694871991749e-08 5.90653826394862 5.039332154464
1.75441352028299e-05 0.000310873333365826 5.69971713795559 4.20537494180084 121.029215745746 108.922318043911 119.266162398247 100.028367251573 1.68844379095185 1.70331002086109 5.07987729723415 4.5431855672767 4.13814633573626 NA NA NA NA 0.00260556272970605 2.36674597037111 9.82553940020019 8.69687091454908 0.000694849536790206 0.296691845428447 4.67099178873544 4.56977268301342 0.00673133127500993 0.0378666380769907 3.91849964611206 1.52038966722337 0.000717015188986657 0.0135084840052139 0.189860932967806 6.18181101637419
5.15586708827795e-135 4.12477721601442e-80 0.809918486263147 1.27576329147797 167.872199409597 148.340898096718 175.493129792159 144.061471569023 0.0192280800317588 0.766264330485574 0.852521873204599 1.21478715734544 1.45760499740976 NA NA NA NA 5.33736019197161e-172 1.69114751154499e-131 1.0584406221319 4.19106347232425 9.53273113533387e-212 1.38496983540449e-84 0.19201112210841 1.28889373751557 1.42880590643012e-83 2.09744696807989e-20 0.00716258088717484 0.0242042726829224 1.97626258336499e-319 3.55469917084891e-113 2.81092385612066e-09 0.52773438094287
1.28202141166277e-50 3.67402312060011e-75 0.719655333935645 1.76649156880603 300.217062486245 219.400282341983 262.526504495301 246.536823288733 0.544374556696399 0.109762212363898 2.70166806787225 3.92770240454014 3.08613844029347 NA NA NA NA 3.25596262953991e-18 3.64884533299215e-132 7.04095707717473 11.6750854063272 1.12514186328509e-09 1.9418021860409e-112 5.7858728562478 12.0071110350541 7.37017561151143e-29 4.60610217483471e-15 0.139810775933466 0.359692268625026 1.06017958917431e-42 0.000152821929290968 0.0137277349657871 0.292889658258698
1.97626258336499e-319 1.97626258336499e-319 7.88666518895407e-10 1.33806174016687 270.13506720877 234.137408178176 254.793369709275 233.489104565452 0.0302144447978202 0.0187860106767191 0.258689811196548 1.39618485255032 2.29004394267221 NA NA NA NA 1.55444986899958e-106 1.97626258336499e-319 1.7094061696026e-05 12.5989048869906 1.34840647360301e-62 1.76102532160009e-226 2.78539552477946e-06 8.94580229414738 1.38539535029348e-190 1.2252983726326e-19 0.000131457313821637 1.51725772706795 1.65111673582821e-134 3.12396994016442e-63 1.1600455368339e-05 0.928393889089785
0.000887063858246887 1.48973626150829e-14 7.48202114379636 12.2665296741562 218.713060954806 218.775556010221 224.058365879385 198.007088432915 2.73365520090542 10.8103268740956 15.041876435128 18.9313942903202 18.9876447590277 NA NA NA NA 0.00836707591713353 4.04656274996312e-13 43.4120763163799 29.9852730113894 0.000326017646653136 0.00104161522387173 15.1081318848942 14.3479605380839 4.46876822535791e-08 0.0118926683531214 0.0291889601138498 2.21198795265521 0.000419002628283707 2.03100424477783e-05 13.2713381255777 10.5242917228943
1.97626258336499e-319 1.97626258336499e-319 0.164119182539086 0.395763382613991 252.148070474339 289.468346252623 267.611892049824 214.077774416838 0.0335605751264933 0.00811846609549599 0.374479050455796 0.390626534173914 0.268998092600974 NA NA NA NA 1.13227876623886e-71 1.34420538325589e-263 1.94667827744829 1.13384649918391 1.67597539200956e-292 2.14467280453754e-240 0.008229208075361 0.168695830723719 8.20293794726608e-156 2.00264568885291e-319 0.000165025199633354 0.0636400612527449 1.15994624654665e-111 4.02465387988422e-122 0.00807510503072883 0.024890016275292
3.38978865071941e-135 3.84540794039504e-11 0.359886595554704 0.455138434716756 71.599398598843 62.7563169940509 67.2817045874211 49.510801386248 0.0653176175001405 0.474312300882904 0.704658683261286 0.658926472870713 0.680192666364702 NA NA NA NA 1.85669204697491e-15 0.0536104248257737 0.372145750367536 1.06652924419897 3.1508942873229e-54 0.000109102691484694 0.0520771734192235 0.833935323067267 7.44438652387843e-16 1.93592565121182e-12 0.0172424274985365 0.108849894464893 3.549636180376e-29 4.73445336544075e-05 0.0159867536317326 0.0142072397990562
0.00143695697793825 0.00131852354999299 6.8969723444117 16.7319812187592 196.255642049044 178.32882631914 189.808016148703 177.878671879932 2.77591386756539 4.23152594526166 18.8090413720566 14.1995563110445 13.6037252845977 NA NA NA NA 0.00599393422975641 2.64424153024851e-05 19.2991033004905 19.7696653852056 0.00158118023603564 1.23299644003924e-10 22.0995552377158 14.7249334644836 0.00415172649609488 0.0778492865474602 2.2333626703476 15.2456335516199 2.92209423254677e-10 1.24565712972438 10.2466262104333 1.66090509045133
1.97626258336499e-319 7.10229713912047e-92 2.47379435480312 3.79601499225636 260.823918352731 262.03795188526 260.043249065214 242.841867563132 0.057716580404561 0.652362553221768 5.06962719662828 10.4802086935648 4.22485418427645 NA NA NA NA 1.43189394251692e-138 3.29900995851136e-51 4.12482540371936 10.9986816151492 1.97626258336499e-319 1.97626258336499e-319 1.83913584109111 4.39670377434013 9.46101569608767e-177 2.61067406779891e-39 2.14014276650756e-06 1.97959613462643 5.59077195079331e-57 1.34764349268206e-25 4.407780009698 0.834171245046239
4.64059153817613e-291 1.97626258336499e-319 9.7116922064228e-06 1.33481369423508 277.981321788849 186.526157658013 210.593502430663 206.679314295541 0.149525633554149 0.095184928945115 0.964003320154503 2.22646455744678 1.50384693048279 NA NA NA NA 6.07337155689214e-52 5.01367803206301e-296 1.20626460167886e-06 6.28419402646893 1.97626258336499e-319 1.97626258336499e-319 1.70495743944055e-05 4.00861442271981 4.56707390989712e-109 5.64621254043542e-84 7.98825831028606e-05 0.963571672876015 6.48876301202814e-108 2.17926267347663e-79 0.349236911744085 0.117595146556709
4.32286829005188e-71 4.269112700689e-175 9.53935894647664e-05 11.1511666357977 326.037816456974 290.335944575031 339.553344886701 315.172315513943 2.01243848345594 1.7886569954538 12.4522169653306 18.2281981952742 29.957831648607 NA NA NA NA 1.8361491210604e-22 9.07332065532567e-72 27.2134799739069 124.065073691504 5.3936315129751e-126 4.54693120056033e-93 25.4330499754232 40.1101147065618 2.82071711393782e-76 3.57573724455846e-57 2.18229133577528 14.3340422096127 1.25714081026694e-20 3.79010386894429e-207 21.2455855906497 71.9060470985442
1.00249752784538e-54 3.68346736234602e-08 5.13468927847084 11.2985515782587 195.329965963351 190.705920092428 185.23692042956 176.433223986832 1.20838987781405 9.31951977778196 10.9245197358604 17.9219767394341 13.7196740091871 NA NA NA NA 3.32591922160433e-27 1.71176826593971e-05 17.9428980237524 23.8321195747777 1.45466139489477e-30 9.50777791797444e-05 11.5724273896718 18.5774500585662 2.5368874138035e-39 1.08864134006302e-41 10.6258479302605 0.30669321224255 3.65214362288209e-27 2.06313283542356e-09 7.32499888423858 7.48450298544294
1.71509303789635e-204 2.08953532226995e-79 2.05937418805775 2.50099898750234 321.416482719021 311.378055198061 243.557304420396 294.856552018144 0.207408581590106 0.380080119088883 1.07889294149381 2.43182473942478 5.22660708217539 NA NA NA NA 1.34172049266091e-90 2.43245992407118e-86 9.65058550176436 11.4275253188294 4.60428196230341e-95 0.00119146259610914 1.10939577193854e-10 3.06430079362063 4.73195666989955e-97 2.19937594143236e-33 0.0518546445681442 5.78109186706594 1.97626258336499e-319 3.74129267508315e-71 0.0552277392780576 0.469836090385347
3.96788280727693e-97 1.43319671052574e-06 0.821781538798894 1.68746480125349 228.589490230028 243.216043029892 258.244249783084 233.318758007952 2.33861380974195 1.02720425058432 1.89955330914397 1.23894375399993 3.46802156532808 NA NA NA NA 1.39800783103597e-24 1.37099198001746e-137 4.34097778952494 5.86157952329693 1.18064026104806e-35 0.000606745578606593 23.0795750479599 3.41867237563085 5.45626511298542e-10 3.06445434680966e-07 0.000359866624598132 0.31387972133227 6.70236608715768e-29 1.09279816044727e-05 0.440759716175762 0.612101552062395
4.18821726396006e-36 8.46031503339646e-144 5.00225691169286 6.12203535374387 188.594479928907 170.226099904303 168.795581007466 178.029112877351 1.35047327380799 1.06008375587099 4.1195027422408 8.21328022837258 8.94899558740159 NA NA NA NA 6.98596598992107e-64 1.06359353267765e-51 6.95047222411227 14.8887049079271 2.49194383885951e-93 7.1759894866178e-88 3.62953041305501 11.549171993393 6.07877651021565e-13 1.52161643095329e-07 2.44515570845539 0.0410826620464746 3.75964925141325e-34 1.30677784842543e-64 0.0353476116206431 1.95577021055684
1.97626258336499e-319 1.97626258336499e-319 0.00250740247129593 1.70597862192625 435.025870038041 391.824931989273 372.756880881729 330.108752247487 0.0176111049911009 0.0168293806342916 1.04783376812979 0.973336813128767 0.559238535664898 NA NA NA NA 1.97626258336499e-319 1.97626258336499e-319 0.000249073610219205 21.5066513410883 1.97626258336499e-319 1.97626258336499e-319 5.95834686974369e-11 42.5257380340207 1.97626258336499e-319 1.32117981423284e-194 0.00840685396455431 0.000316332181830227 1.97626258336499e-319 9.7212601947948e-89 0.00253714700135882 0.662167347325017
6.87614807168677e-136 3.75910866495272e-100 0.218726277032081 0.417632947200401 34.6508190636112 49.4204153304216 50.5681742775554 40.1379652668268 0.0710188848504711 0.0925576631071546 0.65078015782449 0.681811494084098 0.605700778073765 NA NA NA NA 3.90959069985018e-114 0.000130599016276201 0.290971467018425 1.14878997595784 5.00989085573365e-188 4.78659944040326e-135 0.102767619050273 0.13884374755137 1.32708974755531e-87 5.97336325633254e-23 0.00936006911090712 0.237672559624992 2.60547876451704e-59 1.47999874896497e-13 0.0321508223395365 0.0482811425564621
2.39432528032697e-18 0.000191598805787647 0.551167799234946 0.755518264508633 124.625878176369 109.069303133723 106.357034101914 90.2568765197517 0.309031408520928 0.138294216153475 0.755340037098918 0.928826096410615 0.835799028147694 NA NA NA NA 1.30426102477613e-17 3.92543190638522e-64 0.653719492991868 1.50809901991652 9.93900359327661e-12 6.19830346884028e-144 0.228909781983132 0.320905904051686 1.35264333454007e-23 1.10237254896436e-218 0.0376426852465924 0.179975638234524 1.89166158304934e-34 1.1276060840185e-10 0.0111241819127302 0.0992914025899867
3.61452694326436e-121 1.97626258336499e-319 0.101186657748079 0.391639680729799 139.278343118241 212.067119870258 198.192001785736 147.54771770928 0.0424728415847972 0.00987966025846929 0.769837955109552 0.630789558252804 0.69970398066857 NA NA NA NA 7.94654119466966e-84 1.97626258336499e-319 0.320159094630947 1.83392732429021 9.62605380244042e-130 1.37222960373554e-09 0.132131898451201 0.725342332214499 1.83125160093004e-102 1.49841370135296e-19 0.0166506647765665 0.0154464518353238 1.48446077411226e-128 4.82354522696229e-36 0.0298916281768565 0.0318579294952382
4.76940755819027e-210 2.00688834350704e-312 0.0399739613623236 0.100433379371021 103.028802813846 241.717648701715 154.306662052415 174.811973666299 0.0109608737609257 0.00591902150294426 0.102296285191949 0.205562856341657 0.192057071231554 NA NA NA NA 7.0307816150777e-146 1.04411837786195e-103 0.0481925987279756 0.492092979178979 1.97626258336499e-319 6.19551466830691e-11 0.155242995204697 0.00960981151559334 2.83245677169794e-107 6.3782632248843e-170 0.000631692876671491 0.00794325336724535 2.68018621973897e-129 1.45849331871825e-12 0.000474925252432113 0.00184118977682829
4.68112028585344e-36 0.000648997837623367 0.307425736226076 0.606062425892532 68.1380809542093 88.6358504415498 77.1058685992543 93.5056372728216 0.11322644754631 0.561236832386811 1.09696954018431 1.37365957489008 0.712942907699751 NA NA NA NA 6.45351613845861e-26 4.36662731453594e-07 0.4132093260246 1.04148568406693 3.00222274657962e-36 1.60279737301763e-09 0.296693161602344 0.370324776032626 9.06749217205909e-22 2.89394990217003e-08 0.00315761540141453 0.014651463715617 4.79534401555273e-18 1.43898860796417e-06 0.0853564549670572 0.123798032687898
2.93984757336557e-61 8.18645645773455e-151 8.53823425628493e-08 0.479785728803585 43.0973965213219 82.9839094689174 48.8049444539364 62.5857178330602 0.116841530157704 0.0722060029700807 0.960970479426078 1.10011548139777 0.85935031917262 NA NA NA NA 2.09498305460205e-161 1.18970800229279e-06 0.498976175723033 1.28695258860807 5.45729479761099e-47 5.59092997596817e-106 0.133553525226138 0.384453976594578 8.75228526789217e-152 2.84874694493661e-10 0.0140463534097479 0.181942791698339 1.84179218701605e-158 5.16825988793754e-17 0.00395474273110643 0.0323621225226573
3.25094330214098e-75 2.33109379509545e-65 2.99102380591119 18.5298686780588 403.510018811794 389.795763537164 376.390050150413 379.231243798368 6.85229763854691 5.07924836087253 11.6361671809569 23.4334190993454 22.2268656328536 NA NA NA NA 1.31122790799334e-61 1.60523235972238e-74 27.8592821463334 220.934647856936 1.55065053549888e-92 1.097112692194e-39 3.28038523303071e-09 71.811667078473 3.06630726081702e-13 8.50205360843349e-17 3.54424684931749 30.2286562463241 1.41387776431079e-05 1.17956760767833e-80 0.0734394244942226 30.4025906891401
8.29152277496968e-91 3.22311436628133e-06 0.201470892939574 0.359794983806548 123.354310160887 128.597229480139 107.175846879162 119.156145412622 0.0840488112382034 0.273075226891233 2.29680096877201 0.635528891670781 0.678977951506741 NA NA NA NA 3.07437443243055e-31 1.1451154596361e-07 0.333706141238603 1.42600986102469 1.24747675538724e-17 0.000566065618144164 0.133418284660721 2.02433822695917 1.52137154170071e-23 5.42339324945295e-05 0.0615990707264575 0.00886263725269717 5.99148101793974e-91 2.04408971903179e-06 0.00554552384387259 0.118033613705388
1.97626258336499e-319 2.53150448212099e-113 0.881101473928007 1.87984703016184 168.993695533041 162.334865232894 162.442076148749 158.035316694409 0.214279325535138 0.896842807758867 4.47834228769834 2.76203052489773 3.174565793024 NA NA NA NA 3.10008248859689e-160 1.93968338701166e-55 2.09506188957327 4.86089349548653 2.07162637420591e-177 6.54048262356647e-66 1.51197891451685 1.19959190188877 5.35543389876108e-212 3.93097247851776e-57 2.78037734794798e-05 2.51068281874312 1.97626258336499e-319 2.10582855890522e-52 0.35279242411051 1.48887129922906
4.86080067380674e-155 3.77299539745395e-145 1.13176409081543 3.26924132706659 182.202015180364 193.496475075413 189.628718720812 185.714073465429 0.770643442535606 1.85028327752901 2.3118833502763 3.30377589097796 4.69206402986279 NA NA NA NA 3.49015457498185e-14 1.18674652329831e-111 14.8468710526575 8.79612942796794 7.51590192261291e-90 0.241911306799076 2.32597774270376e-07 3.87724299532767 2.83474532371969e-08 5.26090288846419e-178 0.0838340132700013 0.634497643703663 9.22267012998398e-15 1.2424043221273e-82 4.23082895415076 2.18979683379592
1.82864176772507e-111 3.9989021964182e-115 0.332321846981412 0.355552673043135 72.6287425914869 58.0151455182862 62.9759230181805 49.0244441208484 0.157438384796003 0.0285692619534069 0.647621341823086 0.655632938101585 0.596056277792189 NA NA NA NA 2.37788377448299e-20 1.0072291218002e-67 0.281964523904298 0.787594012566622 3.38194664288099e-74 7.41286733023946e-11 0.00125722673299951 0.38339477459233 8.79592995668688e-11 1.48358226038413e-21 0.0094313386012 0.150133562562516 0.000138910574115874 1.79743012855827e-09 0.00320846938444897 0.258871745853265
1.97626258336499e-319 1.97626258336499e-319 2.68814749426529e-05 0.452789032412886 275.724494818406 379.926562826201 285.743905249856 277.04817470079 0.0171367757562204 0.00531231830745717 0.893884200677317 0.389288339264397 0.539385993664974 NA NA NA NA 1.97626258336499e-319 1.97626258336499e-319 2.95039750596595e-08 8.23038819350699 1.97626258336499e-319 1.97626258336499e-319 0.000429351842113319 1.07640439852897 1.69150161846255e-254 6.46540882489214e-168 7.22536977756038e-07 0.00451032758375911 1.97626258336499e-319 1.97626258336499e-319 0.0988023234224936 0.069343062072392
3.49703012449082e-05 0.00268632863573947 6.20978485953267 9.48249327880173 181.998321475261 164.658768175484 167.395724298186 159.308316525374 5.07876599337934 7.1457733456372 10.910946999066 10.5693818553632 8.47668954880588 NA NA NA NA 0.00799867159040145 2.79470815266245e-08 19.4058783087661 24.303320086063 0.0489775573935399 7.94708712471488e-05 7.20232618204583 15.2812411083526 0.00469753018447382 0.0041026699155151 8.84725138265897 5.0840228473658 0.00273470421044412 0.00194154233696127 8.05753532843143 1.08861592120442
8.62374089825546e-261 2.97133392565813e-130 0.132183140244144 0.548017483047465 133.369965478506 127.083165316078 129.083666106687 113.437994960449 0.0069046514434481 0.0300868107599573 1.33086292518706 0.496427477472888 0.62918523029013 NA NA NA NA 1.57477936796636e-263 1.97626258336499e-319 1.30197915011242 2.38979587390459 2.66775556772641e-114 1.99458751543545e-93 0.145522567648518 0.663203590934377 4.32544981070131e-113 5.97946949221131e-126 0.00279557936014511 0.0980450610499183 2.80486656922335e-174 2.41278169831847e-137 0.0790189222421264 0.583992780120662
0.000333198519488393 3.10027178700523e-05 2.31625372416674e-07 23.2988545472286 363.217099144857 309.59964151024 313.542608812953 306.043404162613 3.94194441028723 7.53823898434568 14.6866774610286 27.4478326267243 23.4162572137628 NA NA NA NA 0.00306332540481703 0.000870822030152165 0.00089946666599479 150.729017958967 0.0185414672984163 0.00147320542454952 12.5381574894202 149.38844860221 0.00185948134501751 0.0858084951271062 3.16056427777254 44.4359944334421 0.000249675555861823 0.142392884799628 0.0010626489743323 67.5746564663687
1.97626258336499e-319 1.97626258336499e-319 0.0430654014811253 0.130379283310734 153.713285559539 207.98112996413 169.747522332927 151.552751574529 0.0263853431749359 0.00878575685385253 0.113374523056317 0.152903225517154 0.16895699051649 NA NA NA NA 1.0871580595549e-121 1.83830381347419e-148 0.0630712909382063 0.724651706208715 1.97626258336499e-319 1.97626258336499e-319 6.01715289004105e-06 0.064650494865692 1.97626258336499e-319 2.22671049342831e-108 0.0010061960733905 0.0108345406316034 1.6466980211626e-316 1.46006769927412e-42 0.00151437833787515 0.00451164241841152
1.74720403614769e-76 1.53707432868738e-119 2.15977075672342 12.3210018607628 378.348789341154 375.854423506063 348.814860949985 346.967018193958 1.65552399928782 1.1271482442322 5.44897526855399 5.2210336942208 8.50421978309496 NA NA NA NA 1.65501927344022e-14 4.33082352203521e-44 37.9090344644609 216.553530919339 2.10156393303103e-26 2.26581630462898e-53 38.6688778295517 215.48174369994 1.87795001246144e-67 2.71382501989649e-11 4.3062521213752 1.60475453502731 2.09868469991819e-20 1.36145567075836e-08 0.153847099103941 2.89732534467819
1.97626258336499e-319 1.97626258336499e-319 0.0829124766092564 0.209458917431664 169.23360068876 148.097051528184 134.737793989967 111.843801485499 0.00591495552928354 0.050411531380627 0.197232305270567 0.309126797696574 0.253117186784171 NA NA NA NA 1.53930100959208e-248 1.55845734345073e-79 0.0535944480901138 0.617585300233986 1.01268453774257e-169 1.34717816701694e-23 0.0429775787844413 0.103203094926348 1.26445177736368e-279 5.28201752349781e-133 0.000604478597702205 0.0092417445753514 3.15395952396644e-139 1.40725257369034e-29 0.00520451336131714 0.013530785424283
3.41455231194704e-87 1.05732540628451e-13 1.67379476083687 3.33945996777167 218.272772347983 239.983863252975 246.783026849185 186.771418249452 0.837767808831784 1.64560536211269 3.02257570924652 4.85746474619544 3.77917872474651 NA NA NA NA 1.81833653347607e-116 1.42983592329959e-84 8.20055095333572 18.8795623743023 2.10447245897138e-33 2.83575332845494e-120 2.77082670366897 7.15347996174718 2.49759713341714e-37 3.35243610907516e-128 0.0651378239399843 0.905474151395054 7.44726442966394e-07 6.61281882957823e-56 0.0608516652777924 1.29380534728564
5.4644266152366e-55 0.00052981907388648 10.314366041118 9.87924351822688 139.500263840456 172.864282347713 157.018153134878 149.13294964717 3.00273981340904 5.63188764311605 17.9440951281811 12.3800948830611 9.45331480724644 NA NA NA NA 7.94170405914759e-09 7.11694037243169e-08 23.0160039527454 39.1484840891023 4.61384696193154e-24 0.215003916312308 15.8411817349638 10.0185541488063 2.81869026504998e-13 6.66507238053436e-07 9.99083357517756 14.7958626018475 1.63704940985411e-11 4.82722366055903e-23 0.834918675266029 6.51135936993181
3.51334746297309e-26 3.1976507809198e-89 0.507282761528617 1.15470680073409 133.60070281042 121.245385544612 136.373593733682 126.076622711761 0.121777535960018 0.431858073885912 2.34616092523776 2.31018756003428 2.47151634597903 NA NA NA NA 5.8781279519705e-14 1.42644713653046e-05 0.883789986274673 2.69645950602676 1.49943600961887e-60 7.20231498700675e-96 1.2764710413821 4.61447820942938 7.8610182337267e-14 3.22544147375695e-07 0.00409042361015516 0.656498947644243 1.40044112476838e-138 6.74824936459991e-13 0.00188220006957722 0.0890231472952552
0.00186015914031456 4.97484861222623e-08 17.3603057150416 17.7293683364677 247.611710503408 258.504833854716 266.543875519622 229.48442825301 10.7698653897218 11.1907450127599 23.7034982433475 22.8283255031711 17.7199431972782 NA NA NA NA 0.104519198607719 1.99351595776243e-06 36.7659649555946 46.2086669333635 8.48020410294715e-08 0.000519597800311519 14.6905468499704 15.4640178609179 0.00611511487576887 0.00861647138893326 16.2355256224189 31.270637736657 0.0312925602565039 0.00210446445658795 32.7921291986859 60.0549730864483
4.11685140053677e-319 2.87348957151983e-34 0.406625952640561 0.294689039582548 216.217092542942 158.704612897705 173.823500970305 155.136199258906 0.248359077953904 0.10655043319541 0.484989782560983 0.334926293289731 0.713861300193632 NA NA NA NA 9.5972709555616e-64 1.97626258336499e-319 0.298557704793067 1.58050369453372 2.83575722038434e-171 2.08494614701442e-22 0.000897849806682769 0.0252067458080871 1.97626258336499e-319 7.07632195996767e-08 8.68163656604641e-05 0.00987915324884587 5.21877510883944e-255 1.97626258336499e-319 0.32835780197375 0.115083919717971
3.21970593086346e-262 2.76961839588724e-78 2.51390205331532 2.47179605579648 335.409338673362 322.584524230134 347.801133585193 326.127588246098 0.370443655737112 0.182852487758116 1.87224649159585 3.30805067253124 0.846655838298597 NA NA NA NA 1.40317870707778e-267 1.97626258336499e-319 10.6387801642332 7.86158681263186 2.25566367221691e-118 1.17762349387997e-33 1.29441343156574 1.27548370615211 3.58365757810601e-135 5.59665652936022e-66 4.48916023298127e-08 0.205417711470805 8.17217400700053e-182 5.87204075908496e-27 1.9369230218916e-11 6.29972819451745
2.56237413435734e-68 0.00154904630114103 0.761612408226751 3.4128185425005 278.842883769361 253.976343693982 280.025975400311 251.697953119387 0.975791313124692 4.30542536356014 9.78348604940391 10.5081846325993 7.0519176351448 NA NA NA NA 1.08242487552733e-09 1.45482207837924e-05 20.6653175698924 8.45891154578551 1.57049864646592e-50 1.03818941822425e-165 4.9933246018431 9.15886229965027 2.0762854627378e-81 2.25659328272551e-13 0.000148392552787942 4.69171861966754 4.84318491805526e-13 0.00012677393021831 1.71552924236285 5.99219536351321
0.00103650281426801 0.00891947311917443 5.35321456265811 9.25559075342998 188.737920160884 159.595449664234 158.133121482704 139.70443858755 1.77799404198633 9.5851340111561 8.29392252694334 9.45738273960944 10.2111181084924 NA NA NA NA 2.62809401129944e-05 0.000475475881030779 6.63909741091008 11.7903005564896 0.000584496606717021 1.62965263274726 11.7958430967349 7.30587014039682 0.117757037283869 0.00962620094147896 0.930291686143334 4.60984529486351 2.38949933006243e-07 0.0381603124258986 7.30121141206904 8.23551405431484
1.97626258336499e-319 1.97626258336499e-319 2.63232029948019e-06 0.902520352856205 256.450482748397 227.404314669076 222.852608294365 208.721368463172 0.0197043977101435 0.185784315144314 1.97748282679517 3.74055259267932 3.5995120994559 NA NA NA NA 4.0421314785538e-195 1.97626258336499e-319 5.19135427853554 6.24293849585689 8.68219205757338e-166 1.97626258336499e-319 3.74698383048529e-09 10.0304239181846 2.60466481328794e-111 1.16713599227965e-61 0.00318669709066496 0.932660874264331 1.97744834091501e-319 1.10899372679315e-154 0.000344220930967294 1.57930717931844
4.6158257246867e-146 0.000490605573966953 0.195832496492741 0.281283136825335 40.6084455020945 27.8448160347411 49.8823758795707 48.6783838462664 0.0564514611576503 0.322755346475487 0.18916947947631 0.365174361331057 0.402256547123705 NA NA NA NA 1.87203019544735e-22 9.2979726589756e-139 0.162952599597156 0.571961016489249 2.82670122076033e-63 0.00094628429057956 0.145298751358653 0.273118396840507 5.82502251717922e-42 1.5596949777626e-09 0.0197222560535876 0.0309445129228926 2.22246138284951e-24 3.43238007289231e-08 0.0123549099663861 0.0611786772256733
3.04768208433258e-32 1.97626258336499e-319 0.333583466975444 0.243621449093903 149.017929702225 169.090718961414 186.518576780919 168.554915872099 0.018444873039029 0.00865993286690073 0.43582196416943 0.4173923802515 0.524346892101609 NA NA NA NA 1.97626258336499e-319 5.77969538230468e-107 1.19904984614272 1.03974137029097 5.87244435034762e-178 2.07392732827724e-277 0.18093623488055 0.494400372351925 1.1733667159822e-116 4.60434406035766e-37 0.00198773978440262 0.0240967056670631 2.00620394963426e-317 2.00487626495844e-52 8.67171770725598e-08 0.0502127703272605
0.00200245040843747 15.7384232865084 16.6191116529264 13.7227644594374 179.313523338359 163.97764156044 171.509400998501 156.477331335159 8.7687136344754 14.7493499121068 19.8809180431561 21.8931011796087 19.6289929194467 NA NA NA NA 0.00490129329178422 3.87090195604063e-05 23.1589246096565 27.4430065386387 6.14322214691883e-08 4.79953810096531 6.68622182552481 40.6850059465967 0.0578140230862111 0.00109371350732609 2.90595536621245 15.0232682841852 0.00171403735692067 0.825338615300215 6.65299180774842 18.0359090339695
2.20779878639484e-271 1.97626258336499e-319 5.59248497550176e-10 0.475828884307276 296.799051106247 364.051087669846 360.496916642324 339.697815440208 0.0252370974254357 0.0065117726986461 0.426828794619283 0.440756091622003 0.820891696776077 NA NA NA NA 1.87880856366906e-96 1.97626258336499e-319 0.000471083867830615 6.63428164165071 1.97626258336499e-319 1.97626258336499e-319 0.00033531394765007 2.31795947221532 8.53867767861046e-257 6.23157917470902e-138 3.49466783045379e-05 0.112591951944627 1.97626258336499e-319 1.973980684378e-58 4.93005657900447 1.58846152438055
7.22885047862111e-124 3.2234121274917e-17 1.10843770528287 3.06822968101764 111.637790742315 110.26804884417 97.8347978606324 87.3859121113442 0.986176831008786 2.56772162610562 3.65374104106324 5.64328875535912 4.1918556971489 NA NA NA NA 3.45189459457567e-37 4.43402854078015e-50 1.73342312246969 6.5379015252793 1.35455762789541e-303 0.113696426316287 1.75744778620768 1.29740550149146 1.11601661143962e-142 0.00060955120825271 0.530833977879121 0.832865001753969 8.94464147121099e-44 0.000552432685189164 0.0300514968012823 1.06877820308974
1.62416980809244e-75 1.8406343086538e-108 4.97833512343507e-05 2.81540156788112 316.626243716498 333.438433366614 349.667663381032 318.356035715912 2.02375224876403 0.251265882071834 4.33707715686648 10.3376479711911 3.08515011443724 NA NA NA NA 1.72286770104806e-11 2.59227512370729e-87 8.6847857467005e-07 30.6277084172937 2.48385643804247e-08 4.49390593485682e-33 13.1753481541636 15.8537416959169 1.72619285246453e-48 3.49769024876916e-12 0.000687903775157753 5.62143652848139 1.9412050528955e-10 1.6734121285998e-25 0.0652480698509794 0.551082351699997
1.97626258336499e-319 1.97626258336499e-319 0.000188283614836891 3.89645398727251 411.434076095528 389.657919567105 395.229003337244 330.309559535163 0.412334971494645 0.0575954726797136 3.40609933228602 6.60710219858863 5.02674630248681 NA NA NA NA 1.32675450313161e-276 1.42788747674988e-263 4.12173520769922e-09 185.441419759166 7.1600329051268e-100 1.97626258336499e-319 7.49470327244635e-05 98.9016405226774 3.02849803972427e-79 5.54601983345944e-61 0.00058518708951859 17.6062644551543 3.16059775191109e-211 3.19704958853981e-30 0.330546549210994 29.8561935199765
3.26694944275554e-05 1.25104025760525e-06 8.5612533012455 7.41532977150441 171.066877756244 184.871732566845 163.884987980054 146.498303399551 1.65231273980812 8.41435412588998 7.13542658619997 9.81860786471844 10.2817543216244 NA NA NA NA 0.00296878420187461 4.06625417016066e-05 13.9198622955221 18.7566891376544 9.47120575704547e-05 0.000387490215142601 21.4866630016796 21.9125514396806 0.0122000960315454 0.0450279693803017 5.40076372539119 7.01881370591269 4.80185339520373e-05 0.178149489665836 0.980823472510218 8.36356047647098
5.05995314568075e-05 0.000231225680945909 3.88678032080928 8.64496497683941 233.811262475176 226.857223668957 222.103758247404 203.348065560987 3.08889261055066 3.30212320230631 6.95436384147859 10.8033465043253 6.97736419580309 NA NA NA NA 7.711460263688e-08 3.47928115636871e-07 6.92279500222853 35.4582876138301 0.000255795480393703 0.000820054021120409 8.13766449428274 15.6309896481086 0.00424229755440723 5.02994288544092e-06 3.94664798115309 5.19171274945397 0.0164910664570724 3.21765205299368e-05 3.3472390308505e-12 5.49418521206813
1.52711749449316e-94 2.32398547468157e-06 0.142743321760342 0.233969123202837 36.7004785991978 22.6394604229446 28.1514066988106 40.0529481541141 0.00466129303549334 0.241950080530543 0.419726544126315 0.133111196627605 0.35020115252742 NA NA NA NA 1.13269433401482e-45 0.016883892410637 0.121415826170186 0.0886397677855335 1.3185028592926e-54 0.000809551350801 0.00460028693522021 0.256334300183189 1.69839047333836e-29 6.14640481616371e-06 0.000279651724976144 0.0713937082394974 4.23633392138857e-12 9.79134957383857e-08 0.00118544180356536 0.0284392013753978
8.99303760266025e-299 2.10413436132701e-179 0.326879804550485 0.740611805404879 258.003639297997 203.379607034929 209.280561262289 219.623726226784 0.0568150574678725 0.0795553593241115 0.153882716559144 1.13445859144985 0.536950130329346 NA NA NA NA 1.69157870086028e-195 5.3617616587902e-142 1.07603240866351 1.55612024714597 1.97626258336499e-319 1.34145170076737e-115 0.195442202981526 1.32595099943274 1.87874604559965e-81 4.01559728598722e-93 1.00018761699529e-06 0.0146885231021799 2.59538017863263e-222 3.75937559765948e-11 0.000468529082075193 0.0790798599906214
1.97626258336499e-319 2.618199602051e-233 2.69666091030398e-10 0.53090356171777 223.520164081719 159.358669074261 162.07459420363 154.132249902486 0.0443989044898741 0.0240217070132374 0.357997078188577 0.705163999036225 1.46866519229259 NA NA NA NA 1.97626258336499e-319 6.00546781801247e-295 1.23204371515698e-07 3.04102362538613 7.63577496670295e-285 1.97626258336499e-319 2.47026796448616e-05 0.573660471553818 1.97626258336499e-319 3.45070269024902e-319 0.00257119611311069 0.075477745797319 1.97626258336499e-319 1.75781439289972e-155 2.79209254631264e-08 0.0758767116215796
1.97626258336499e-319 4.93867173437832e-283 4.11706547311677e-05 0.19509990041088 251.784019240789 257.75387495093 233.63081971363 207.471351374472 0.0641293416955434 0.00491795483623311 0.285355076878385 1.3229351839882 0.559589846621245 NA NA NA NA 2.99113241247952e-238 1.32703517604938e-257 0.289703413935623 2.27529834227279 3.07723651679146e-117 1.97626258336499e-319 0.000159156249282809 1.66783248540336 6.62939569165545e-188 2.4808465169162e-97 9.60811082249162e-06 0.033174336067567 6.55185182222553e-102 2.35693008289891e-25 0.0105481210104315 0.00562989764675022
4.20840937677291e-60 0.00111304017802113 15.1707989440948 25.8051038925654 380.206851928174 355.899270796569 364.747705430236 346.570866239074 7.25025993826844 7.66690867461623 21.5525346908067 37.6387814360459 22.5606497305732 NA NA NA NA 3.15492943859806e-42 0.000625706957999559 0.00208027319984449 179.971927986009 0.188598584402692 0.00022548451942929 3.48273322536714e-07 69.9397098694055 9.56419437376826e-20 1.170069478191 45.2803181794527 35.7116504757128 0.00280015075748876 0.0201874459765106 29.083097437476 55.3376405660661
3.33980704600453e-186 6.57361502881751e-05 0.954581098252005 1.07967199428963 129.099088225875 129.088939998263 114.278350169343 130.039051122276 0.227633509768533 0.0820697705284754 5.42462855256624 2.63850461575963 2.86323716846227 NA NA NA NA 1.25954576113068e-11 2.95923719725267e-75 1.5386685675281 3.48027849528334 1.24968349909284e-14 8.22170618451141e-82 0.191632648747262 1.04030867815375 1.43654112456803e-33 1.86693900723237e-07 0.00302078413715166 1.17271305361049 1.05812300368063e-25 1.88609607114391e-13 0.122459542264588 1.38571961563079
1.53301003159343e-305 6.46068277862716e-45 0.50660073148325 0.501649141065688 129.087528284247 154.968461603508 152.324676802043 111.311704998373 0.0913554588269258 0.219745843132976 0.996627699093261 1.00972705387956 0.503363304462354 NA NA NA NA 6.3679953181811e-135 7.80499161029995e-264 1.37012951085372 2.09941661278087 7.36517130381501e-311 1.52660537572246e-70 0.243407078389231 0.226206907953777 1.44235494365412e-151 8.87828070238895e-33 0.000974149763544797 0.0607797078502579 2.2220012181141e-140 1.88797301686127e-17 0.000836631358246957 0.0191306957806734
1.01861137176885e-39 8.16288357791621e-36 1.02861114439341 2.48575454993501 215.985360291191 209.846763001629 181.415615947022 158.682462345946 0.249887766685518 0.267425413807329 2.29491030507944 3.46350821474732 2.66654374123839 NA NA NA NA 1.39659128263431e-24 3.18403184315352e-80 6.0146664648994 13.9383516809361 1.70639097038874e-47 6.89905224788042e-150 5.43801864802378 7.37702432894192 7.7228611705849e-08 1.37400031820302e-51 1.04974676580061 2.64547825267136 2.30304267700394e-75 7.48138251770669e-11 0.0148578558517167 0.0902802498025346
1.97626258336499e-319 1.97626258336499e-319 1.18407516435969e-05 0.538479587336009 229.522459872835 269.25454914855 253.796258694759 219.042853895991 0.0126700546730743 0.0194763299561704 1.27162722894189 1.25690371953875 2.50424780063972 NA NA NA NA 3.2567049019486e-297 7.21358186364023e-128 2.84519976631359e-05 2.46999293326719 1.38101540104045e-260 3.14478040092433e-298 0.0286758628880717 0.509812070027622 1.97626258336499e-319 1.04497952041672e-40 0.000108790403784643 1.04984149269747 3.36740225383936e-272 9.43933331648921e-50 0.0211440472706536 0.0684694012215767
1.29000510668436e-06 2.76892470997202e-07 11.9516833190022 26.888082579043 384.443833034641 366.17836679817 377.801407203606 343.607966380602 5.65561459590594 27.5852488589833 13.8595575883104 26.4144939112115 41.5024691693573 NA NA NA NA 0.0423526393650912 0.000178395637791818 50.3241508923334 57.6665524219333 3.27650701656586e-05 0.00112816876536838 63.0311872514978 222.349019342006 0.000761328133279577 0.00404557896113685 40.5482250655474 123.962314464105 0.00204296040923006 2.88059027009076 47.7811463058602 119.847217080051
1.77122080198994e-94 0.000142762573555929 1.20220166436962 1.21479902831764 137.648986287768 124.984074044546 169.468039150166 153.642771039593 0.435379417084368 0.965291100194411 3.81142581191895 2.31978474399778 1.2805998007457 NA NA NA NA 3.23130369501279e-45 2.22455871261141e-10 3.26913608202474 2.03138429048537 7.78289032784573e-93 6.04731832789537e-165 0.269223269799246 1.0190764827058 1.13474864958252e-55 0.000863908970548592 0.0185085375063802 0.353234081289048 5.42762707552108e-17 1.81682010933422e-46 0.00197582743174824 0.158141387717823
7.31275497802259e-91 5.11519700393386e-46 2.18738256167536 4.06666701147227 147.763683002782 199.926016725678 219.363948347031 197.231596674144 1.36885120535639 1.43591046784191 5.75682155010548 8.55199688668369 5.62426376439909 NA NA NA NA 1.33570582766701e-17 4.6314113322807e-126 14.3841804306612 22.3102358333756 7.98545252054342e-44 9.92569589515136e-87 2.35214302438319 3.76869147809824 7.53107134659146e-20 2.20693411375442e-23 0.0612174862712184 0.279316877164019 3.31471927062623e-13 1.11776694845711e-34 3.02418416377368 3.65979242740489
4.03530424632406e-73 3.87524726006588e-63 0.7509248334218 0.656175498075958 64.8389288321885 80.622071329895 62.6520366734974 52.9610223754272 0.278258258710266 0.783671458542715 0.653072015931643 1.44753496916698 1.05230304000358 NA NA NA NA 9.96713701967962e-12 1.63777372621434e-116 0.865590091784407 1.86526622792637 3.79700233069284e-29 8.47764350424009e-05 0.203156229264875 0.643729181471003 1.31808965272095e-80 5.3512371499935e-52 0.00228837729843839 0.0149709432528457 3.83063716649721e-35 1.77542971827524e-20 0.0742334006560592 0.102737472642231
0.000273222062283018 0.000591899031948606 9.23450262428592 8.97946454106083 189.220699802025 203.207409751172 178.18307968208 185.055700699566 2.40200390909875 1.97356299036181 12.3090260449336 13.9873695471725 10.3542942593586 NA NA NA NA 0.00185954583757346 3.12979107982658e-06 6.15525062580518 22.1176053905697 7.26837050501609e-06 0.0424469584529029 10.1745450678616 14.262942568394 0.0109193304060543 0.00814652074286329 3.18465126473143 3.6331578669635 1.52311502455002e-12 0.0006497796545119 15.8018760339518 4.84403819041666
5.65464797771918e-256 2.5577786892251e-243 4.86626311738231e-06 1.20732300980892 395.464017465228 394.343709635675 374.180805139348 337.721415552826 0.0545914839057941 0.384588541921858 0.201021992826426 0.740920944061009 2.11538907619069 NA NA NA NA 1.53301832557834e-163 1.97626258336499e-319 0.000136235638045223 70.584884398889 4.80003023150587e-314 4.00505824147921e-43 6.65640869382029e-06 71.5693142789803 4.37871385443658e-230 1.08543315020596e-10 9.50818880851393e-07 0.154014272597578 8.87589663367456e-148 7.1119622986191e-73 0.000219378404650937 1.25178894497249
2.66659221005762e-29 0.00168599780652424 1.07145314423665 1.62562765572703 124.239453340543 136.855214279622 141.941712620135 124.116733335219 0.193955405004897 0.780889952954683 1.89278538878315 1.82186461577227 1.56418680263737 NA NA NA NA 9.75048261926835e-17 7.0819230595393e-07 3.62437633364569 7.22528808170629 3.25695955791463e-23 0.00468594139196314 0.629952296786856 1.15971537774903 1.92770587082384e-15 1.63166097837787e-05 0.000312268074047365 0.109290562783356 9.06064661506016e-14 1.83491266910274e-06 0.00492876557428615 0.229628126246068
4.86832583131778e-31 3.35774582631495e-05 0.254518068603302 0.320825396027616 65.5538051457526 73.2415645417247 88.2466976356234 94.510670582952 0.0741969395846926 0.256774900270498 0.503589631889348 0.481990097993663 0.457890447093369 NA NA NA NA 4.36246841836222e-23 1.01562160826544e-08 0.440351297126814 1.74536893954978 3.31135825960944e-31 5.45270551479674e-127 0.115883562260498 0.172736251542804 2.67544006179521e-17 4.90121274070582e-10 0.00380035212637699 0.0999655955922694 9.67324215059706e-105 1.39055363424281e-09 0.00575573931377902 0.0153081339022519
1.86157320380445e-37 1.12286160834508e-09 2.1525441192644 0.687709081872585 196.153455572571 229.534853980475 165.822185799628 169.243960589955 0.257378851252629 1.22535846324285 6.61600471229477 9.09734708612726 7.41648349678408 NA NA NA NA 1.19295423969137e-29 1.5232935610322e-50 5.80170422434486 1.99899330081448 2.57293384342012e-28 0.142007638050752 8.26394420923255 1.53506712104433 0.0111727221579061 5.15211144850853e-12 0.0412400022909632 2.85734442753059 2.69880862152875e-117 1.36040161437513e-06 0.615007036063513 0.470734543754286
3.27976380693088e-53 2.35627148697513e-09 15.1126771112143 17.9472065470593 162.153861134028 176.435638389733 180.167522808376 153.271862195323 6.40966195575984 5.57923583052164 13.8944706468389 19.8907187999114 18.172134060083 NA NA NA NA 2.58618877248116e-107 1.63700559057073e-05 19.386859824408 34.6748824915703 0.0663518941418637 3.05074935217681 22.95177875447 18.8550784818491 1.61157823705653e-07 7.93347531680044e-24 6.86206730061541 11.1994396341362 5.72888636010784e-34 0.000267633564508368 19.1210826454383 4.85051566189081
1.97626258336499e-319 1.97626258336499e-319 2.70733113810795e-05 0.0552974222076415 376.392475735808 306.682157458436 314.32628705003 287.945858506323 0.00116923969157441 0.000590920256013934 0.0211652542761762 0.152714448201237 0.32331384221 NA NA NA NA 1.97626258336499e-319 1.97626258336499e-319 7.65990294131758e-05 1.23549173894241 1.97626258336499e-319 1.58581277987807e-105 7.07591775809748e-08 0.218986983566572 1.97626258336499e-319 1.97626258336499e-319 4.43836946593568e-15 8.63639943552304e-05 1.97626258336499e-319 1.8054437763783e-210 1.18820191421596e-07 0.00417632198235964
1.76045225183007e-120 3.02842111657625e-85 0.000125092089462332 3.55705717589154 279.772094013431 241.896523657015 281.169326539868 219.998330544509 0.447607713084542 1.68140990666424 0.902461158237152 2.77525683393669 2.91425011525168 NA NA NA NA 2.85136777542623e-32 5.98859650682457e-80 3.09748683818117e-05 10.478686095642 8.07135358645206e-36 0.00214050062255157 0.0351476829088199 0.857476462792926 5.6564296125036e-19 1.57518944675068e-14 0.350295415106933 0.0278969435673519 1.81790718557462e-81 5.19436997119152e-25 0.0517370424809358 1.57413197260251
1.97626258336499e-319 1.97626258336499e-319 0.0229121654014403 0.072044071965222 286.770327798864 255.024463836789 287.743090217575 252.233957044641 0.00185642012199297 0.00576266579991025 0.0605716820684527 0.0757557287182701 0.0621994479799006 NA NA NA NA 1.97626258336499e-319 2.34699943818918e-258 0.0546598950296649 0.218706945162659 1.97626258336499e-319 1.05271351041105e-82 5.88427126786201e-05 0.0183120777305668 1.97626258336499e-319 7.4656152189166e-208 3.04347782401347e-22 0.000797975816537194 1.97626258336499e-319 1.22810717844895e-199 1.70281223108695e-09 5.29039907643857e-05
2.48232351497716e-81 5.70307492966114e-20 1.67544617311619 1.65639117400601 146.520181207992 181.016775912728 177.759540894706 180.967921694938 0.463771853295769 0.1883172604471 1.99644437104535 2.99679118203253 4.69435360712024 NA NA NA NA 1.07390708893452e-09 2.73582579213938e-111 3.74514099152823 8.14471410215778 4.59476257282729e-110 0.00228829662106117 2.79339377750568 2.33672299117372 1.65269378056453e-57 1.26390058620248e-20 0.000221666691722627 0.102505873815259 5.31831960967292e-22 5.98902516999632e-13 0.0223554796735488 2.71791338552228
0.000836691376438644 9.55635736550891e-05 6.17268685162076 11.1729092042665 237.30337223332 230.206397032563 205.407598996561 217.941438585435 5.97937834760457 3.98737169638042 11.874025313517 7.01903603496003 12.6623216588015 NA NA NA NA 0.036446605066426 2.06614984446262 25.8541479553005 17.4598533285487 3.05811422010257e-11 0.953282062322447 5.0243594164308 11.5851631876094 0.00200725911386103 0.0433692319519026 0.29943637576576 0.5309853396397 0.000163118723844625 0.000895013666567995 1.17486981260566 17.6250287217357
1.7031445779471e-39 0.148752402803283 11.7265283230929 28.8383034173066 436.854976213107 415.78261017195 409.160683616058 400.53409811128 2.76955655790722 23.6428758140116 15.1392032475408 26.6177429254027 30.7812182538014 NA NA NA NA 1.11494516385395e-18 3.04236409739718e-119 61.0916105688594 327.033029927205 6.00288033916765e-64 4.24300497132165e-157 0.000302052244517374 64.7718443879123 2.11028499996569e-21 2.18482403444152e-08 41.3842562093195 23.0329113268524 8.5321704756861e-112 6.57859406929777e-07 16.6867148031484 15.6639613852488
2.2658876609731e-128 6.07417036560354e-05 0.244662903660305 0.464462154660698 130.750810978618 128.35145007987 105.043430946256 119.331700209778 0.0822898532391114 0.14314837806221 0.72874064800944 0.767248286664497 0.539728505021102 NA NA NA NA 3.53316133888733e-23 3.66555663317368e-06 0.849742620034468 1.05942587703987 2.02101786058131e-34 0.000148753698098302 0.167224506640403 0.0138661129041707 5.16160470610031e-14 9.53015973643197e-86 0.0153257624492851 0.172726114176537 1.48967686781196e-100 0.000184082135835555 0.0426091783886156 0.396669680812024
1.97626258336499e-319 6.48133003044347e-225 0.00419485778659417 0.0230250890393388 63.7665471965567 103.518938032281 53.8967650095876 58.3081960323392 0.000226405297847577 0.00172963183224298 0.0494533302005942 0.0666506494304599 0.0649678108117158 NA NA NA NA 3.52766236195049e-277 8.38245627429396e-54 0.00315496066358133 0.0433656973717694 1.97626258336499e-319 1.5943670008605e-250 0.000260691067211658 0.00465075756385681 2.08391948759379e-319 3.88644099032244e-104 4.92851260791858e-07 0.000299826212477829 1.97626258336499e-319 3.56642540211652e-203 2.84780846923086e-23 0.00049127912162592
4.16413913128253e-108 7.64347020784513e-85 1.65358562562425 1.9958990859589 262.911717724428 252.969029870318 268.975647721788 200.234049346085 0.133048439514575 0.266464279791718 2.66833920053378 2.22613751362382 4.13334834715041 NA NA NA NA 5.22509399121744e-58 1.7757443428944e-101 7.62889179902803 3.15841892423152 2.32217004937382e-47 6.29066207376221e-48 12.3115106750187 1.49224814443353 8.40084280497603e-133 1.9830204891486e-05 1.9437702546784 1.73963554766483 3.07253142736858e-64 2.94407040413105e-06 0.194391281046293 0.435144806639421
0.00243586675673632 4.17196558776941e-10 8.36003827301557 16.3038356208498 264.460503163315 303.906866628308 301.888859349397 257.645346868669 2.91999045928825 6.36681993278912 7.81354090597819 11.2659559317307 12.3655869749935 NA NA NA NA 0.0023640657965239 1.35449218989017e-10 2.25710100847716e-07 53.7164122495141 2.31209481147037e-39 4.17708187068381e-05 2.781409905963e-06 10.666875985825 0.0019267127641037 0.309423934538808 29.9612521207949 5.76377816195964 1.48167178494169e-06 0.000536715211523652 2.46019531503309 5.79753780993744
7.88130092661643e-17 1.33890373222285e-72 1.31471966194719 2.96708389239021 218.840283213218 211.510418773672 195.948005000494 199.887424609516 0.810289608553735 0.603071460713746 3.59925072950562 3.04375318081596 1.88936220637438 NA NA NA NA 1.9598823559495e-52 1.51187329052984e-124 6.92441240152102 10.8754255641824 9.8079348900755e-13 1.83316423090021e-33 2.00434258883871 4.84258195092296 8.38041753728828e-16 3.08110210972997e-18 1.41800632525256 0.456092699319666 6.96243706559033e-12 3.18926310649304e-13 0.00736326685653733 0.15700027019748
1.97626258336499e-319 1.97626258336499e-319 0.00235356752438441 3.28860705492439 457.358550175925 415.87730263532 408.614428810895 360.621426412718 0.26961108231541 0.174975336770147 4.15354672370703 2.92813589377449 3.37501889256198 NA NA NA NA 6.45769347289276e-286 1.97626258336499e-319 1.5802199412005e-05 150.861118788274 1.97655902275249e-319 1.97626258336499e-319 0.000413976048529765 165.438140368349 1.45335438583368e-197 8.45582594618106e-297 8.67276828877443e-07 1.48781113894125 3.63132406801754e-172 3.000688212239e-51 5.01912546484286e-06 3.77373287962657
1.76863155623141e-40 4.1167337739614e-103 6.66753435329102 11.8953378939748 169.229056696724 258.853909027075 235.193751372613 202.535810081491 5.96644310242902 3.8438269213134 8.5386475995199 12.2171952210432 10.4587442326283 NA NA NA NA 1.82412623569503e-26 1.46849662476742e-133 26.3414533914975 27.0539663334244 3.5555625106212e-49 9.46715462999402e-71 25.5974917083691 18.2019536842204 3.4580538322617e-05 2.9187339496994e-10 12.809444981423 7.65669619295574 2.53042972608141e-23 0.000423043239840232 3.66655571656363 7.93570889141341
9.68819776916476e-116 7.97138746337513e-34 0.90396435584056 4.75971093923373 304.913951103292 331.683745223347 267.020323105283 250.38033516059 0.175558671054128 0.584186865902363 6.18817833619521 3.99891721380655 2.49482266040037 NA NA NA NA 1.66892994205842e-25 3.54438562760816e-103 4.65095343022144 3.08486664202399 7.14296891272032e-20 0.000811503516808141 3.1573234491781 11.6783632532828 2.5397419278819e-13 6.57940148713698e-15 0.00374015471978135 0.0399752089093082 3.76348300567435e-25 5.01790717692782e-05 0.051726807105491 1.69948002560268
4.03201397790487e-206 9.94483717413559e-68 4.55012564588609 10.9343582356734 156.026722792454 178.276559764308 152.823908491657 136.355052725253 2.95179616736836 1.8824247980445 9.36900694079373 11.5361021124392 11.3859278876722 NA NA NA NA 1.70057291442864e-30 3.10563631522167e-88 16.3696476800939 17.6970956754984 1.01955936353195e-44 4.11342904598898e-55 16.8602141329198 13.6615059201566 1.74555675973303e-22 7.55381339124832e-61 2.25512823901755 7.96080845248681 4.60262073366934e-49 1.21543244198882e-12 6.26935281060644 10.362425242646
6.92833814973207e-74 8.35419668124887e-65 1.414249339576 4.63132363773009 286.995271737243 321.282187275149 272.001493743232 263.361348652527 0.419722077389294 0.523551960965867 3.00656732864133 6.56213280661185 3.79347660008943 NA NA NA NA 1.33072221127023e-20 5.20893522179283e-124 0.00148464474150973 33.663296615303 1.7697180082248e-92 6.18172840896459e-127 6.02075933791587 7.14770165072022 2.72574488957792e-146 3.362734520483e-07 5.07488946211023 0.0174876134242698 1.02037925162142e-72 0.0129463983420103 0.053749761448616 0.433938672686258
0.00136012623444635 7.45650071603445e-08 4.96413010054616 11.4732733352326 235.853305577489 237.98626332957 220.827995573639 203.50217199756 4.36964642077851 2.1432529786743 12.052338970328 14.5700331640208 10.1788382901951 NA NA NA NA 0.0249643734366874 0.000634201982885416 20.2051719196328 44.2410424051478 8.33226302935687e-05 0.251473955775183 4.28157942372638 10.4075611017853 0.0018454617588402 0.0742186992148092 14.82846812962 6.38302416314713 0.00171699053384667 1.71220961044929e-05 5.25056600998977 7.62282839756379
1.77338626597697e-304 1.71388282761101e-142 8.51044959188473e-06 0.327802119396647 261.610868790747 297.106763813216 262.564429267632 249.80692796905 0.00712561866099678 0.063467200520553 0.686563246100394 0.585141043306771 0.410238235211056 NA NA NA NA 1.16250045231813e-51 3.02548617613771e-222 1.68952504391993 4.47207049407062 6.08465340959204e-237 4.07279228780118e-176 0.282345829639233 0.997843525955168 1.81385246599418e-71 4.5080950709014e-94 6.14917025565339e-05 0.271509987519879 1.97626258336499e-319 2.16173055039608e-58 0.0139829564076076 0.0447382090956017
0.000130109205338353 8.84910695946038 9.18329788855446 7.17589200868446 114.977684184922 146.692728785381 172.168474700231 150.563686716932 1.1999198786435 11.2683074874826 5.82568484234434 11.7179001593639 8.96351858108626 NA NA NA NA 5.31987476263337e-07 4.24661980869493 5.15429905084269 15.0719158741807 7.49172453966838e-06 0.800858726743049 12.0861850913003 4.58530170943549 0.00298558109171951 0.00394254783363306 2.70226194959927 0.351546889691668 0.00139158315622736 8.51653668774507e-05 0.753002250381294 1.92284501791044
1.97626258336499e-319 1.97626258336499e-319 0.000100637672106725 3.42503105127879 305.322196439284 347.629300325446 366.681243881596 295.631391241882 0.335140101400534 0.914757286453086 0.554865137554316 3.10224079310328 4.06650806978805 NA NA NA NA 3.96327763034938e-121 1.97626258336499e-319 0.000136134836431827 49.976511299455 1.00617614598211e-51 5.85444391957365e-74 0.000441427483034163 5.25929715380261 5.21340176185457e-97 7.88625460518454e-98 0.769685745093667 3.69516372827546 1.97626258336499e-319 3.98057636143361e-72 0.904749015714747 8.29237767898638
0.00366228981083129 0.00171273465815483 6.78825752555949 7.10555190380898 157.747036047657 128.899982976406 119.183409177422 135.468999231366 2.36094860841436 12.3103889937231 7.17332795219846 7.88112521948103 6.79566560979874 NA NA NA NA 7.6056079946002e-08 4.17359724809348 6.30439883687066 9.91179371724022 0.0312045559207329 0.798724492611989 0.807153389541721 9.0159447945029 0.00305137233998944 0.0279148923940551 0.494633963412484 2.99305031803163 0.00396095509361237 0.501972742905639 0.157086953044064 4.73119576841319
3.93782735657746e-103 1.07139324505685e-102 14.5956241216582 28.6787714583012 362.478255008217 359.786584267055 356.404037415563 356.997997453855 8.86545700764352 6.45257688075895 5.88759288604936 36.4679867000118 34.0034681812474 NA NA NA NA 1.56457561021809e-132 2.50050859486787e-16 1.59583184362932e-11 212.982843327459 9.6731943504776e-25 9.32080149878411e-122 1.53104570551786e-07 252.512808211558 2.06031212698813e-22 9.17464148683685e-08 4.26229357468215e-05 112.808696518903 1.90168916448377e-45 4.16070466639381e-06 5.92742215265889e-11 103.894255501786
1.07408555193884e-228 1.61110674690708e-269 0.000676855279254796 1.02671602904974 365.623942860959 321.295140669659 325.850950438999 307.535147455092 0.0599654066023326 0.081888115138558 3.92385127198183 1.99239116372762 2.82398131131544 NA NA NA NA 6.33085056115646e-165 1.97626258336499e-319 0.00103542012006305 33.4333124019312 6.68296469133776e-290 1.97626258336499e-319 4.60634361364279 1.52929858597721 9.01491969377452e-52 1.97626258336499e-319 0.000835365124750703 0.724993452051184 1.97626258336499e-319 7.02545003294066e-108 0.259595537808279 0.0837524403518507
1.11878362160137e-44 4.27152876383918e-05 0.959887340632592 2.3931746750464 138.16032430688 148.481825823706 142.182117521316 139.991169351239 1.03713389417252 0.883689176576054 1.40447594753552 3.1639594437428 3.50533231946508 NA NA NA NA 1.85122027814747e-08 4.44675005095794e-70 2.40474161027277 7.80617158671444 2.00511530189172e-65 4.42835997961992e-07 4.28685145997532 7.03199330165726 3.26065150288316e-10 8.79301307041697e-10 0.345651512096975 1.88029708091075 9.48944852871548e-117 4.47427040101577e-11 1.59986029799663 1.16575892293328
