"U_1_Gam_alpha2F" "U_2_Gam_alpha2F" "U_5_Gam_alpha2F" "U_10_Gam_alpha2F" "U_1_Gam_alpha1F" "U_2_Gam_alpha1F" "U_5_Gam_alpha1F" "U_10_Gam_alpha1F" "U_1_Gam" "U_2_Gam" "U_5_Gam" "U_10_Gam" "Sylvia_Sparse" "FM_RevJump" "MBC" "DPM" "FM_Raffaele" "U_1_PC_alpha2F_01" "U_2_PC_alpha2F_01" "U_5_PC_alpha2F_01" "U_10_PC_alpha2F_01" "U_1_Gam_ProbKp_01" "U_2_Gam_ProbKp_01" "U_5_Gam_ProbKp_01" "U_10_Gam_ProbKp_01" "U_1_PC_alpha2F_09" "U_2_PC_alpha2F_09" "U_5_PC_alpha2F_09" "U_10_PC_alpha2F_09" "U_1_Gam_ProbKp_09" "U_2_Gam_ProbKp_09" "U_5_Gam_ProbKp_09" "U_10_Gam_ProbKp_09"
0.000159214506045069 1.45738255619004e-06 6.06947421566533 4.48755118772572 323.470657408093 372.872322882385 280.672596705702 270.189288642187 0.883393742831089 4.84028134276384 5.45313241246273 4.52575909875448 5.32171819232806 NA NA NA NA 7.07658723494213e-09 2.53047939925283 3.48548693287466 4.87433684967405 2.70295075801403e-07 0.013647959435944 7.78068752558452 0.900421529730002 0.00733472877531613 0.000270674353665872 0.216792639496724 0.165162378831536 0.180471083811417 0.0492235870900377 0.0214037620236211 0.06429649653443
0.00140703658774719 5.52769215713182e-05 7.17212115265463 11.3123214439487 264.449780146339 298.68600590146 260.461683244232 204.442167131292 2.46300926978417 9.44748203426044 11.2987604986059 9.84448209726668 9.73623599717414 NA NA NA NA 0.00357083684082517 6.21981586919487 8.52015064170659 11.8477241648182 0.000927916040240639 0.220368565326818 0.828004831373484 6.69539422015066 0.0216255266887195 0.0240288192065289 0.14950457906709 1.0347325163522 0.00648871400422327 0.0353102425475137 3.66930331385868 0.547636159059743
2.58194090532373e-08 1.07049318184761e-06 3.90331020039294 4.28201726896141 261.379947750767 241.52708324548 175.306640207452 202.540181628438 1.08861541093277 0.428621969177983 5.36570634061223 4.67978779866871 15.9561180965193 NA NA NA NA 0.00523136245467716 3.36257408608721 4.48635614912419 3.38589361869071 0.0055338902017712 0.0115308127080361 0.313313285868482 1.08627137918739 0.00254193884615224 0.00605355007707332 0.0297226654112119 0.0971940746314214 2.67918645868269e-05 0.0782957895364488 1.18562601453644 2.81194494026014
2.00254672067082e-09 5.53783098424955 4.36799738547742 2.99355848750198 183.699141190355 201.440210944379 195.729651758662 172.422251616887 0.675659305010631 0.445004896820009 4.20207801874386 6.37977417078224 6.10748845216688 NA NA NA NA 0.00707696197164799 0.765021298260912 1.76773872507707 2.78709220198948 0.0175702791421273 0.646113345154195 0.198581315905458 3.06049021827606 0.00347650899617891 0.019438570801341 0.185637548304271 1.34788528458745 0.00786655260142159 0.0234900715659911 0.0728001728584632 0.0896792338046085
0.000548883944928657 7.62215000376486 8.86390330402028 8.54764253483539 225.997141228414 291.945738455515 261.628923093208 225.550170920035 0.528432146316039 7.95532967117027 10.6355063609128 6.1982230316503 11.0758343508656 NA NA NA NA 0.0117202607323075 1.39923431568161 6.49520596675464 8.24604238665808 0.00207462629937642 0.569081116473619 6.04656039319671 7.77552092110407 0.000400049484813575 0.0679558164870554 0.0874891924613961 0.136792152917573 0.0476068931219849 0.850153162099051 0.175328574471839 1.62262034070908
0.0021430802420759 13.9210110379308 12.4723387505702 7.93221885450442 133.072170819454 296.592017438778 224.635101308608 265.420041146701 0.758078680241571 11.5132684058662 5.47322990939892 7.37206191949159 9.1919120045345 NA NA NA NA 1.4348133890874e-05 7.24106465969398 11.4356691975317 6.42293998334121 0.00325547563198744 0.0306657605403067 0.773656649392786 8.05921181440227 0.0058408484094482 0.0487722440019425 0.0267179061967585 0.426650149229316 0.0194991568878618 0.0114872382853808 0.100426054010729 2.21408754389875
1.11424975072775e-05 6.00018006010218e-07 19.0341854481306 15.9999576858458 210.802674396111 234.445481439576 246.196710689767 217.148938496026 7.1461612859916 4.56959421192362 28.8575217426543 18.8447930401467 19.9802438807894 NA NA NA NA 0.00776356464721785 4.44183082845388 31.523148258939 27.0041085917348 0.1159178499532 0.209786984268875 6.3223242641196 17.586272272022 0.00166623392309063 0.0180170128782466 0.495254731119218 2.42522699088412 0.0045000260220037 0.255575569604543 0.783827639101296 0.77306719783668
0.00131647949406307 34.4575524638363 24.7968609559646 29.6573782985382 280.127017712234 233.169789373005 245.891222500153 273.36602865989 11.6966857630942 4.58437383215202 30.7947800815023 33.3157795788684 29.3363225927175 NA NA NA NA 0.00956782668387383 14.9166822717791 40.357602590696 27.5575569047627 0.262535404242619 15.7723623595516 29.9477514753276 11.7453393028781 0.001851893304197 0.0539540263487106 14.4424955328073 8.0771816065057 0.0067473741748173 0.00740812667916282 0.986956160298586 14.6960182504137
7.77586474549097e-07 2.9489430826104 5.8048332980128 9.7339672467935 326.214767549522 288.146678452469 303.280448416387 208.058727571427 1.56007109135884 5.49359914142249 5.30379262902108 4.03211116310226 2.46540673992496 NA NA NA NA 0.0164716529358002 1.22901207807283e-06 1.78124430495387 3.811849591021 0.0074776234478204 0.965529245805065 1.12187963929305 1.09061640994492 0.00160376349556208 0.00395758903042459 0.163797364449373 0.258890503566439 0.000815466425468278 0.0191826259173955 1.34173079396643 0.0918913973681171
0.000143045663960687 7.4157972614408 7.20406051502075 3.52300381497267 362.458655709449 237.753886338202 253.044831386543 284.173089122387 0.999318877391238 1.3005405987073 7.32581444400048 3.08815723336504 4.71772217840822 NA NA NA NA 0.00109656613994765 1.05346197623022 8.40818666535474 8.729990307255 0.0045519386080418 0.0946734991161937 0.627011260287652 2.57364837594892 0.0139268113355386 0.0149662121933004 0.0978353881875229 0.370639433623783 0.000176771040583693 0.00400007994469218 1.11066792481835 0.192518955363154
7.35468559989994e-09 10.6107887204346 5.49349049117723 11.9356562688065 184.331832509468 256.436110877733 204.141746524568 203.400710249653 0.988525151292274 14.5005252912978 7.18236634036418 7.38776296424163 5.49889855965119 NA NA NA NA 0.00423914733070175 1.44443277230166 9.90302738635153 14.4017958653007 0.0139115265578676 0.00751614967768162 0.512018860324666 1.9710325657713 0.0039972407175081 0.00324140605492547 0.410625757848304 0.696138787238325 0.0130907521860221 0.179529852663232 0.247315575153243 0.156418627958603
8.2033487516807e-06 10.6829471900977 5.09149245304329 14.6263379968974 211.057455969365 320.528295928578 321.583558336916 151.267904163678 0.859049901355643 12.9217687586706 7.67018509224302 4.26727573954483 8.79967329883705 NA NA NA NA 0.279120835287562 1.57763399231103 7.6808109138631 10.3483834703131 0.00666303617259823 0.0413424695612712 0.332175681597671 1.97257634556622 0.00989735256925499 0.00153087765437412 0.209152385612593 0.736772301212513 0.000280239848628985 0.00215542647176442 0.0748179503543282 1.27427063122435
0.000101205143133297 5.23660338112053 9.8987384916602 3.44192761322011 243.367832641882 170.822608831887 223.357580233194 191.110249844651 0.617813185916239 7.18591469105887 7.49693217293596 12.5294525011909 3.89394388564869 NA NA NA NA 0.00519348043793694 0.767528416446341 11.1058343477621 3.71424218682279 0.0320288214645359 0.0667621334573155 0.113434887502309 0.23300450480241 0.00869991380684569 0.024962046118536 0.0492346471640153 0.377617229838782 0.002868231984876 0.000691186033026097 0.235432720769251 0.0482529408334854
0.000139467400500751 7.28210996085756e-05 15.2854844285644 11.4801607078141 246.217825405989 243.96040466836 321.203165757678 371.935911346352 2.34831850345381 9.75723084907253 10.9960345282232 12.0748478879675 17.504750871693 NA NA NA NA 0.000396252941108423 2.08518931062238 14.1832909117561 19.2106727247735 0.0243953412408121 0.520959487327312 1.95115371047409 11.7879070296377 0.00284178187681096 0.00260166116481488 1.22441336756064 0.0821072902169731 0.00362772405748243 0.290029976878899 0.149597800105778 1.02158022466197
1.1418874457732e-05 6.70923626459776e-05 6.88263177826335 4.50074511345364 256.050481831728 253.083987784154 269.330956688245 242.556769745006 0.705838840286269 0.417640342065575 7.46314057011438 4.5622588527082 4.97235694040414 NA NA NA NA 0.00316553486679615 5.50453143382786 4.1260801316797 11.5217932058849 0.0248945863639189 0.108339389814179 0.751175042004216 17.0756126070223 0.0573725725434441 0.000889395292041694 0.160797263666465 0.949907791876585 0.00106654895321052 8.76671414730833 0.225761407943906 0.141480121878427
2.19048306763201e-05 7.41385550680479 7.98608166219441 5.6762672895812 320.220318372543 209.783816998124 246.893753913016 257.918923123243 1.98561107797343 9.02085983612107 3.62179609361947 15.1061504120504 2.97690130935623 NA NA NA NA 0.00240413545370018 1.63184839195126 3.3827188745166 7.41288826779718 0.00449856444824667 0.0252101315481983 0.390822698241673 1.9099498582544 0.0059467012445413 0.00139656588691894 0.0616902386614103 0.252750466232321 0.000796977922794196 0.00936093600699607 0.751183910763379 0.112641934572517
0.00091081472053768 12.6394846886312 3.79841500716348 4.96490084200909 171.46356676095 273.546607102794 178.745388638476 231.838806395908 0.817623956060886 18.5048355608538 8.85574086835871 5.7969941316358 10.0909122749826 NA NA NA NA 0.00212378494633382 1.78710591699363 2.83566109945418 7.24369967603921 0.00194552422262573 2.22290628388469 1.57305711714861 1.50986816270797 0.01062261764566 0.019793785757014 0.16772747276733 0.339245954103034 0.0706428003091999 0.00784312958832947 3.19997545701574 0.564815389321957
0.000194868654391014 0.000603093063766604 6.89764819587775 2.64894542091692 131.927657808242 268.435139319022 295.149480666883 226.265948819456 0.724276290476435 8.98525632210381 10.8923886801049 3.56816942093146 2.56355726456164 NA NA NA NA 0.00125870018541168 1.69989483764564 5.29554127843869 3.73356617623208 0.0019875240685341 0.114843485956813 0.275550401778332 2.99432167592876 0.00247993289784492 0.00376928036401156 0.361036138330607 1.18835497982549 3.70102995635369e-06 0.00838896849421082 0.0381345926132488 1.0552135993761
0.00011934708817434 8.27796845242083 2.31014118079765 2.00352734505359 141.242993852448 217.099315798909 209.464566524881 176.270515217338 0.562951299883164 3.97367265367883 2.72613623444709 5.74568778677784 2.45959272268051 NA NA NA NA 0.00553168858954631 0.648290794464817 2.46149534917856 2.73620626189097 0.00117214571162681 0.0310949274330324 2.22798708369511 0.928681075089856 3.76640735460488e-06 0.00390903503013151 0.062325114473438 0.155653910478712 0.000485115377737323 0.0101582862340477 0.0723719735276302 0.270597802879887
0.000127672964588248 2.60699999908748 2.81002433835648 6.48101720123121 228.961818585474 244.771828736083 273.779788287258 264.314070876283 1.3631916384821 1.74379967901699 4.62079902557779 3.93667448233577 3.85258710300213 NA NA NA NA 0.00221530933478523 0.757277754270848 2.80177974794856 9.83656151519111 2.67354464546183e-05 0.0472705258480532 0.708673185721352 2.31924664534097 0.0118976584381874 0.0242347722808027 0.0482269360350039 0.192962842090676 0.00156814669891887 0.0089697714578721 0.237783439125201 0.0990619884534761
1.14523532449542e-05 3.31566780697984e-05 6.83598283806733 5.71310646658721 230.23566128216 210.913141104855 331.849442850785 234.315198426374 2.74379416676647 1.29966884229427 9.98696572670142 4.87536344244241 7.07136056834437 NA NA NA NA 0.0114468895268493 2.47979277398911 4.28103277707888 10.9106850667736 0.00156638038380512 0.0291322110664303 1.11360076814321 3.62775613980231 0.0214891729909208 0.00918742806221637 0.0470206111565629 0.355855646445624 0.0853451201211406 0.09659065114749 0.207462850058004 0.771849592748596
6.16831137585419e-09 4.04835905683511 6.74933712057624 5.03418153977188 218.588834276952 241.246893725897 263.154482431299 220.047589976026 1.23534941386668 7.13786680068921 5.77232424067156 12.3494136189254 4.63070518639559 NA NA NA NA 0.00995209555124731 3.1948937668202 3.98909894275778 9.91972182947175 0.00588958142209591 0.129378462207369 0.2337534635605 5.97358379272599 9.19137338401506e-05 0.00318883858008775 0.0720661173753786 0.659995855452085 0.00386641709632486 0.0275693013243267 0.0873236719646198 0.0788688383727284
2.43690813862863e-06 2.79478803395236 2.08333558595977 2.08814181776841 262.585096437746 293.450892342798 235.036274205352 185.998619157638 0.727940417182074 10.0167134878335 3.59054692730607 5.5107096259986 2.6703166229936 NA NA NA NA 0.00219031575018711 0.743625857167964 1.81164122306206 3.25452027818782 0.00204905818213551 0.15023562219897 0.595544213688641 0.938639456944769 0.0124901778168349 0.00352144777329844 0.0232953504188365 0.335160103678935 0.00309456721947416 0.0769987137410668 0.0299250615820378 0.374984136432295
1.96723200726572e-05 0.0051004647040069 15.4538612432321 8.39673059888938 206.836292997419 269.45381832945 165.787462250399 279.03305197029 1.33953726498942 13.0848698509396 6.81540639197295 11.9770535316513 6.26227832665653 NA NA NA NA 0.000402433022303862 5.53928619254329 22.6181732465174 12.7777956217678 0.0118498107482295 0.117131825991373 1.14141234353878 4.4038582454075 0.00126103044911263 0.00553659436763768 1.54429057045705 0.767138910014077 0.00703012446123267 0.122832597274396 0.0938380194494223 0.791854823949943
0.000125134080294713 14.9639968462401 23.274735463508 10.9493613450392 261.571366401525 190.119149714078 345.533481939902 238.530924856263 1.31233491733206 3.29066172933575 19.9649002822249 14.1355799117775 14.3245332723836 NA NA NA NA 0.0435310758753004 0.00383287481329724 10.3189088161044 16.2207317310421 0.000734616273135983 0.375890331884187 1.06081405530849 7.06355189011954 0.0141030316081093 0.00544070076411767 0.827822133382518 4.10968653718347 0.00193499015226322 0.00709649994629475 3.1596670648415 1.65663439724434
4.05085817051214e-06 5.23349255156113 3.09799135013508 3.00884055848339 207.19250336046 202.931897328317 248.399850248164 244.032109632137 0.406325242799936 17.7084740205163 5.05126111302261 5.06466349282684 4.39330049772335 NA NA NA NA 3.95042830498683e-12 3.16788521568316 3.70964965204527 3.09609473314091 0.0017887662744978 0.796426807162649 0.0674938409678295 3.93432825166392 0.00676430396387694 0.00124346923151374 0.0899361841739139 0.130650903201927 0.00782246529057515 0.260153079224528 0.0989517971309801 0.869176358167981
0.000233764385494562 14.7328724174591 5.09090915402694 3.54797572932265 327.748866214694 245.215144496814 304.007569972662 245.998246461185 0.803060143083023 0.599899177409862 5.01771943222031 5.57543154718177 4.36351841316931 NA NA NA NA 0.00452282738583925 1.17448264941481 5.82892280208723 5.75026240583773 0.00153394733311151 0.018799768216252 2.02711993932935 2.88167589285167 0.0157174106361258 0.013460729358198 0.164152609915473 0.705470137140594 0.00213967576810692 0.0126230040753865 0.326625821229606 1.92011050537988
0.00176818314380617 4.43059913319289 5.11030050236544 4.07071737359638 246.124294857816 271.784986534634 162.208996005558 216.821118134613 0.838062276116487 5.61131343514361 6.28619576871374 11.697669390583 9.16345418582947 NA NA NA NA 0.00844472947330881 0.825426779659111 3.35513502874505 8.87482132167767 0.00287302343033867 0.118967189621121 0.514609694691431 1.493464439692 0.00399105728491404 0.00080488021149822 0.146468512485564 0.27309557891455 0.000857976298823013 0.125000222151201 0.0244435273648839 0.345500911932595
1.29670495306528e-05 2.7978690180755e-05 3.49669717651058 4.76647793346236 306.147131314074 297.328217977597 231.23559070651 279.455996769302 0.990526793534356 7.20106262187022 10.3394738307944 5.43051976235601 7.49673218526521 NA NA NA NA 0.0039232711746085 7.98935119366823 4.31212441592325 4.46396071294306 7.93229933928968e-06 0.0259394003712733 0.246098775999186 2.6446561051217 0.00279105093890445 0.00674575713110246 0.222105223553064 1.688472959376 0.00865460307270776 0.00499637832377973 0.0410105398129623 1.71070223464338
8.13890002968392e-05 8.16649782092983 10.6975780108557 5.67785452655044 223.955436485661 211.552500226023 248.787602401643 237.670988780489 1.05675413928343 0.601973005019216 8.08244590077726 14.7372004361604 5.60376481912058 NA NA NA NA 0.00596383168725998 1.67931170225266 6.58090031420364 8.97626565684416 0.137085239942941 0.322353007794231 1.96488453872752 2.32801696885429 0.00305342744052069 0.00763337231124805 4.63030542816971 0.431464890241081 6.51896190945249e-08 0.645507405422534 0.41148859908505 0.223398546438268
7.60660188320978e-06 4.11443220180143 7.07195653332821 3.74915815179982 233.701309763623 221.939750697751 285.953963868487 238.13918425161 1.03494554507549 6.87676019655444 5.87053474522772 3.67286245771275 4.40801774969076 NA NA NA NA 0.000988728139483816 2.84731720404656 2.49698379474321 7.7200401184579 0.000442367781640402 0.056521628650203 0.148423327077957 0.222763984324288 0.000189169056839101 0.00742243403980942 0.15077218644849 0.215556573360821 0.00233797766926775 0.00874037222483641 0.0531243880499104 0.395915652263518
0.000625809544238212 0.00012308798020927 3.35468308255264 3.59198320986218 299.25314807288 161.699579103735 336.419531402076 222.205451606545 0.878346098692752 0.377203102258568 4.77764908496782 13.0946508618473 3.62265938234404 NA NA NA NA 0.00617426556056635 1.83898279774862 4.35749334697434 14.1603622357997 0.000976443964161162 0.0532754079392016 0.820023804733739 6.15795496710806 0.0105724370371008 0.00327387180481073 0.184864522192756 0.223025363441419 4.31545612567046e-07 0.0171585264760477 0.0765736852397918 0.994644093066952
2.78709485442582e-06 1.87539992245303e-07 4.54860221633756 2.16085440358278 303.417424161699 327.721544469542 250.567867117426 336.164207886439 0.607059212804882 9.23675233745779 4.15183928519239 4.429517102015 7.37704249401555 NA NA NA NA 0.00308631441347527 4.19816685146251 4.05731478650348 5.83986850410362 4.26957707178837e-05 2.81005039087336e-06 0.504784513234731 2.40721055981642 0.000963601187606669 0.00664988919667581 0.0830118185015447 0.95959205530592 0.00948453450579771 0.0144240871193464 0.183136532342631 0.088761682033948
1.00994330078067e-09 4.78312391251495 6.77939655243053 8.02391832921104 123.20858610625 179.576537732623 183.371227700445 174.977127371457 1.17753111372229 10.8546853705427 7.06794796663657 6.991812249358 6.03048027196306 NA NA NA NA 0.0120886588436504 2.0114085714825 16.1053321741168 8.88801556224265 0.000448492043737406 0.423272882633714 4.14826199828178 3.89571242745539 0.000367928944470682 0.00506210465952285 0.0916315832237144 0.767557558360601 1.61022954906115e-05 0.00936669097004284 0.21398336801625 0.735362560998605
0.00201586089324386 7.59564615023256e-05 6.97779989419446 7.34384601146017 196.39453655337 263.736278834991 243.562935142327 202.049648663932 1.41451902055363 22.3548529888411 10.1480461241588 9.91320340884349 12.3499621264714 NA NA NA NA 0.0115191888114616 6.08023809165978 7.2512363831626 5.30114431405545 7.11542746957408e-05 0.488779743993332 2.200628088601 1.2332643045913 0.0102320338154413 0.022037498653409 1.29226426233306 0.276768420854214 0.211342405481759 0.00943365921049068 0.479288311634209 0.728823738264613
6.19512586937161e-05 4.40908115465929e-06 12.0502313042972 7.68249975344606 325.123409355187 159.749958687126 301.682740274612 217.638641185039 0.814896920342556 14.4964053074179 14.013476213319 11.8847949268558 12.5941491392169 NA NA NA NA 0.0117733405246334 4.69230846327851 9.37453639809268 18.0134454612846 2.8367535889355e-05 0.0136053021468102 0.419119372607594 4.02569734439661 0.0135037688391099 0.117698672441444 0.0111263208125169 1.91910042356945 0.000701120984592033 0.00124228193208906 0.266089979388709 0.593867186532256
1.60630174589013e-05 2.59653001602302e-06 4.31305225689534 3.00749466278046 197.392946872117 294.633092921287 243.116726100024 196.363767548511 0.712359056035132 0.44065289871405 4.84159522513454 6.13765520176822 3.1598236656053 NA NA NA NA 1.75522973948592e-05 1.52904116916757 2.90001493632822 9.01472292136709 0.00830871322880577 0.0535812268793394 0.154988408269135 1.14142041707608 0.00485418637159983 0.00154417841424631 0.282537564647169 0.936150698550104 0.000115474884384088 0.11577202158283 0.257200882722353 0.808986832970429
0.0145272269897213 6.93861960738313 5.91474874024887 4.60496651267681 230.834321704194 206.358705963616 281.057279081961 257.226435629195 1.00999007387131 5.11235886710841 5.96773420742653 3.98282889157312 3.08461039900411 NA NA NA NA 0.0192641486660721 0.546450392572356 2.81795322716439 3.11173530697833 0.00754541855812747 0.0494994500018616 1.90629838349715 1.42594947303434 0.00335333687001998 0.00638351286279014 0.258820895300927 0.290839523314989 1.49876474372971e-05 0.00290106889755797 0.332735165830532 0.0457045800101973
1.765081193129e-08 11.043216700658 2.84760792842234 2.5720242325471 186.871867743706 152.130975574308 246.019376987765 227.178122876151 1.82319475587716 6.26024538923821 3.89082192882982 3.52531246607728 4.57350426328938 NA NA NA NA 0.00432196057393191 4.67134507525681 1.7538203794363 3.36999387013921 0.00449549636728778 0.584603093543664 0.775158180491496 1.63447261785163 0.00482788325184502 0.0275846632538563 0.146053478458003 0.154658002924868 1.31585742569827e-05 0.00421061704793211 0.10460982695252 0.0974093628270075
6.69839486387571e-08 7.21334216234441 13.6972104170614 4.22023535718376 272.618597370329 252.544354590556 199.697103597817 161.392749459044 0.97873404700907 14.9475541304495 6.80848217633177 5.4469527079518 4.84208751261995 NA NA NA NA 0.018787108847823 3.00922418335549 2.35533287302327 5.43671798454161 0.0192627072006994 0.0102966620396986 0.48692661501796 2.16387856393785 0.0167819401123553 0.00482143652870932 3.226945741442 0.271919585910849 0.00035517566052652 0.00994479014179266 0.12486429834698 1.27626184606224
0.00144822714183024 11.665143526521 6.62512974633699 12.1840236554407 190.483465657335 258.004004721526 305.356642495212 267.698604379316 1.85979315623039 8.75414182867242 7.83161641025174 13.2117632944866 6.28338388783789 NA NA NA NA 0.00679351325624443 0.0007649675362651 10.2805194668134 14.0238096180029 0.0116302554002837 0.254768328679095 1.3973949858611 5.86789633463943 0.0122214563599053 0.0166939567919101 0.219299923850791 1.10514662337374 0.0007072453535963 0.00184713365965833 0.165185092146709 0.555053914309692
0.000260143058815335 3.20266549872417 4.22266899623073 2.74726688891441 173.19466793018 336.753050321887 236.932812067162 204.158697979206 0.868763279276341 10.8277036741096 4.82656588297451 4.40760466759806 3.4892413165053 NA NA NA NA 0.00656815498922764 3.02410961523795 11.8308884044502 8.6748529751166 0.00395873909375106 7.29452254558027 0.171429764063649 1.32385293645844 0.00626506500360237 0.0318437903627966 0.262405506798207 0.242750297972069 0.00153295458675163 0.00246947956645057 0.0346396797014893 0.216374534177767
4.06911105475433e-07 5.50988841875763 3.60803446524519 2.54742919785157 236.620446562486 231.965939156941 230.404280365407 173.44647877138 0.824011995962231 0.409322850887527 3.3394932164518 4.46998696432281 3.63607878056969 NA NA NA NA 0.000435142229251238 1.40049966391254 2.59367627287455 7.88627122843448 0.00903198589105771 0.0326985777135512 0.18639913396289 2.48525221698673 0.214962625205065 0.0222963278781667 0.0576201992927269 0.23734126284415 0.00617976796161161 0.0109035693315986 0.154072072583736 0.111937639820198
0.00237698172005373 15.0122183064295 11.1477920499374 4.19507501893701 248.359336910822 210.131064792624 313.129138508886 223.690641795891 0.631906928715097 1.49829453050084 5.48073988527634 6.1608962213227 5.83052259449924 NA NA NA NA 0.00493360694382807 2.01880138118406 8.58261165463542 10.3961733386186 0.0305448975567597 0.024789549866531 1.03145055627378 2.42949281969068 0.0100912636445024 0.0124954703781773 0.103891053282663 0.0520877461705702 0.00175334037300507 0.152503575545166 0.381639520909133 2.08381660202229
2.57919774369716e-07 11.6374411206716 7.58264437734697 7.64783437142113 280.755744690588 204.868996804434 276.386970527343 263.118661995165 4.60930242853667 16.8110962838581 9.38243122293548 10.0381266015843 6.24057969910052 NA NA NA NA 0.0452354589532443 1.94365758903118 7.49087413571913 8.51776014523136 0.000767840767037543 0.0633486969385101 1.67766906575732 5.51352429248798 0.10161681053458 0.00536904634823178 0.403406016765182 0.694463201793932 0.000240936121694809 0.00937703301901265 0.576578715703165 0.458445490184148
0.000766171834864288 6.428405852709e-05 10.5530969144466 26.7869356927309 308.218005991728 289.520473121995 223.119500557641 282.451591471203 1.07565805612843 12.1448452810411 6.26077090277814 4.10528897715543 6.26845140234878 NA NA NA NA 0.0542754762825843 7.31700860900317e-05 9.38863523885638 5.95596491538748 0.0129244223279806 0.107482020446787 0.20139931321107 4.83665819254644 0.00111225460768119 0.00105668209260571 0.013320575195904 0.977353990939757 0.00127034493232636 0.0261978759445945 0.0445571248738873 0.258927775194801
0.000224251514873907 4.53556676712898 8.34397921868702 3.30980247155443 225.66861037428 144.408901155082 182.21311149121 271.302466434571 0.440682656125952 11.0217807282455 6.0774254885765 4.26551584599059 4.85401200464701 NA NA NA NA 0.00549546133003134 1.13191013971262 2.10741660007435 4.11631129071138 0.00350510000764865 0.0660378059274184 0.272224878416461 1.20577314719033 0.00515082328184872 0.0341660421301748 0.0451765483965526 0.915797344925485 5.41566060223446e-05 0.00667287980256121 0.348715285134212 0.198038517035888
2.56488170197476e-05 0.000351618955962081 4.72433626441367 3.21034624983355 263.545465086076 188.482246585944 159.165927756636 217.720028079433 1.38430735051663 0.46981730988626 4.48628866620869 2.27091537218052 4.2290761416359 NA NA NA NA 0.00592662884327336 0.540615511762402 1.74298335960224 4.50725538637279 1.63789674237552e-05 0.0872563349929849 1.09089372474632 0.9317261484385 0.0066340725234553 0.00365519609169988 0.0417732075945504 0.218551952571969 0.000745781200541676 0.0536653287019695 0.929400976841154 0.743491109667319
0.000159578945857798 4.02269535136586 4.6805941244137 3.02891443747814 261.570564590939 384.537308950445 394.437825409221 206.511869005633 0.549182991827578 1.0294332073659 6.87035734905152 5.18686961124971 2.9456662906138 NA NA NA NA 0.0180942274563925 1.83889473862358 7.73139044297026 6.63314108249653 6.52921344842528e-05 0.760699343734619 0.543324806819208 9.86676617045631 0.00992422518793409 0.0179652752233565 0.0155510146733292 0.356064449937677 0.0395144687746314 0.0209389156052507 0.231220547414625 3.26671938421389
1.61442525812549e-05 8.65491164989667 10.9120774909472 3.63245796410933 183.949509279319 147.590640241099 218.287848800623 225.961561375615 1.4165741327476 12.6963928096288 7.56967847190808 4.95682837513415 5.91888539512236 NA NA NA NA 0.00194765536267612 3.2447272547161 4.2254620933115 11.7209611195993 1.25886237865075e-05 1.028566884185 2.97984279006352 1.0897592938793 0.108910722049336 0.0178281502469732 0.21005120576102 0.603597793251871 0.0171304852062694 0.00472732238144484 0.638435115754812 0.12760933993325
1.00361345623506e-07 12.8843936330856 12.6822387350167 14.5371502265418 224.438882000056 219.410026195369 237.467788738498 242.960777336189 4.63484583811567 2.34484581206681 18.8439853363965 12.5088704785026 14.4711820301583 NA NA NA NA 0.00643757740037449 4.10912378828296 16.6647882255226 11.9111496705531 0.000667297777083656 0.15134787711881 6.29476603014084 2.68801035620675 0.00552416062530088 0.00297166445492481 0.207802119651273 0.154910147791631 0.00916226594950362 0.00122563577987216 0.0577970116832987 1.96174610210834
3.96562350506212e-07 0.00127398951462626 6.05191351717663 3.99678602049923 327.269819493331 158.002227371224 234.671702590366 268.196993123783 2.42045023312645 0.829851869113006 6.11249475399672 8.53007558931481 2.97893815356733 NA NA NA NA 0.0034336488056659 0.497856238373931 4.39365828961849 3.9912295114125 0.00133244183610774 0.0102607110624956 3.45196159049774 1.84341588468646 0.00296426477101166 0.00929147360119964 0.0540764742686361 0.208128394615664 0.00477477463335937 0.00607433962193928 0.0106935583890362 0.803406786094107
0.000953010939021966 3.76644132757273 9.23190732092026 5.0478960725871 256.129916250473 268.769911683218 243.772184799098 232.259144201133 0.549392434473461 0.608088437366153 12.6384376729426 10.9803536987582 2.66966878891098 NA NA NA NA 1.0635351226282e-05 0.800101347976208 2.05123251507099 5.51037908803418 0.00139665467733537 0.119830068709147 0.170795156454059 1.46800983614404 0.0213778255481705 0.000963854875403863 0.136511805391578 0.23981164790508 0.00401995845199175 0.0109366657071469 0.0578499459484643 1.78478842342794
7.58374429150496e-07 0.000128312681673573 5.36084362694369 4.76637784057515 187.926471754869 317.158650512409 312.39957656666 280.991824134665 0.789043983359039 3.39829844459399 5.83996207510273 6.71860122897156 7.21696570461814 NA NA NA NA 0.00325367887851607 1.25212735053493 5.04070570972362 10.3918173973902 0.0333387630351872 0.0285587617085377 0.222266006651588 7.18757662493859 0.00849481186858838 0.0199937892495855 0.0905718287783516 1.39014114067517 2.61309504715847e-06 0.010992048381121 0.114431009944695 0.454042572194998
4.15489991385292e-06 7.69732353349835 10.3615662402362 11.1304932107228 188.060402178604 159.522296400498 213.22349197453 239.313905789186 0.91356107032367 11.1951979973231 12.8380417924742 14.5243447362453 7.2056144003276 NA NA NA NA 0.0351189945746387 4.13607597362682 4.8722365243008 21.8172618335973 0.00925845423239742 0.315526975419688 0.393481374388451 12.3386790108918 0.00300683719921293 0.00316263223844049 0.246161107398863 0.243459418366526 0.00134856752921444 0.122948860096134 0.042708854002329 0.559657918977721
1.07768135832702e-05 0.000131775252607274 1.58530486799144 2.35977945346579 156.17182636178 207.799069953322 272.932063611085 205.673046272379 0.566807911014922 8.22257530982256 3.24156255108731 2.1446265595504 1.78039815395151 NA NA NA NA 0.00120323758912952 0.412329279383648 3.48813522928298 7.13783438746322 0.00035034795731921 0.339658012715988 0.455478746528621 2.93176476393674 7.25717177730116e-07 0.00477693341645617 0.120404721179017 0.141924816866703 0.000106298875744005 0.0425492677321365 0.0116024959632951 0.267864968148205
0.00020757721714542 4.51941121109277 1.92176033621158 1.63553195234095 148.20904403205 121.65382060064 183.645778682158 205.65924956133 0.587099059198399 5.85234823085995 2.39683443523368 1.91875805495184 2.75516491089546 NA NA NA NA 0.00227641737726999 0.404376041097068 2.14039283841112 3.06699302219512 0.00332130675895291 0.0646604077250821 0.761780825270283 0.863661571376709 0.00376830730722187 0.00340596992620682 0.144395608058413 0.203029598652586 0.00459057563871482 0.110869862505287 0.406035082470717 0.240263118471352
0.000174587195328769 3.37195854068316e-06 4.71823276226369 5.86765390327355 161.522733687077 165.8553200279 307.005996844998 302.321478903171 4.58572307133513 13.9804237937353 5.48627650064604 2.75990232880399 4.52485597567143 NA NA NA NA 0.000246127330090326 1.44231996336241 2.21875120072687 5.79971991396384 0.00309105413358631 0.0365982611191889 0.137470118457969 1.06350201522754 0.00247762049050908 0.0091796715572844 0.025656903056214 0.66409640121169 0.000725092978629937 0.0188187905270234 0.0328135492784421 0.0439454733904009
0.000113244663078817 0.0186785785779237 6.16551684028269 6.20645740625744 239.733462928962 289.926439250191 235.73923170468 283.317111810754 1.50002461803758 10.3741356554646 9.4902063523133 8.98276460492609 4.75507363889761 NA NA NA NA 0.00829827801982883 2.89352211332166 3.89631355207724 15.7192614482647 0.0165692245235886 0.000737990875221743 0.116142782798776 1.11868363162015 0.0185687431266613 0.0183519227614125 0.0411367089552994 0.224251237445623 1.40913923407814e-05 0.0127296874880635 0.026584889602406 0.223889539798082
5.85827337692649e-06 8.17923786077488 4.49153429412724 4.52660398560391 261.490301926779 287.324023937804 261.961183919623 213.218206165801 3.11529002215523 9.06768569508349 7.36840327278731 5.90635312720784 9.455093922185 NA NA NA NA 0.0105421309431024 1.6063385926475 3.00170027793666 9.971794563175 0.0423062310098064 0.460801599000144 7.24439447842715 6.22869785829108 0.0190463762719815 0.00068773421886213 0.497840685737348 0.400346681016744 0.0141192548078658 0.0110179161844712 0.733051577703016 0.64312256626168
0.00143800256913859 2.76046577407666e-07 14.9090149655267 18.3821589007744 243.697975394614 267.263083231507 225.41544796853 189.440071414382 2.57803213827706 24.0886676692916 16.9311638106074 14.1631504536132 20.2264647024512 NA NA NA NA 1.28881768741969 6.02283093614415 23.7989945480553 25.2181009254312 0.00173032546764782 1.71289438132917 2.48322903562012 5.91782037344045 0.190687269084961 0.0398566986339139 0.681375897117884 5.58261343286808 0.203817438041375 0.00617819481804871 2.40703496292693 3.02860237556387
1.20846609423519e-05 9.03804094093914e-05 2.60774389670241 6.806707735103 208.04700985419 324.829444300078 317.385484168649 283.671281057604 0.483423051026896 6.97041299909329 7.60817636650854 12.2315263682546 2.53370688027391 NA NA NA NA 0.02710499581823 3.45837647172496 1.12834601823235 2.43903072918415 0.000483149603900052 0.0617438985479763 0.647205547908345 1.32198607670398 3.06185358646061e-06 0.00413430469196559 0.0248574377911924 0.209538311828104 0.000431976159712274 0.0411587505328383 0.593387593485096 0.620583916951139
0.000452752216900816 3.67250309284953 2.62983090971476 4.62703589257727 249.083999768079 292.362027666091 282.014124658011 221.854287079997 3.97167239159724 0.561151798672756 5.0516527023536 5.25981145309415 8.08570220363284 NA NA NA NA 0.0117905227517215 2.36979081181995e-05 3.80462387788512 2.62095501933351 0.00548739752893765 1.0256569952359e-05 0.167511073210518 2.07139719623169 0.00390480499959857 0.000456692796339451 0.148136082785145 0.673875638945146 0.00490456883322099 0.00388767618153381 0.0640643329498548 0.172138638660036
6.70389396882645e-06 4.88243269093349 5.35585487988989 7.40290176295578 220.058320525178 229.783427098868 284.805612241917 229.095177668809 0.606805869641489 7.32506213801574 11.9285708215372 7.40060413580953 3.57941722064582 NA NA NA NA 0.0420284355141067 2.58924997830095 11.1084753216689 9.60124946562038 0.0232710974392058 0.112743904016073 1.69002704747139 1.73671448535572 0.00282746853940795 0.00531124227754554 0.212393818907031 0.115878723115198 0.0093665402715634 8.14012060584949e-08 0.029853111911918 1.05232129647943
1.52939929128953e-09 22.7471900175798 16.7392560491264 14.9801558981882 225.623382190702 212.258451186512 199.660801205094 178.285702007294 3.28038396698436 2.23923344677352 10.9171163521294 17.9543257430828 20.3314339511967 NA NA NA NA 0.0992923802675665 2.75508383236466 11.7180640973284 15.605675790553 0.0309129312907654 0.0906903561931997 4.7172684819458 5.89989779816849 0.0977966069278393 0.277273398686867 0.0743477868807402 1.71381540102449 0.00330914211226532 1.08181988675886 0.0200109994740152 6.12499402915262
3.73342092956437e-05 4.45701317151658 4.53942146257319 11.8361313997246 197.679272904687 214.08062022485 222.182334969058 211.547527620285 0.943090509026619 1.10208261722753 5.38843942714356 2.95878955968094 4.01270640635684 NA NA NA NA 0.00133484768992763 0.000549195331671255 2.46060537831861 3.45558270111558 0.000235437201085451 0.0161922198610896 1.63367724383576 0.970474357997819 0.000209907973943042 0.00171684996011514 0.117709345931283 0.617046116063554 0.0082158607496033 0.189677524692234 0.0289923867124704 0.910167390370911
2.85122484575539e-06 5.1402998774319 2.95365441888397 1.66355215745846 252.78261497458 173.591789104024 285.702527927565 204.717621769015 0.432598055809797 0.555169646242448 3.54462160373835 4.04079316077349 13.6103586333822 NA NA NA NA 0.00537193605613224 0.665344764891732 1.67888390843584 3.71445988237173 0.00254896003762342 0.0660259289759396 0.108740604034395 0.492207389988258 0.0051339647863405 0.0222056561319803 0.025620196905355 0.41809914683974 0.00336673427813523 0.00172913844330037 0.0752973730279413 0.36067918508748
3.2252777927977e-05 5.29135246010561 5.53161878290367 2.90020140516968 360.4076133786 252.561916888159 267.054817464252 242.644624442392 16.5879960107723 0.886352113454685 4.86748134821235 5.13816302097279 3.91937722773579 NA NA NA NA 0.000886234412219653 0.00157775794003748 14.1119252544928 8.50981938804104 0.0210131178605493 8.78730766449e-06 0.351084238759718 1.8553526265346 0.00210428289500814 0.000606231149477135 0.156653173271329 0.0632423934461759 0.00441073653070357 0.00258613009885438 0.0946239206223671 0.152396463304991
2.35692762885858e-05 5.95324012446425 5.01245692270467 5.92047750137945 219.105617593839 194.688219546722 257.027194654185 172.886124989333 0.666150029983942 0.672782126483971 7.65834036575698 6.98043881060944 2.61898727853282 NA NA NA NA 0.141180514785115 1.14499883398777 3.41791793413625 6.49849786052612 0.00140661152160924 0.0425651264614005 0.492782352105613 2.07724673625847 0.00232840932334847 0.00888979170624543 2.74763093109176 0.202740872431886 0.000653258530259184 0.00864616509163053 0.172486162154054 0.389008838353881
0.00062919858063718 7.4586467515871 4.647045322912 3.94287517420549 175.305593198919 197.097036791131 250.162803178238 226.163999400334 1.31245034533682 7.83534639767947 6.53045751254567 4.76388116534531 7.33770642436323 NA NA NA NA 0.000583417827120976 3.47372555472224 3.6735577094413 5.96651730778038 0.00290672508488105 0.0630350545272487 0.361626373051237 0.782237034496692 0.00985707533563855 0.12487060771178 0.302740871826837 1.71309617842308 0.00836557726281045 6.16885809927155e-07 0.142635937476506 0.125486312172355
5.62768729807306e-09 8.44382125331231 8.88452258083977 5.75236040747812 217.220024232015 176.637214976192 241.524395054961 190.070976365062 1.85489317965813 0.755015296255402 7.06643484310124 9.75778029488792 6.1060189799702 NA NA NA NA 0.0342324370125972 3.92842844217876 5.32320978186546 10.541137802491 0.00306965992207544 4.23840482901731 1.97557398017336 1.6710532733734 0.11234476086866 0.011068667021513 0.278624260851266 1.66180173215769 0.0224147909753404 0.0360971465093953 0.430568802121693 1.68576693449298
0.000982903885850985 22.8571049567026 9.59263626118563 9.5176511439615 270.24519597056 274.257313559617 361.487512852169 308.795587754138 1.52413774134092 1.91999015969692 11.3888670866288 8.75037479313952 8.12817209488402 NA NA NA NA 0.0427500060557061 5.41641350876137 7.47899592130813 13.1499010632582 0.00622185521205328 1.13345444626547e-06 0.738958614933901 8.52855087467491 0.00769864049704844 0.0887139881430416 0.203435108294939 0.65314354393099 0.0104040018098099 0.0444649690760485 0.131448212796454 1.44838210971972
0.0024186878377114 3.85861700888986e-06 6.30627247749937 8.82104438565047 276.664896892443 121.974112358124 266.10635192891 184.676598920641 0.785474353630532 4.45098375914223 18.0948706343789 5.92912398253629 9.06968007621735 NA NA NA NA 0.0132506904769712 0.982958512134537 3.26949186494855 17.9775978871603 4.78051282257709e-05 0.0826719372934549 1.38075364794765 0.903470941289612 0.000557083160606722 0.00247422321540759 0.202207045191971 0.0548929516177269 0.00414581267474725 0.00454082939005062 0.0435486474968056 6.54352745521676
4.5285127476813e-08 6.30594039450895 6.51817970492974 3.7787194638775 303.573679001118 229.487402386226 327.796382914076 179.002231261573 0.851646214753098 9.86319643152979 5.33299447773463 4.66055211909723 8.10870895966692 NA NA NA NA 0.00840241782807531 1.06048652145038 9.73945733803206 6.72230851670657 0.00174629890352392 0.0906675271688769 2.19974233329975 4.11635410593821 0.00452447659154217 0.00505794663415508 0.134869699998713 0.177288243386643 0.0102725781850444 0.0133199299644436 0.168408843105675 0.919266358334538
1.80078444417281e-07 2.23755176304259e-05 15.2649901245456 9.67627366413711 152.322383341582 257.974847328176 237.305902476245 196.317448793247 1.51800760749993 27.2541668058321 14.899286386846 13.5468395382769 12.979134918798 NA NA NA NA 0.0056963098556454 3.11145911749164 17.259236416757 21.0312078731443 0.00422472635955028 8.89087877258305 3.31372962164389 2.61394385834612 0.0221398837435951 0.167492600327403 0.273880365361116 1.02234995932833 0.00641346562260685 0.145779872839059 0.0310029318266277 1.29729145330768
8.5202933430643e-05 7.30181086371034 4.23200527392109 3.26133591574689 314.898789856962 279.274104224917 241.267854071356 292.627208675808 9.15541419467789 0.585982920164928 6.36205714159715 5.19926378579461 7.89949030172353 NA NA NA NA 0.00335863995526256 0.836104211577214 3.31387367296689 4.68943326817917 0.000478019646083134 0.0642725246742876 1.30730025779569 1.41203992783199 0.00180418655086893 0.0152647893430823 0.700688958278454 0.460054631491787 0.00110940546771016 0.00745823858998393 0.168990714148634 0.232198528923934
4.73594993093895e-05 7.38033470043095 4.40716228883131 2.91650559355548 215.555047131286 181.168173452141 191.920436790202 161.107883933905 0.600721728162191 5.04860745326741 3.59890166751705 4.67323601917055 2.82823001286094 NA NA NA NA 0.00231088044076042 0.853201135456021 2.88477549837302 4.70382676030972 0.000887789059234218 0.0632652416417342 0.407603964473815 0.780612274216681 0.0108065777340401 0.0102141905658003 0.208146800804438 0.530348481952787 0.0015713992552204 0.00828650269392005 0.373220173527729 0.0656751998090392
8.97422488182395e-05 7.61545800389485 5.97569888547738 5.45144815447976 332.581158510048 216.413542037165 231.519458513222 236.92464699292 1.0227175501485 7.21854754586767 13.3160283436247 8.17890596174785 9.20555758316768 NA NA NA NA 0.0273698772247791 3.06361052941981 13.9767457016596 13.4935008289688 0.00124189240905942 0.031281009289909 1.2319649896361 7.98176711785914 0.0289504210498423 0.00418992461985526 0.979803500254245 0.523237996949511 0.000511454763070199 0.00233673267157979 0.324346780455287 1.76643031584585
8.5932532163068e-08 1.61621875151998e-07 3.14708330240914 2.48639272183564 265.352805082292 302.420057511839 189.058122766918 234.947279692271 0.657833334090824 3.91476094767054 6.34143334814904 6.63227296488296 2.50461097905592 NA NA NA NA 0.00405180221201383 6.85733004229621 2.58927650768696 2.49471298991295 3.32099462926306e-06 0.0269581046715833 4.20105826567367 1.4026379016432 0.00385594013240894 0.126061553006339 0.0922562284091329 0.331346224702345 2.95418446631247e-05 0.00142676978367494 0.0491966162761627 3.27611349678627
6.4931855166473e-06 17.2747083211581 13.3676726383322 14.6413695093814 243.24834824963 210.173750179238 232.551506837483 204.916693561633 4.12748900273378 15.0340970769314 21.5479675795967 15.7355306450299 12.3246741338118 NA NA NA NA 0.233198114497158 5.88125724606923 11.2378179998233 27.9632468758949 0.00724404783436125 0.0412430512223973 11.4719735339349 10.6716906338713 0.0164003161847666 0.460628625319482 3.87754145855966 2.72880477756626 0.0067977150423757 0.00939743412128101 0.123609987901499 2.95021156080223
0.000135217344833527 0.000694301777464168 6.76398794035015 12.2339295192739 318.744136363074 228.247391870548 195.855199346124 317.601180164622 1.78138250162759 3.08930390876674 8.11900045112191 6.88362698647379 5.22315395986974 NA NA NA NA 0.0145115647973537 5.47319337296637 3.78008267663613 12.9705401389157 0.000669433301582827 0.0168199614638474 2.78880684851454 2.9659158472182 1.532144010176e-05 0.509039312432645 0.027327196193776 0.668145473560546 0.00308838385935384 0.1893375922745 0.565587804098602 0.158707315305205
1.75536107865878e-05 3.76390375938037 2.89255711635676 2.04422963715969 180.921165260447 194.270325747642 155.780583547774 257.630374312034 0.912672152155442 3.78185100654122 3.96748221234656 2.81624069180673 2.63159838943395 NA NA NA NA 0.00166275015321906 0.818432901704341 1.4453700463601 7.52268186336876 3.52907955790333e-06 0.059201353261017 0.234286745386705 0.698003458905575 0.00527167070024611 0.00407187631262314 0.0688358441492941 0.379843240495862 0.00244118290549137 0.0112842358377964 0.0300343169397362 0.0832095877527979
0.00033756321960584 16.7666867688301 10.9076161931491 9.97969397271829 155.263971007095 288.871971859393 205.604057868885 225.651169021626 1.26433925920546 0.875114248415118 11.6683973872148 4.74272843778802 6.56026932244557 NA NA NA NA 0.00353544663046009 1.18628358122213 6.48169413514664 8.61478381484883 0.109967328594957 0.0969401983471073 0.847007441704527 7.14946499213158 0.0669011171415833 0.0250272691626498 0.18253772481458 0.416660499841139 0.000358824469201559 0.00390739172956155 0.062413271044911 0.340739200645212
8.68236313907512e-05 5.8083206622553 3.0612108021053 4.34363505743972 253.019011765969 184.340156905617 317.616952570412 162.966072230741 1.4004006192298 0.814458614391183 2.99360831130139 2.83190985233177 11.8428423115689 NA NA NA NA 0.000293838417826324 0.711618313724081 4.16754304830623 3.71290201939339 0.0010281125056979 0.175812490240732 3.39262155113902 0.473681024885972 0.00878533498561557 0.00187096188337494 0.0728331389393901 0.612822456776022 0.00815810360829805 0.019402537006199 0.798112550268928 0.227516372244778
3.15433367221939e-05 9.43888943683085 3.03590733449792 3.54888172881156 249.583312624631 248.925861007441 274.392820492013 152.167578184266 1.22747794415141 6.12972240499159 5.69242769736925 5.79090974674238 4.57896004214161 NA NA NA NA 0.0168067695216252 0.681228526954149 2.91754481649305 3.57768667741524 1.19763522553849e-06 0.164314574576695 8.2261983255362 0.4077281357231 0.00627935924319585 0.00860116506284822 0.109069967050778 0.408772379504549 0.000281424533909941 0.00749309420469189 0.0303585387714978 2.0005391835176
2.53238156833792e-07 9.53913233089795 4.05874585121041 5.31970537633187 148.064281429541 172.909251866537 190.914747196349 214.786908903895 0.696078908883089 4.18485736201425 5.24063166648865 4.04246588297819 4.56385057858831 NA NA NA NA 0.00225123426861983 1.4041906588494 3.39186284864272 8.19055377729181 0.00436176594341303 0.0940292169036027 0.404413053592115 1.16252859564906 0.00630507482015169 0.00352257141690605 0.0578771417993229 0.343056771825659 0.00597250182269707 0.0283778086539928 1.498823222566 0.11466439323998
7.45267152881828e-07 0.000524895138670922 5.33449425970815 2.97487715367601 336.41434025182 212.299735706154 292.069498304682 270.753208880823 4.12525289835403 0.288354251397988 13.0413778066467 7.13027591986887 3.11062887800967 NA NA NA NA 0.00661060476402637 1.22802824211225 2.07342079550275 3.79478844560902 0.0114813342905696 0.0211571414573011 0.502673205578621 1.15607459120856 0.00619834663740603 0.0730477704199387 0.0743674110898952 0.0934682250026836 0.00623381318031914 0.0321334703488026 0.475745495900023 4.58532557862745
9.21130722769701e-05 3.27414767103853 5.69604413018107 2.55292742580077 161.154253539078 282.489946906373 163.587338328348 241.773994910158 0.902534800220269 4.27531302584002 4.31578463163511 3.00772994123398 2.2222386544937 NA NA NA NA 0.0322001004364494 0.579892556038876 2.48635012718974 3.12647479955133 0.0130727857251971 0.021121704631735 1.27130709103544 5.26815803173557 0.00421264536939862 0.00191941618330851 0.0236807692093909 0.170933147696782 0.0253664778088938 0.000795797443382395 0.0160940848312887 1.0487771009126
4.81812390727838e-06 9.19641505205175 5.43608718368815 1.89483198959424 269.760390042393 211.466399148909 223.617089942144 226.368851406893 0.418314143777944 9.32472860227141 3.60604501187704 3.55199480004038 3.79293865152466 NA NA NA NA 0.00418125568343131 8.61099149664127e-06 2.4552072516447 4.30893786881552 7.33529304157408e-05 3.97390920907886 0.675720329798871 0.394891385100302 0.000531056276954738 0.0209625407730703 0.0387671399504734 0.227167302536267 0.00148166122625097 0.00136369992514805 0.133024415037362 0.464789508663198
0.000144918879597619 13.4197166883873 9.45202041311841 10.9440289022104 302.319345478375 230.562864461198 264.28271104345 232.502506637784 3.60980468577114 16.3649139108037 14.6089937624911 15.1312682653873 14.0564750604997 NA NA NA NA 0.0293500077243718 2.88235276479676 13.3008453965542 12.5400384368718 0.246610041833543 0.514898886094828 1.16109747091638 5.04002498685699 0.0337199332265605 0.21954239754593 0.269176351692569 2.2213661791942 0.0102284006302427 0.0672223468418114 0.589807065921534 1.2937950756625
0.00281416942597091 0.00364659364735137 14.258616371805 9.24092904055956 299.743193210254 258.108847812792 275.80252705312 284.688000461428 0.663021581909156 5.70070897922684 4.15541596405111 3.92355012460123 10.1583348931391 NA NA NA NA 0.0024523229972515 2.94664319033347 27.0776045733534 4.81654980552872 0.000173965082441494 0.0402246756320445 0.710975203203685 9.97621346002986 0.0020506962765055 0.00120786691079829 0.034362686515988 0.273105460335045 0.00445855233029965 0.00181126941476982 1.76507862406242 2.10306973334037
1.42237015964155e-05 4.11054444988298 3.87612597556289 5.08427706159683 169.173612188021 215.704323536253 317.324850729588 289.414357292559 0.645281535544701 11.4644467345981 4.53244533170159 7.06045709092212 2.44587779266639 NA NA NA NA 0.00651302975574964 2.46971535150274 8.56048522554168 7.00286674784466 0.0139977280328192 0.0314667727253395 0.238510723934221 0.386120189692942 0.0013536521716627 0.00589900837330145 0.0441844772206045 6.31457140074157 0.000286766560723605 0.00709092894756527 0.0335352352662751 0.349102387002354
0.000149192632612182 7.63146083087762 21.4366836311717 8.93362000447751 228.539285397441 322.981305703642 255.4976339748 229.698032617853 2.70087786363963 1.2017572203297 9.72516456774252 8.30826458518582 4.27598219206747 NA NA NA NA 3.25306713409333e-10 3.58824511825539 2.40595507694789 9.79014696157369 0.000151568618170803 0.32643916140375 0.186371642627768 1.40311269354356 0.021821290601831 0.0158835203587634 0.0340700397384636 0.141070960014036 1.71796495456842e-06 0.00710974544911367 0.135344271879422 2.10746526171846
2.58461843403659e-09 1.28175157166489e-06 15.0471833713878 5.81595695634106 286.55827489211 325.832776899669 230.620754795111 241.406862898112 4.01387821390841 4.31917466798436 13.1260319307335 10.9191074954352 9.79604091863906 NA NA NA NA 0.00419409568108789 0.921978051281947 12.4071070464174 10.8441047675719 0.000234370733701029 0.143076428395572 0.633701327159933 1.69168102659046 6.38066451465022e-07 0.00404997731948906 0.169141158279199 0.965596007882514 0.0181942164714518 0.0353417056393896 0.0544839654357672 1.08274595148321
0.00108802626891286 0.000757001556629532 3.87517513353628 3.29649636266171 233.393030854842 261.424056014513 170.102807042627 236.989546518504 1.95062461152994 0.576258272290535 8.29618537856085 6.84345556496053 11.1621566819425 NA NA NA NA 0.0058731307670687 1.15218983749974 2.43603295817347 13.4395061948615 0.00100103164372281 0.0664666933617013 1.04213017244819 2.04262817857517 0.0129512430912459 0.00826800235424695 0.0712252134551983 0.56362991457667 0.000260169862095437 0.0153794615697005 0.112221373646506 0.353099049720144
1.01755887670945e-05 1.6125242414907e-07 8.56095591884353 6.30287438562588 322.469334558179 330.310305946311 253.97135897162 280.642347073981 1.10649612330756 2.00919096518422 14.455173238203 9.6509692713837 5.89683918795528 NA NA NA NA 0.0169161107642531 3.92216852461228 12.8782060208558 7.66595755998945 0.00247708385763574 3.63656784001009 0.249276800652448 8.52949530914225 0.409956612581844 0.0718063157139704 0.269013131361589 0.305345137280208 0.0125436773584029 0.0703580873793946 0.00452844741836199 6.42827471203264
1.64353080235714e-05 0.00128266181566098 9.70434456405191 10.5377267563619 185.055289026457 217.770800581518 181.355598046169 229.947478539612 5.59887810381361 2.07590519652096 13.3814073730734 20.1159318667223 13.0362782509328 NA NA NA NA 0.0231339580437234 4.6622516637104 8.80358121117213 20.7992680652726 0.000811711601382375 0.411191627191988 0.36256128971639 4.19175351123697 3.30406698109478 0.00295945502703548 0.916835383519594 0.193419097546116 8.58645691322406e-05 0.00104710433432686 0.86065323667525 0.949651194192911
5.77055259706689e-05 42.6634676832772 33.5053772501517 40.9815723169537 240.952730349913 297.958336699734 209.592137525857 190.695039537633 15.1267097705007 42.7385788381748 43.8536641265352 38.9386389164359 38.406607558504 NA NA NA NA 4.23294105009837e-05 35.8228515004155 34.7377135525291 42.7671128269186 0.00130550159426341 3.77087405457433 27.5546231093843 36.978491681288 0.152147952497519 4.50791597778586e-07 0.619787001999041 9.11226474372466 0.00499432408062265 1.65080431957816 2.53615364376511 2.01753871039991
0.000926957778309071 5.97955050564632 7.97264323993736 2.763525205143 289.673284272354 370.551774407778 378.23602635315 324.48851090994 0.386009634199673 1.34180901828901 3.71252000379941 8.33219097914179 3.67744597712751 NA NA NA NA 0.0923988865631728 1.87632078543612 3.08099911592412 12.7910376678723 0.000640366492389599 0.215687803122588 1.0459352936653 1.10676899589057 0.00317636989557014 0.00414895025082607 0.0232491312249404 1.39963586526589 8.99723544908054e-06 0.0392625038932495 0.053289825973594 0.297278019725025
7.43748606470348e-05 8.3894190289562 7.40880882825175 8.73395537662826 281.708097819859 319.623541917804 302.511610390059 196.746328005328 0.966152899727758 7.97263958078996 9.60016641234623 7.11076128735082 5.52108924865253 NA NA NA NA 0.00329035291823268 2.88261911859104 12.7362434415209 5.98593975010978 0.04759634410484 0.264986205652958 1.53049313358588 0.44812432197545 0.00728351230346278 0.227042099710261 0.254767803743638 1.6175077035931 0.000855406252254769 0.0229372411233405 1.84445203926897 0.520141008239725
