"U_1_Gam_alpha2F" "U_2_Gam_alpha2F" "U_5_Gam_alpha2F" "U_10_Gam_alpha2F" "U_1_Gam_alpha1F" "U_2_Gam_alpha1F" "U_5_Gam_alpha1F" "U_10_Gam_alpha1F" "U_1_Gam" "U_2_Gam" "U_5_Gam" "U_10_Gam" "Sylvia_Sparse" "FM_RevJump" "MBC" "DPM" "FM_Raffaele" "U_1_PC_alpha2F_01" "U_2_PC_alpha2F_01" "U_5_PC_alpha2F_01" "U_10_PC_alpha2F_01" "U_1_Gam_ProbKp_01" "U_2_Gam_ProbKp_01" "U_5_Gam_ProbKp_01" "U_10_Gam_ProbKp_01" "U_1_PC_alpha2F_09" "U_2_PC_alpha2F_09" "U_5_PC_alpha2F_09" "U_10_PC_alpha2F_09" "U_1_Gam_ProbKp_09" "U_2_Gam_ProbKp_09" "U_5_Gam_ProbKp_09" "U_10_Gam_ProbKp_09"
1.42866636617775e-83 0.000127758576131769 5.72017530630809e-12 1.95723342625799 133.570473581555 122.010571691449 123.474161622884 102.97168249969 4.81619976761019 5.64906878650304 7.68897293128638 7.87641131719627 9.49533052154286 NA NA NA NA 1.48219693752374e-319 1.48219693752374e-319 1.40017665479016e-10 2.43195006065967e-06 1.48219693752374e-319 5.03430103845827e-65 2.29515305049398e-06 0.00248176312490919 1.48219693752374e-319 3.63712146593996e-64 6.89674534208423e-09 9.17795306908028e-08 1.48219693752374e-319 1.48219693752374e-319 1.39690966863492e-06 2.51601873051904e-09
1.48219693752374e-319 1.48219693752374e-319 0.0105687621055959 1.1697807654655e-09 121.426211364268 129.478955443551 112.917551191756 117.903735690765 4.4676423812004 5.31507439881103 6.46072428816397 9.0453105534849 12.0691004653171 NA NA NA NA 1.48219693752374e-319 3.05878747128099e-106 5.0301400522089e-06 0.00116602333535925 1.27554948744127e-176 1.48219693752374e-319 0.011810860717764 0.00108303894707262 1.65738589765908e-204 0.0618466469137474 9.64284103032393e-73 0.000359571517317138 1.48219693752374e-319 1.27777196046918e-146 6.05123321091188e-09 8.78564435258287e-06
0.0088411646956841 1.34173463400675e-158 5.43030642065623e-09 7.68453848823838e-06 107.374830444683 133.157446718214 117.425085046331 98.8403021758574 5.53593649514872 8.77556207629381 2.49675205788175 9.1214593216941 8.79635021469157 NA NA NA NA 5.76981260162688e-10 4.80532260636737e-78 5.43139895075246e-07 2.62141134160572e-06 0.000100853232432074 8.79098167468717e-06 0.000108857085263608 2.24936514956295e-08 4.46167621836092e-77 3.74686051939943e-166 7.41256449951763e-06 2.59951343315260e-09 1.0513615620752e-57 6.85724525322148e-92 1.30135874082083e-06 2.1029349839425e-12
1.48219693752374e-319 2.20648440048376e-43 0.000125376362651074 3.89068466574439 141.272709165536 128.294801163511 125.29209066288 119.504685921671 5.3803290733976 4.78104815271584 6.07357238951316 8.27546848763213 11.990286405447 NA NA NA NA 1.48219693752374e-319 2.55316555815864e-268 4.30331409267253e-42 0.000178678787805884 4.81528710035801e-139 1.48219693752374e-319 1.38216492733334e-10 6.78280743007372e-10 1.48219693752374e-319 0.00506871084095333 1.04275410680686e-06 1.05383118830097e-06 0.00235250355269384 3.15649168215145e-68 4.25430841685624e-05 6.31092598095146e-05
1.48219693752374e-319 1.48219693752374e-319 0.000402954016137535 2.90219140611438 118.757603698634 132.265975128447 104.016939761161 98.1816657781701 3.36015778777777 4.24007490511807 10.0784812856731 6.99540704996979 10.3420937650374 NA NA NA NA 0.00056973806595501 2.06662615807428e-184 0.000126720747247706 0.000489114591824785 1.27102559593911e-219 1.69433570061051e-225 2.95237176559984e-62 7.61602885822834e-07 7.65412510682713e-248 1.48219693752374e-319 0.000416055075905882 1.37841122233904e-07 1.48219693752374e-319 1.48219693752374e-319 6.65714346837468e-196 0.0010281568653698
2.2219423049009e-05 3.17962188507359e-66 0.043653969178382 2.05731902875669 130.633264565139 113.541321808737 113.525117020526 97.0305927334277 4.32756414962989 4.82256899411853 3.73801438374336 6.40612756088755 8.54960409922992 NA NA NA NA 1.46637448285857e-09 6.09552538019559e-06 0.000120413877942335 4.96483607126398e-05 0.00548679501491424 1.96524994016571e-18 0.00227643274318673 5.08691285153589e-16 8.0113432826664e-07 0.000535356915582167 6.21485751265228e-05 1.10879381248935e-05 6.40630718611087e-40 7.20969757480284e-105 0.00474860200621561 1.82250080898575e-05
0.000585023016459111 1.48219693752374e-319 0.000952700294246595 4.08153841758424e-06 132.105237585027 129.793011226767 117.144511658041 101.220613977088 5.21195119338591 3.681234912207 3.47838180463929 6.9523252436075 9.33890516257776 NA NA NA NA 1.70069768713578e-105 7.59169157743945e-270 3.1522153867791e-09 1.61379892630162e-08 4.04396898238405e-200 4.17969992115172e-87 0.00103770345312118 3.48487185877248e-05 2.98248708222424e-164 0.000394061594615931 0.000165534755647159 0.000157742805166353 9.68817400891343e-126 1.48219693752374e-319 6.315195357673e-11 6.06905531944982e-05
1.57116145354063e-84 0.000698799387218309 0.0334581260640925 1.72165640658638 148.585066014611 129.143334053702 111.292132098554 110.626424198933 5.43946430486167 6.71243204571724 4.64014556883806 9.46965850367858 10.9748162609401 NA NA NA NA 1.48219693752374e-319 3.92583689672355e-233 2.50306832790183e-06 0.00102684758856597 5.86687149858291e-109 1.55761888192121e-176 0.00196189422205606 0.0011475681500096 5.89164642045674e-145 8.59396511907265e-17 1.92418997722963e-65 1.65402593163366e-06 1.48219693752374e-319 1.57791942264574e-21 3.2193144343486e-09 7.4713863321383e-09
3.20190511356259e-85 1.48219693752374e-319 3.60823322860249e-134 2.00861302202707 147.690594206672 134.685157504577 128.760601413742 95.7379572272655 6.94559093994377 5.18508018630151 6.57355926139747 7.86345491406787 11.6788662367424 NA NA NA NA 1.24718319619929e-82 0.000326746569000493 0.000803914411852816 3.0478355769529e-05 1.72758740750799e-184 1.48219693752374e-319 7.74582371574998e-07 0.000230341903774421 1.48219693752374e-319 8.32424552963175e-163 4.212933036451e-06 6.42663863383777e-05 1.48219693752374e-319 3.90106063196801e-42 2.82795417508659e-07 4.54374819010307e-05
1.48219693752374e-319 1.06913520822735e-67 0.000243920885986991 3.09393447960955 128.648394432543 116.311100516661 107.898877985444 94.4490292861484 4.82652101108546 5.85996291804872 5.32227623523536 9.02912101375641 9.0459697623732 NA NA NA NA 3.90559477806645e-107 8.90985480870179e-94 0.000100680777449247 0.00254810265756375 1.48219693752374e-319 1.48219693752374e-319 3.34987837085818e-07 1.70127530681008e-08 1.48219693752374e-319 3.27272933184762e-07 0.000194128897948363 4.67133729665905e-06 6.33188920600061e-58 1.7309685753834e-69 0.0002403884624203 1.31273331207131e-15
9.84729641230392e-136 5.98950390541003e-06 4.30453914661613e-144 4.0675307764784 111.934743816955 121.531931387064 120.04496480853 108.609121089613 6.39403927166888 5.95243332376507 6.99967911707197 10.0309573449347 11.5509798971392 NA NA NA NA 7.10170506161777e-160 2.30357886368383e-183 4.88457749550443e-91 9.85948685507829e-12 1.55353426387789e-267 3.87648877269923e-79 6.92245882704467e-99 1.60445385663948e-09 2.44998548708859e-79 1.48219693752374e-319 1.87644074692695e-05 8.60613837844278e-05 1.48219693752374e-319 0.00127753583515028 1.48219693752374e-319 0.000132303601296912
2.04709562892593e-159 0.000103286269576886 0.000142543823382117 2.15382174448113 114.92845864353 113.700774070102 103.881242294599 103.352588474763 3.85964576684079 5.00354291460076 4.21352958573182 8.10764853500413 10.3137152356523 NA NA NA NA 7.76702059702975e-111 3.27575406031209e-09 6.51597951435315e-08 9.9346444294349e-05 1.48219693752374e-319 1.35089587160008e-91 7.44379178853939e-132 0.000653238855046343 4.15951280730972e-05 4.28147196087291e-80 9.03662183051586e-10 0.0112646218632796 1.48219693752374e-319 1.37473227304619e-156 1.25059215432338e-42 1.26528209353285e-06
6.35326548894571e-110 1.45684855174037e-08 0.000498067662553576 3.38806627020407 131.645492871565 129.095427837806 130.890927007988 99.0633066338388 4.72858894828682 5.36639557733218 3.84753589043339 14.317075355048 11.8658298673374 NA NA NA NA 5.88344040960309e-246 0.00113108078230305 8.55343056592839e-07 3.92134092661802e-07 9.92798027333674e-11 5.53856396461216e-99 7.06291310712745e-07 8.0294382561611e-07 1.48219693752374e-319 1.35225980033752e-05 1.50557779147204e-05 0.00130199933474217 2.66479018037257e-62 1.43843149323057e-06 5.99720244633927e-07 1.6672762650195e-05
4.03059499867948e-137 4.27433344978529e-62 0.000194919004004164 0.00106112710825976 139.95984884674 120.553519521202 107.432271148901 111.469787706356 7.14049861604255 6.90668823392055 9.19685014802384 7.68318646371208 11.6659327408205 NA NA NA NA 7.81894670858436e-173 1.48219693752374e-319 4.06823357805074e-10 0.0010033480747533 1.48219693752374e-319 1.48219693752374e-319 0.00734052137441131 0.00499657833217637 1.48219693752374e-319 1.48219693752374e-319 2.07598100033055e-05 8.92240947354944e-07 3.9178684007438e-08 3.45978550898568e-07 0.000171212316362653 3.15146868851796e-17
1.48219693752374e-319 1.014368693152e-23 2.01008564684023e-06 3.81186258519212 137.990939671296 107.120325536102 110.528131490199 106.290601696059 5.66721729232479 4.76525569012172 8.32281378957793 7.36611244088068 11.031213370136 NA NA NA NA 3.70835646121919e-134 2.53171799144091e-05 0.000163433256084907 0.000127477356275084 2.38185749403377e-137 0.00122981984799868 1.74461166283677e-06 0.000123201264339265 6.54852638713264e-174 1.50320318031006e-292 8.94382345205675e-08 0.000475322245351264 1.48219693752374e-319 1.68287226087477e-06 1.43954282452225e-72 5.09632295557189e-11
1.48219693752374e-319 2.42574029812036e-59 0.000730167773908843 1.62480169067085 141.930186844109 108.866414726148 109.263165993757 91.9750869824766 3.87929148087626 4.3412522380357 6.94535772209872 10.1718258788731 9.92981680276954 NA NA NA NA 1.48219693752374e-319 1.48219693752374e-319 6.21842122138931e-05 8.59717886967002e-05 1.48219693752374e-319 7.11053528761786e-31 5.45212829016672e-06 0.00270287547274938 1.22277122139363e-63 1.97600535233545e-52 7.60181173502574e-06 0.00263814227378178 1.48614946269047e-319 0.253211135563229 0.000139821293748118 1.49609935176921e-05
1.48219693752374e-319 1.98129818214584e-43 1.43824617506069 4.10068600740634 109.654783435794 114.576434259042 100.097785926568 99.2710710933108 8.28711692790995 5.18349442494457 5.42682075555976 8.49244509269152 11.050843389067 NA NA NA NA 1.72366388008227e-74 0.00114264122487606 0.000556084215363551 7.95369985717229e-08 5.7497953362019e-06 3.20071390181511e-117 0.00458102654650007 2.88080564784221e-07 2.1686284165085e-08 1.23715943600087e-229 0.00025112835093216 0.000358820023055848 1.48219693752374e-319 1.48219693752374e-319 8.17409427286866e-09 6.62180383008856e-05
1.12622909470959e-18 1.48219693752374e-319 2.40667612764234e-08 4.5561936127501 133.688666278823 120.636711821364 131.989041298761 106.785578035676 7.65453232200235 9.14149610859005 9.79375090865457 11.2131462210537 13.1970896387023 NA NA NA NA 1.48219693752374e-319 2.73033590990686e-71 3.54022228197435e-08 5.13129788621442e-07 0.00260236375223534 1.84044338233209e-305 0.000831552934986412 0.000184911809521651 0.00827843570047282 0.000560366740130224 0.00426594438771117 4.79126704784347e-05 1.48219693752374e-319 6.75780242331385e-08 8.39589923181396e-08 0.00407196953429176
1.48219693752374e-319 1.48219693752374e-319 1.48219693752374e-319 2.33023164841223 135.2657483922 127.274215823497 111.878796444087 96.4304250767961 5.62614669909994 5.14972541047339 8.03915147071193 13.295678063208 11.1133170407382 NA NA NA NA 0.000330954271430017 2.68499700001559e-140 4.91377247240205e-05 1.14377349689792e-07 1.64293138771709e-48 6.75979076848468e-08 0.000332704126981121 5.9355304728343e-09 1.48219693752374e-319 1.48219693752374e-319 1.2328842744261e-09 3.92426608528309e-06 7.23137814332536e-91 2.19256528056991e-106 6.57402780006255e-06 4.13956895772551e-05
2.52364959523801e-27 1.1078336085421e-12 8.04398845515312e-06 5.8196185260836 127.938868593566 110.794287700231 117.526110798516 94.5669701977257 6.68186975066817 5.1592460535117 5.25933004073271 8.34966190268254 11.5090352938552 NA NA NA NA 4.79244769202114e-197 7.74978332126707e-252 0.00025066805923323 6.63200370982262e-10 1.48219693752374e-319 1.14486355438559e-80 7.5043016599715e-06 0.0003171227096577 3.52988252696436e-05 1.48219693752374e-319 7.2588493146171e-16 4.01392984353262e-06 1.58348198343677e-07 3.77537707613804e-78 3.26887238224308e-131 9.28554010375995e-08
2.57810126687077e-119 1.16186947604257e-318 5.1867177926672e-160 1.10092667545468 124.979745713485 126.385609708804 112.058854893803 90.5949063070241 4.46391193341373 5.1764756405152 2.43140711192534 6.77463309524903 8.78111018533467 NA NA NA NA 1.48219693752374e-319 3.33012717268571e-08 1.02010511728826e-05 7.91535254164395e-05 1.48219693752374e-319 1.48219693752374e-319 0.0239680952045047 4.64969425127373e-08 7.31497679518048e-14 1.55375781840718e-268 3.55584271520077e-99 4.74822884640812e-06 1.53201648575997e-148 1.48219693752374e-319 0.00102801679784654 9.95289703822949e-06
3.38302300271842e-222 1.30566895323217e-122 0.000183942547945329 1.75777879747589 123.180399965876 131.085872522744 107.649229661129 97.3942844605445 8.22430742325944 5.79584457467715 6.09878714617698 5.6487021969315 12.3995830333846 NA NA NA NA 1.48219693752374e-319 1.03560430164437e-143 0.00032670239723201 4.80843446437027e-05 6.03204000468697e-09 1.48219693752374e-319 1.68407427339558e-22 0.000100550867580453 1.48219693752374e-319 1.48219693752374e-319 4.50099087529877e-277 0.000111708641270584 7.86873501625392e-150 8.97043041637917e-87 1.55438899944836e-05 1.47008232774226e-09
5.76950287699866e-221 1.47369864749832e-121 0.000107672237027238 2.1630658559638 128.381459593856 120.652066288723 119.702048307368 97.6498718280132 5.66167774610549 5.60558407809504 4.63191873536456 9.50405074404303 11.3253466268915 NA NA NA NA 1.48219693752374e-319 6.23433462873174e-10 1.85033803806439e-06 0.000306693470536727 1.48219693752374e-319 6.33571560484111e-05 0.000175519434450655 0.00188672939514432 6.8907875958424e-12 1.11406996651181e-105 6.80473030372848e-158 0.000852853295519844 1.48219693752374e-319 0.000182035938215645 0.00129120857506649 1.33015962813612e-11
1.48219693752374e-319 3.35437226724776e-06 0.000169897691437464 8.53308838084211e-08 136.870780244332 121.938687167826 110.846038107533 101.008712365755 6.33781868715645 4.99808317782993 7.02787262308437 8.37099027045405 9.25037280281492 NA NA NA NA 1.48219693752374e-319 2.26202753514619e-05 3.7214236677382e-119 3.13152284670283e-07 1.48219693752374e-319 1.48219693752374e-319 1.56269119658084e-05 1.4960783321636e-06 2.85776870815397e-112 0.000429046992191124 7.11000181428041e-07 7.01747682713506e-06 1.48219693752374e-319 0.000461952377109673 8.24917847030984e-07 2.0517836719776e-07
9.24453513989017e-71 1.16661098483436e-23 7.2191472069379e-09 0.00275574776755282 101.799248018208 101.730785058606 110.906667372083 94.9271497461393 5.5758417215067 4.64222934466346 2.5970281202255 4.89590339929238 9.45344348898196 NA NA NA NA 2.23876515073865e-103 6.13479634855225e-05 1.25528325367767e-05 0.000430286829343744 1.3714071784879e-132 5.87531133956524e-11 0.000228970502009813 5.83605343076675e-08 3.34222601576653e-41 4.01823898839228e-39 1.20819827724229e-11 4.30098530049597e-05 2.48667133855343e-76 0.00327662098457599 0.000209722788097446 7.16852215143968e-12
0.0765353479270658 4.57324909943891e-83 2.3350679106014e-06 3.89704153407678 121.256565951244 129.103935830651 100.25639994299 106.541445227458 6.58583455671575 6.65632782368822 5.96328431633597 2.85884906984187 9.05603179053261 NA NA NA NA 4.14633722582531e-128 2.38745379532623e-310 1.57201913025487e-13 0.0178374739013247 1.48219693752374e-319 1.42645576930647e-120 2.47035324037668e-11 4.68636985064004e-06 1.48219693752374e-319 2.64575560592403e-32 0.000155668652244001 0.00129516791059945 2.21570269285648e-163 1.57841178313019e-62 2.76290966711094e-06 0.000988683212190049
1.48219693752374e-319 1.85918031452061e-77 5.20788312670214e-54 2.83154950979087 122.892133409567 123.975965986465 122.638682542191 90.200024692705 5.25855635095639 5.67527870444174 6.19716437021884 6.54424755948353 9.09690567313451 NA NA NA NA 8.64839963909828e-136 1.30271980938823e-27 4.96403926556532e-07 4.76353571323874e-05 4.1289891028735e-06 0.00168296894269565 2.08453170662638e-07 0.00010109405288792 4.33778458858009e-40 1.48219693752374e-319 7.54528915749823e-08 5.10675320935169e-07 2.613649988342e-86 1.48219693752374e-319 5.81125125416901e-14 5.22764723282171e-05
4.6035491389934e-185 7.6421835366457e-07 0.000358021090900931 2.15142734009862 144.036920519342 145.992407810148 140.11872259013 122.633636064962 4.23445717817994 5.27349624940952 7.95089901523217 11.9500832872382 11.6964759850274 NA NA NA NA 1.48219693752374e-319 2.66854661374568e-81 9.30307941699868e-10 4.90376688736044e-06 1.32233537099399e-248 1.48219693752374e-319 4.3031385544241e-06 7.37020049920296e-10 1.48219693752374e-319 1.48219693752374e-319 0.0360787560930294 5.5656572622836e-05 0.000198732955241473 1.39843050585641e-05 0.000631738945070439 7.1624929828814e-13
1.48219693752374e-319 6.20957920255775e-08 4.98754317013429e-05 4.99675578866445 155.56188025926 137.550252864163 130.988183580573 111.483769467782 6.71772969510873 6.26268211390617 3.26338644506842 11.2812469241166 9.80459259490157 NA NA NA NA 9.06331649450485e-12 3.54338103118888e-96 1.99018840434796e-07 0.000354272696630397 1.19739426672421e-251 1.48219693752374e-319 9.53602699423652e-11 1.7650448954763e-08 3.91510668612719e-79 8.98463071937113e-88 0.00280954889710337 0.000270121390224219 2.16936180652163e-57 2.6539302243157e-07 5.42318959993862e-07 1.93302492363106e-05
9.94834953292244e-201 1.42152971188995e-12 4.67459644079944e-15 2.60679148659189 121.498512557044 125.107304472275 128.009736789139 101.480248992851 4.56658078407429 5.09471709599638 3.42817037366044 11.373370941063 10.6403916428441 NA NA NA NA 1.48219693752374e-319 7.83351259896798e-79 0.000172070023791063 2.14634933435809e-05 1.59563175543567e-132 7.05863149313946e-85 4.66975016327863e-05 6.42656977480249e-10 1.48219693752374e-319 1.78921244065171e-42 2.26156255425136 7.21456212193162e-05 1.48219693752374e-319 7.30371410976051e-05 1.92415836898673e-05 2.01574260924555e-05
1.48219693752374e-319 1.37177961366954e-203 2.1885761098115e-05 1.80735805534275 115.418409050982 129.732120774588 90.6230973820578 96.896436560944 3.89521302480092 4.32599740062945 4.6787586112764 5.41779145139997 9.53376571941902 NA NA NA NA 2.70984558639094e-05 2.72142191631748e-159 2.07874024552456e-10 0.000133301196081038 1.48219693752374e-319 2.29037324002791e-14 0.00151764437969513 0.0163904874796834 0.000578573217312195 2.05091063754899e-05 0.000104727193247551 1.3035878681988e-12 0.000286656891565056 4.61696259920759e-104 0.000726425255216911 1.27574588399965e-14
1.48219693752374e-319 1.48219693752374e-319 2.56761143252219e-146 3.21800965416314 124.151577173745 121.509775093613 119.598685763408 99.6050328643036 5.43025698811319 6.65424428616337 5.30188270794041 4.9679620417884 10.8239040751626 NA NA NA NA 1.35654342029771e-100 0.000270973910873843 3.1698827764829e-72 0.000651178043339357 1.09047295935006e-06 3.47743080881513e-171 0.000641012356177266 0.00311969487273757 1.54701257625829e-08 2.7395341037605e-234 2.69140231213027e-67 1.29837671931244e-07 2.97031818703836e-114 3.08836209867585e-54 8.68313924950168e-06 0.000148558609227777
9.05688052520451e-07 1.48219693752374e-319 6.07446350803713e-05 2.39317549476195 144.926286101291 165.938800453733 135.022528022695 119.176427061761 7.22065073646284 7.55337756176338 7.07726637378787 7.25455726867941 12.0157392954895 NA NA NA NA 2.2561604285174e-08 1.48219693752374e-319 0.00632242634113119 1.99677240427547e-11 9.79936093175499e-252 4.90649069633958e-267 3.017809496085e-05 2.58345321556271e-07 2.30235584123819e-06 1.48219693752374e-319 1.09817084221517e-06 5.68527675558943e-05 0.00103573265038817 1.48219693752374e-319 1.0878978950243e-07 3.67902080576252e-16
1.48219693752374e-319 5.17999894213308e-119 4.49745540098084e-199 4.27613039894919 128.113730123689 135.892139636576 103.487245132596 111.286619256912 4.91881503372638 5.62123952285059 3.48053996018248 7.84065360165442 11.6296580533296 NA NA NA NA 6.27652295172153e-143 1.48219693752374e-319 0.000618828758822624 4.16651070822531e-07 1.48219693752374e-319 1.05218231632004e-176 8.99602205460593e-05 4.30843519697251e-09 1.62206631089496e-50 0.077714801520026 0.00423733450193054 7.92456126541486e-05 8.83860564723377e-189 1.21065008527806e-99 0.00126127534015696 8.06817925121547e-06
2.03862750492636e-291 4.60372363397163e-06 0.00118009870142362 3.44813473618395 123.790757407403 151.754901090069 104.653761845924 100.681077092082 4.27970421156021 5.17126599320018 3.71142310953264 7.61529907312825 10.9699884773125 NA NA NA NA 2.37766766800835e-71 1.48219693752374e-319 1.48219693752374e-319 0.00221868779159019 4.00860947288753e-219 1.48219693752374e-319 2.3021996329915e-12 3.40931306496508e-13 1.48219693752374e-319 3.17687973095659e-09 7.60121236785245e-88 6.75687634062413e-05 3.690434237922e-177 7.18363558934965e-122 6.74586128706748e-08 1.57344865887183e-14
1.48219693752374e-319 4.06106866330728e-115 1.98629415543876e-05 6.85135795111423 143.760043544598 151.948477751746 131.965469862898 127.267627332679 7.07769571815181 6.01003123681132 9.07206896707519 7.65756902129279 16.7497974172466 NA NA NA NA 3.53957052079273e-103 1.57584942527643e-40 0.00260490835242803 0.00433650310435541 1.48219693752374e-319 2.61187579407192e-06 4.92352791031731e-13 2.14992307640461e-05 2.84309218986682e-178 6.4336282341546e-146 0.00393846257174712 0.00968626709694502 1.48219693752374e-319 1.48219693752374e-319 2.29869251728834e-06 4.18376524784864e-06
1.48219693752374e-319 9.02347067532028e-05 7.36556003213941e-05 1.41341321702517 169.30146582512 140.381507052185 120.544848951525 124.968650450823 8.09219015154405 7.86924362658327 9.95854928729187 12.8887370683314 15.2561411602271 NA NA NA NA 1.48219693752374e-319 1.48219693752374e-319 2.24909036052187e-10 1.95121802692162e-09 3.55912993100676e-53 3.34109575840816e-244 9.23441644150739e-09 3.04766852365152e-06 1.48219693752374e-319 1.63609275318348e-09 2.7273436479914e-07 5.44485870552985e-13 1.48219693752374e-319 1.48219693752374e-319 1.67249042475875e-70 8.48275947380745e-19
1.48219693752374e-319 2.11437877778222e-138 1.41080680469519e-05 2.6454314074566 150.646077761897 128.16701360597 133.367948550611 118.69888019392 6.98542918243342 7.22683888410764 9.03490522877937 10.3743864291956 11.5954764714045 NA NA NA NA 5.87203977870908e-96 9.51812008996684e-132 0.000319548773731882 0.0025388219525763 1.48219693752374e-319 4.52918908390077e-223 8.74367776766895e-05 4.73828876859828e-06 1.48219693752374e-319 1.48219693752374e-319 8.07421936493959e-05 3.11483290880194e-06 1.48219693752374e-319 1.07788671041778e-08 0.0108342307093964 4.5573874041893e-05
5.72274919588999e-118 1.48219693752374e-319 0.000823959325918971 2.81823175692268 134.776451650047 129.239230352717 143.534203385837 115.887276818929 7.74863255469047 6.58468218885797 5.98797182241142 9.72403227449808 11.9364670122594 NA NA NA NA 2.29547301026029e-120 1.48219693752374e-319 0.00160803161337569 9.4447087031651e-05 5.32338230480645e-121 7.52507724030805e-10 2.43737196947913e-05 0.000409983540963344 2.18814581188156e-77 8.32803963278725e-147 0.000480992018461078 5.16223658077562e-13 1.48219693752374e-319 2.04573477254676e-254 0.00306053695881445 3.26508733804966e-15
1.48219693752374e-319 1.48219693752374e-319 3.07929720748553e-11 2.48351444286384 124.561096460015 137.774269982683 139.534729940685 126.179731016603 7.77403766395439 7.22845587502368 4.8531735622158 11.1694030695695 9.99303831307741 NA NA NA NA 1.48219693752374e-319 6.73805799851319e-202 2.04768132241126e-05 0.000506851436094915 8.43869660449784e-10 5.8273956183249e-183 0.000821767483025471 1.52701012572463e-06 1.48219693752374e-319 1.48219693752374e-319 0.00805177738034217 1.37604268663853e-21 6.94325705081347e-58 4.1757759502312e-10 4.93527946686137e-07 6.52937889525453e-05
1.48219693752374e-319 1.68126833837395e-174 4.04931919387751e-06 1.70042011030838 134.500283367547 123.682090840473 113.251481663841 97.7312795582045 4.55368521731455 5.2297582758766 3.03987268155081 5.05995770687346 8.48125234334123 NA NA NA NA 1.89677439475678e-135 2.62705929977349e-05 0.0141734341542279 1.13897018994619e-07 4.94753887446707e-25 1.45736541204527e-311 5.01076048485453e-06 1.92270347977837e-08 1.48219693752374e-319 1.48219693752374e-319 1.42797551885462e-10 1.14951443389091e-05 9.92758163039124e-111 4.51190062222496e-07 0.000185610063506735 0.000106355441836668
1.48219693752374e-319 1.48219693752374e-319 6.52202459135455e-07 2.20620258157648 135.731511171783 128.959428131869 104.073286060521 101.896166908698 7.72432033429526 5.11011792157624 6.7494424614696 9.32525755018435 12.9544166860625 NA NA NA NA 3.03926838338e-132 1.57806680543551e-07 8.81072472282196e-05 6.6014585364844e-07 1.52890153497218e-246 4.40605630366045e-125 0.00216225058154439 0.00245504196475632 5.83174284129895e-06 3.45438545557312e-317 4.50838982212239e-06 0.000194960828374759 3.29032095332023e-74 1.48219693752374e-319 0.000615313591536772 4.37060163880823e-08
1.4863236887184e-215 8.88399447876432e-06 0.000115973294882178 0.514358098993036 135.83341718387 132.641527215715 112.550742549587 94.0012095063894 6.748351029046 7.21223859241539 11.1680342525548 7.17890685853926 12.3248954891728 NA NA NA NA 1.48219693752374e-319 1.48219693752374e-319 0.00105795513295595 0.00122984339530917 1.48219693752374e-319 1.80779104352815e-07 5.74565318970574e-104 0.000658745627811066 1.45845379445545e-110 7.08132840100084e-54 2.70400437718531e-166 0.000541671441854945 1.43885557683157e-05 2.01234886942708e-129 4.99537644046603e-62 7.45740357070884e-05
1.48219693752374e-319 6.00759703262889e-180 6.69403899920387e-103 1.95515315057707 124.87458151567 120.354374130302 116.367381999691 93.2492390635875 6.82654535171423 5.60734643767673 8.24502403099658 10.075243931519 9.70081304297669 NA NA NA NA 1.48219693752374e-319 1.48219693752374e-319 0.000153616414750386 3.79483566151308e-05 1.48219693752374e-319 0.0160315481556303 0.000439944352292216 0.000707332660178262 6.21789783524252e-06 3.32049149990895e-165 6.7177409878211e-303 0.00163245296033939 4.73222862006677e-37 6.63141733591323e-15 9.52718776187866e-06 1.07570712385915e-06
2.2217494246212e-76 1.48219693752374e-319 0.00117266726863323 1.41284119514897 153.583438170274 142.040829683603 116.998071494474 123.675506404915 5.12330538906992 5.85950963278599 4.56995236158847 4.87053646618352 12.3329181038574 NA NA NA NA 3.55409762878548e-07 5.02283581367714e-118 0.00607431187720835 0.000299129654197855 1.48219693752374e-319 1.48219693752374e-319 1.02554318268656e-176 0.00352759735366363 1.48219693752374e-319 6.01421263489058e-193 3.19530169918719e-09 5.97222856024159e-05 1.48219693752374e-319 1.50475650314054e-08 0.000267154152647119 8.21641430942996e-11
2.5799944229084e-47 0.000176936820487234 0.0344908039416467 2.66400403727055 144.304245039834 133.071766339892 113.970288132205 111.100307160184 4.59181006200349 5.59401131723658 4.31735402527143 4.13932090366294 11.2148390148839 NA NA NA NA 1.94667866145029e-136 0.00131434176523284 9.90900432107078e-05 0.000332512402688948 0.0318342322154489 1.48219693752374e-319 1.48219693752374e-319 8.19515509405737e-10 9.03645486240084e-06 2.57741850032988e-05 8.53673408014409e-14 4.13481116295328e-11 0.000374368473603966 1.48219693752374e-319 3.58344280926948e-07 1.45411076179358e-05
1.48219693752374e-319 1.48219693752374e-319 4.42162434028355e-105 4.04685392875981 144.904007336455 141.256197932071 138.527286345679 116.734099940368 7.78936363003998 10.0149577914752 7.82733829375479 8.77180862255832 14.826204449398 NA NA NA NA 1.48219693752374e-319 4.29985443765585e-80 1.5350892659074e-10 0.00380340297114848 1.48219693752374e-319 1.48219693752374e-319 0.00388976025760468 0.00055938967378105 1.48219693752374e-319 4.94650668643065e-138 0.000964825580998905 0.00155790284363264 1.48219693752374e-319 0.000196014094432507 2.43043388847699e-05 2.83911647445697e-12
2.63337859567413e-08 2.28745792569604e-185 4.5180174166858e-05 1.76046528852357 122.494062207402 138.210619998207 117.810174803285 109.155748333999 4.37786740958019 4.81521333552655 9.33047558610799 5.20114325767545 10.7955688749262 NA NA NA NA 1.48219693752374e-319 4.94633114716433e-140 0.00047067434330319 6.1044853664491e-05 1.48219693752374e-319 1.66879495356609e-87 0.000417736564444517 0.000143415009570545 1.48219693752374e-319 1.48219693752374e-319 0.000189244253839294 2.07046945749581e-05 1.48219693752374e-319 1.48219693752374e-319 0.000169024301125053 0.000117699347125187
1.3791824963018e-107 1.07361158681469e-10 0.0273114182252487 1.62751562956671 127.975998947865 141.659341302397 119.868767819655 107.241774642433 7.19573799431249 5.61623889732985 8.95176791700123 8.3557690044737 11.0305736855736 NA NA NA NA 1.48219693752374e-319 0.000251199854517582 1.60363317168191e-40 3.59341113630016e-05 1.48219693752374e-319 1.11832955246119e-282 0.00228468072848814 4.45276514465704e-16 4.66066891339323e-49 1.48219693752374e-319 1.48219693752374e-319 0.00129524892794075 1.48219693752374e-319 0.00154844342284095 0.000130477105148194 4.96610609908482e-05
5.4769455015625e-90 3.31837454402515e-06 7.19695592150985e-10 2.97843988796184 112.394731031387 108.552759863497 121.387400291065 95.1255650650239 6.54966827819269 4.34703217930588 4.12045707816453 5.70766795516637 10.2558342882202 NA NA NA NA 1.48219693752374e-319 1.24059944177109e-91 1.69993155939148e-61 2.28687945240068e-06 2.23285890469561e-243 2.42370322851413e-76 0.00421649263109394 0.000721411400887903 4.30646081543514e-172 1.48219693752374e-319 1.21053977964057e-09 0.00198200109168955 5.77973913779296e-128 5.43834835205127e-05 1.27033837936437e-07 2.77663319720904e-12
3.03933472705774e-05 0.00621749084529633 4.22033391861957e-09 1.67441874091074 107.148230421923 120.974627896751 112.927037052025 90.4134980137105 6.60584402755849 5.21202163314431 2.32634989505316 9.00460339181757 8.54734323647977 NA NA NA NA 1.48219693752374e-319 1.77398381894031e-07 0.000369558608216356 1.33483298009635e-05 7.18396573784525e-66 5.44938899703974e-39 0.000264744052083155 0.000621290727133477 0.00376792776729423 2.72449313273294e-191 1.7560699155048 4.88583120620111e-08 1.48219693752374e-319 1.48219693752374e-319 2.74876655224537e-231 7.09478174272777e-07
7.99865182504712e-167 1.46311712391815e-53 6.90013307436187e-13 1.67651891356038 111.771000847651 108.914656483708 106.82656783667 86.6971592234261 4.13633520522227 4.04485462462928 4.80963433735465 5.34447171678904 8.29351395168965 NA NA NA NA 1.52695050212864e-26 1.48219693752374e-319 3.86518821060607e-05 7.75431585672575e-08 7.1721418095726e-100 5.80255232626238e-207 2.69596995777421e-07 1.0531666204913e-08 2.38035364044999e-09 1.48219693752374e-319 8.2608633792083e-06 0.00181232297435356 3.14523412927831e-184 1.48219693752374e-319 0.000514611336380134 0.000192300306393161
0.000138281473661361 5.96628367349288e-15 2.40532662715761 0.847640428429912 111.971243433427 134.615742379164 118.428577469797 103.663334964133 6.25297801617285 5.67813407118459 7.09245846268293 7.96060112568149 11.8130417621956 NA NA NA NA 1.75254501940276e-261 0.00037555357719276 2.66596908063131e-52 0.00519825731600994 0.000119206870829317 9.23181336595877e-05 2.85650269862321e-08 1.78724369230158e-08 1.48219693752374e-319 7.72474347144404e-64 0.00073965604864888 0.00171191479742441 1.48219693752374e-319 4.22068745506292e-162 3.49485606304557e-05 1.6617439179764e-08
1.48219693752374e-319 0.00565435405622158 0.00149167099857964 1.81352122815867 161.397961267556 129.164688391034 140.467564482273 125.391693964388 7.04235304881793 6.59886823993831 8.34015366063096 5.09103681596477 12.794159726566 NA NA NA NA 2.22056793226753e-137 1.46631253895847e-97 4.88394221582206e-08 4.75580918905559e-06 2.09249407625716e-08 1.48219693752374e-319 6.89194980227645e-09 0.000394602911223088 1.39040427242035e-59 1.89097040851667e-285 0.00294420510601459 1.44107000215815e-06 2.93157213624262e-05 2.67138030174487e-24 0.000892534840987687 1.10473015276903e-09
1.48219693752374e-319 0.00315866044839168 1.58389512684165e-06 2.23697866124419 149.74516695235 132.52696265251 141.197921188561 114.308272170482 7.04130736374542 5.09329060225232 9.16384866234415 6.50908405555223 11.2120966812868 NA NA NA NA 0.000950593448862499 9.25340245266435e-08 1.34621033139503e-06 0.006631815302133 1.48219693752374e-319 1.48219693752374e-319 0.00308301496976632 2.21340373958501e-07 1.48219693752374e-319 1.48219693752374e-319 0.000253163935992535 8.87908249308766e-09 1.98141713813103e-80 3.40465313048839e-06 0.000758071727778631 0.000151935510678526
5.90538374510909e-05 2.30348817961418e-05 1.78617482822362e-05 2.01197310823013 139.320519527172 126.096307223834 124.187953135903 110.164544825177 7.43751004034838 7.46191640329389 6.43000956679273 9.97537731438915 13.2705166607147 NA NA NA NA 1.48219693752374e-319 9.61893883912304e-05 5.90485195437748e-05 0.000396631499910648 0.000136097529911383 0.0033977325648433 9.26508177007235e-09 0.000313643372355915 1.48219693752374e-319 1.48219693752374e-319 3.62372936708715e-158 0.00910507563079957 0.0162107867767195 1.24450275632718e-69 0.0500503718195498 0.000216552517696993
1.48219693752374e-319 2.210902581345e-72 3.02110841860777e-06 3.25852962325854 128.654918617547 121.432210534705 90.1253112552907 96.0230611486344 4.82122293431209 3.51362233145439 2.89651870497371 6.93742442087026 8.334741177657 NA NA NA NA 1.48219693752374e-319 1.48219693752374e-319 0.000152479179124429 0.00249365966878958 2.60927711558916e-58 2.31209867044971e-85 2.62073640897795e-06 2.19638258235176e-09 1.95521448943779e-131 1.48219693752374e-319 3.79477342242009e-07 0.0100416102445531 1.57227667838709e-72 8.44612315751849e-179 0.620951706608095 0.00144853398522838
1.48219693752374e-319 1.48219693752374e-319 3.54145980888152e-16 3.36326591684246 148.492809848323 128.439244704833 144.039361645494 110.083313058188 4.36256588367915 5.43397700315841 4.7026054746281 1.86108186394939 9.70367678515188 NA NA NA NA 1.48219693752374e-319 1.48219693752374e-319 0.000574829115545222 2.77366917282841e-11 2.25432635801827e-271 1.48219693752374e-319 2.48409596514809e-11 0.000264810717104454 1.48219693752374e-319 4.50460826728906e-08 7.87713581918503e-06 0.00104363286440184 3.59081032658009e-09 4.9303199187921e-05 4.64907820716571e-05 6.22622581290548e-14
1.48219693752374e-319 1.48219693752374e-319 1.95301379422002e-05 1.90128010249723 138.966105071703 122.371071255128 103.269345742246 100.98786260311 3.33897346056961 4.66140288290547 2.98866435519514 5.06198436219768 10.1452372926209 NA NA NA NA 1.48219693752374e-319 1.48219693752374e-319 0.000152095220790576 2.6843651080938e-12 1.65526240086834e-260 1.45090459414245e-27 8.06245752189361e-05 0.000356061936205636 1.63395809103624e-69 1.48219693752374e-319 0.000899336048370766 1.45601742401986e-05 1.48219693752374e-319 1.5339087154233e-15 2.4809924827415e-15 8.67650120788491e-07
1.48219693752374e-319 1.87233311735322e-166 7.88037978984427e-193 3.23459495183696 126.470972499394 142.5389573262 130.350853230138 95.4560859232303 5.03832640741341 5.15910876398113 2.9022881536944 8.67229248348773 9.6742090972683 NA NA NA NA 4.15880211132282e-141 1.48219693752374e-319 7.2688590609684e-13 0.000606191679953293 0.00025507220933503 5.88695133880915e-58 0.00146200313195762 0.000779738354966604 1.48219693752374e-319 8.96011966764708e-13 0.00117516351869428 2.78579583653268e-07 3.5832377462721e-21 1.48219693752374e-319 1.07717774473241e-09 1.46567691607039e-09
4.14729745213022e-06 1.62051343076137e-83 0.00181672778663242 1.2465373003064 128.546727234632 147.049318126715 132.889164272614 107.22613225956 5.1663618678746 4.66582230851819 5.56245166984954 3.74799218834862 9.48526820494782 NA NA NA NA 6.90435291128919e-80 1.72643162767335e-264 1.79001285833925e-05 0.00054410466500467 0.000523412088100095 1.74363026981946e-169 4.41499750264122e-112 0.00136264832060409 1.48219693752374e-319 0.000575486726598185 1.25981539822424e-67 0.000636301067401436 2.43796376347127e-119 1.12766070942921e-126 0.000118509907347704 2.77029623161368e-09
1.83643908792397e-201 2.62449279907984e-239 2.71187310262829e-13 5.99032008478062 143.142249059013 129.536818856725 120.576765602616 111.821442440829 6.47680800440402 7.95565989174495 6.38784339941522 6.17244415134057 14.6796756564075 NA NA NA NA 1.48219693752374e-319 1.48219693752374e-319 2.46525915053679e-42 1.09978292133073e-05 4.23972168954372e-290 1.48219693752374e-319 4.79032434275393e-07 2.32909122086386e-05 6.12507823054126e-115 5.6783650363162e-148 0.00251821024911884 0.00242270292467239 3.46385950073708e-172 0.00173996860603594 0.000106841769557876 0.000384241176408353
1.17589548197544e-91 4.65354140101827e-102 2.63980219931246e-05 1.89153735212012 161.506631512386 107.755697867285 122.56138222897 112.800401605138 6.34053390458 7.10963597700036 5.5189905691078 5.17623423655831 11.7015867772512 NA NA NA NA 9.76766674395603e-132 1.48219693752374e-319 0.000254737115284595 5.57237473503506e-07 2.48214199309295e-41 2.15441705543503e-68 8.46205454373015e-07 3.83385522573314e-06 0.014637422675357 1.76841038846692e-06 8.01795016369768e-09 0.00233565711956086 1.48219693752374e-319 1.48219693752374e-319 4.84846180302722e-14 1.80287623282709e-10
1.48219693752374e-319 2.79646879192873e-44 9.82940387532928e-05 3.87770873296011 114.003585722525 126.296893917258 106.02128935994 94.5700750282582 5.51879857476943 5.9165537516133 5.94898332976719 8.73315312801194 10.3022473936599 NA NA NA NA 1.25933480504054e-125 1.48219693752374e-319 0.000129142918281268 9.64053613937516e-05 1.48219693752374e-319 2.62722109777195e-05 0.000366581327054154 1.89653401453084e-07 4.45097569504838e-145 4.3225570431124e-65 4.14837623813199e-201 2.56284670308539e-05 1.48219693752374e-319 2.07420359485909e-112 0.000159342504482359 1.97749768206083e-12
1.27975690276737e-162 1.36947968413045e-07 1.44478318095414e-05 5.22483685906833 157.865736408416 145.188243865448 124.92865549098 123.350503842434 10.6815810681812 10.519409276735 9.62433852133241 16.6242730348595 16.1714885969566 NA NA NA NA 1.48219693752374e-319 0.000193962098083395 5.81520834842997e-05 7.24958071021594e-07 1.48219693752374e-319 1.6129984376267e-63 1.26832220377241e-06 0.000336801570419004 1.48219693752374e-319 1.24018635921875e-50 0.0163995268003104 9.21078386298785e-05 1.48219693752374e-319 1.48219693752374e-319 9.45002881965332e-158 3.75927291540602e-14
1.48219693752374e-319 1.71048804463273e-72 2.65502710849172e-193 3.94982461533931 144.902677089081 124.661218001247 119.840782860666 100.396610852293 6.18833646439838 8.82981036587785 4.18045986141403 5.50532912023304 10.2282803717865 NA NA NA NA 6.45584929796447e-07 8.61501125773132e-134 0.000190150194495857 0.000587582605075161 1.48219693752374e-319 0.00385247019700361 3.34975372656230e-09 0.00498068654440911 1.48219693752374e-319 0.15415204233359 7.86888803649444e-06 3.56015652216547e-06 1.15418811697864e-55 1.5364419424409e-07 3.44513213174343e-05 4.44874273473617e-05
2.63267247210419e-40 2.78793781646722e-54 1.70584294883218e-88 3.16905317732558 138.876039877525 109.867381340577 118.341040519495 104.737250416379 3.4739170825727 3.81227176768852 5.92217520305167 6.62865886846372 7.8414899381787 NA NA NA NA 1.15331568046308e-270 3.6374460347708e-120 1.32841527901334e-06 2.84387618535663e-07 5.71867933516914e-05 5.21074111359233e-30 0.00485220884670096 1.38324124531002e-10 1.48219693752374e-319 0.00896273910156421 1.58836248305911e-13 0.000168681656393798 1.48219693752374e-319 3.86651974271014e-194 0.00085456734855018 7.3965388544911e-08
1.48219693752374e-319 1.48219693752374e-319 4.15767027898429e-05 4.54839782668411 131.550165818059 114.521143055071 118.993315757691 110.95208094058 6.66774634800063 6.03259500226662 8.46129049240573 8.01136918968722 10.0879832772275 NA NA NA NA 1.48219693752374e-319 6.68870994756353e-136 3.16161310313666e-07 1.16087225167411e-05 1.42259570238106e-41 1.48219693752374e-319 0.00465401959182602 0.000565424281550757 1.48219693752374e-319 1.48219693752374e-319 4.10670652116286e-06 3.86074261971819e-15 1.48219693752374e-319 5.5437121000303e-31 0.00080607231925191 8.06730369509015e-06
1.48219693752374e-319 2.74129894875617e-130 0.00193695917087717 3.61823292351232 127.704149053671 132.046554648435 112.241648681011 100.736783462714 5.56844894444214 6.00741817863149 5.36173053156141 10.6463618400654 9.7486435391071 NA NA NA NA 2.33133361417583e-06 2.07400376746216e-92 1.12897758199841e-05 7.64553820053292e-07 1.48219693752374e-319 1.48219693752374e-319 0.00024406632369871 0.000305812070619037 3.45203909176631e-06 6.04395149463415e-20 5.67854286284697e-18 1.64598789059881e-05 7.12222544167934e-36 1.43595216297077e-107 2.38287659630407 3.92550757144595e-06
1.48219693752374e-319 1.41476987101021e-06 1.19153962574741e-07 5.49283215180743 132.606829447581 134.470880652898 128.123823442134 107.957399656619 5.08758146655783 5.47235004976006 6.75347104219533 3.74835272214193 10.4844156775989 NA NA NA NA 2.55665347041739e-06 1.48219693752374e-319 5.83675560746802e-120 0.000562664221643462 1.77480628347736e-18 9.21094449806438e-148 6.53948203501139e-08 1.69842062341152e-07 4.01265603140053e-123 1.58720524847435e-07 2.08242438688094e-06 0.000191286630865689 1.1131631857987e-300 0.137951521744386 0.00188055867666709 6.48575755560602e-05
1.48219693752374e-319 2.18717495534947e-06 8.36542514812075e-05 3.79552394408593 139.730438325253 133.457976964001 108.536367837224 111.057723768134 5.03713248695388 5.33077411326295 4.63159446078618 9.22206141982552 9.91425828611391 NA NA NA NA 9.58692215637796e-66 5.71780434322281e-162 6.556334084379e-06 2.7183571745786e-07 1.48219693752374e-319 2.69305074247589e-62 7.2221381966513e-07 3.30555754773393e-12 5.09492507227657e-212 0.153396856446142 7.08145529240724e-06 2.17801426757727e-10 1.48219693752374e-319 1.09447568506924e-91 3.08381558642463e-05 0.00208571857411741
1.48219693752374e-319 1.81927907864163e-06 1.50738670629713e-08 3.46733698757003 103.126397334416 119.466793067052 118.095789767655 90.9199879539474 3.63683384300229 6.39501121257689 5.11806099730292 6.17761550058842 9.27819617733837 NA NA NA NA 1.48219693752374e-319 1.48219693752374e-319 4.33941108870538e-09 0.00149483418416594 1.48219693752374e-319 4.77939206401542e-86 3.6285764073769e-05 2.57458733021403e-06 3.63278904381012e-150 1.61421123087365e-10 1.94924319516337e-07 0.0147143102099764 4.54945449900685e-10 1.3240092136534e-59 2.78201238744923e-09 5.1646613904257e-05
1.78114659533901e-57 1.48219693752374e-319 2.01850919459505e-134 2.14066194663731 121.017137303103 112.123351408083 118.240772539509 91.9113668576061 3.71835879385273 6.50696313333627 3.54006846509539 6.83443068737153 8.454785023192 NA NA NA NA 1.48219693752374e-319 6.96826915285193e-110 7.20785349000676e-07 1.43656889854997e-07 0.00014966355839352 0.00389215376719338 2.69072933857529e-146 8.14852680914568e-12 1.6024938773732e-81 1.48219693752374e-319 5.69550699489223e-11 0.000242934077767566 4.91763267228765e-66 1.9143045010973e-78 1.21951834365968e-06 0.000615563144169113
2.87138291366803e-163 1.48219693752374e-319 0.00012781865238059 1.7294719854781 147.003528888745 129.08094712476 117.443907284906 102.274931126664 5.62578577500409 6.58363715827753 3.54563541376282 9.79634305989729 10.2849693305374 NA NA NA NA 1.48219693752374e-319 1.48219693752374e-319 2.62027103792483e-06 5.9974811465083e-08 1.48219693752374e-319 1.24400082815718e-08 0.000510778961078538 0.00207665219479995 1.48219693752374e-319 0.197183684379372 1.35668928005305e-08 2.43375283469426e-10 1.48219693752374e-319 1.90443182469816e-161 0.00272443301155935 0.000313981891538298
1.48219693752374e-319 2.94561775076e-193 1.56469320635465e-08 0.000671007567497813 135.456839598661 135.396316476223 106.275326621511 102.518775617895 5.55875522320904 4.52892982770274 11.1294467630421 8.06481743349543 12.1981623690221 NA NA NA NA 2.00488059553343e-83 1.47552489068888e-48 0.00013010461976022 7.72974152124483e-05 1.48219693752374e-319 3.83389012385057e-318 3.72207681275945e-16 6.48273897767519e-10 1.48219693752374e-319 1.48219693752374e-319 0.00264678186892042 1.51554931332106e-08 2.29355039826159e-136 4.21348510102533e-104 0.00257696971899991 4.50953356954392e-06
2.4329204391451e-06 8.02522615866858e-52 2.58361256708608e-09 3.20243847338744 114.416367443075 111.529213297994 117.764495342842 112.062760390885 5.68172465094481 5.00157676817159 3.89520177357654 9.59986371906388 9.88345294884595 NA NA NA NA 1.48219693752374e-319 5.00911054593206e-12 0.000175190505131623 6.01537792867156e-08 1.48219693752374e-319 1.48219693752374e-319 1.85946428205595e-09 0.000631059683548912 4.12903574269891e-120 1.48219693752374e-319 3.03197915265232e-41 4.42086426116567e-07 1.48219693752374e-319 2.72694888947053e-30 0.000529483869104989 4.62511972112284e-06
4.99071851900526e-68 1.20888195656978e-39 1.37311047315713e-67 3.13924862646411 93.9541864050166 103.424129306271 114.460502220982 89.2515088867141 5.85962267657136 3.49890995324082 5.77547198903252 4.50250277730523 8.21432045433523 NA NA NA NA 4.46047253658635e-142 6.4321190705481e-147 4.35526053579819e-05 0.000374429786911104 5.83856433755219e-05 7.06627800111845e-150 0.000877844620954824 0.000132443267609125 6.749219311181e-99 1.48219693752374e-319 6.21802078205796e-06 4.29707415913528e-05 1.48219693752374e-319 1.08205346999789e-122 1.60253144021049e-05 1.4079545195405e-10
1.70894540836586e-125 0.00332661194858256 8.72744828427303e-05 2.03065693978484 112.804285880091 130.429177206298 110.476209239651 109.132229272944 6.4440942580324 6.03620120960571 8.42664448545822 6.24062837915308 9.53094196109748 NA NA NA NA 1.79321855983321e-108 1.48219693752374e-319 2.31255951822698e-05 3.4490339766202e-05 1.48219693752374e-319 0.000155541870415503 0.000902379632458577 7.14646066113108e-09 1.48219693752374e-319 2.6617238968748e-237 7.53154053776084e-78 9.78559453625834e-06 1.48219693752374e-319 0.000725774836588129 1.16465417341065e-15 8.95771891205764e-05
1.48219693752374e-319 7.94991840827979e-133 3.23290409818751e-63 2.8847203897816 158.915041804843 116.482619188904 141.736276791108 119.656731509727 5.70917332512117 8.98963298350785 4.49541611465781 7.3992624561655 10.7227814714959 NA NA NA NA 0.000364364131041805 1.48219693752374e-319 0.000120831605990697 3.93090872768973e-06 2.93838519262722e-28 0.000936667948935513 1.48219693752374e-319 0.000200219706358643 9.56499955331364e-150 1.01595373320423e-123 1.69747321643253e-10 0.000398547607632221 1.00462905118729e-261 1.48219693752374e-319 0.00285622026959589 1.60455926747867e-05
1.48219693752374e-319 1.48219693752374e-319 2.75618771619085e-06 2.05159834074952 145.22971259587 142.674048058344 114.358956900165 105.239772818213 5.0713658178874 5.76056055015912 7.85974616622795 6.86863287296529 11.1065740298935 NA NA NA NA 1.72252539395806e-06 1.05824456208804e-104 1.27472689666196e-08 8.39285808810187e-17 1.22980622318343e-107 7.64025278790507e-103 0.00165335048141117 0.000987817552827955 1.48219693752374e-319 2.57112209012771e-145 1.0095244573722e-06 0.00261194107712454 3.2641214783318e-181 5.77587328203001e-06 0.00184301295286833 1.06830389442456e-09
1.48219693752374e-319 0.00132705783045718 2.94691068060977e-14 5.60017082026412 144.598875003171 113.262177358666 124.81154125912 97.1308719315862 4.83243771265951 5.35639245445983 8.08699209631039 6.6239496335607 9.05513892240871 NA NA NA NA 2.17434004658295e-47 0.00658791190645674 3.91852432795547e-06 1.42135730750096e-10 1.48219693752374e-319 1.55960755638334e-06 1.38781961316745e-10 0.000378529637725781 1.48219693752374e-319 3.37441895453113e-319 0.00198165672341342 2.48398311323068e-06 0.0110830658574601 1.48219693752374e-319 4.84080736914867e-06 0.000126541199834616
1.22139042796686e-220 6.59614673194307e-102 1.82925104161293e-05 2.04416147988512 133.839927542415 150.833140004342 146.000495870603 116.764935432387 6.81625897573323 10.4963725042587 4.09215705319891 3.16407267469546 12.1372992997747 NA NA NA NA 1.48219693752374e-319 4.95068526107052e-117 4.33441954722816e-09 1.37034359260491e-06 0.00131489072485297 7.80321524693917e-174 0.00302544156197807 0.000396433390476478 1.48219693752374e-319 2.65100547080803e-275 1.09681069560158e-07 0.000286870942149688 1.48219693752374e-319 3.77257199044401e-16 4.47737929683178e-08 0.000336976063410725
1.48219693752374e-319 7.39250531221295e-122 2.25696066485654e-10 2.40609660381411 136.2267637491 135.693100322263 118.046462306195 110.105084384047 7.34132931060575 5.65828941610437 9.41011149258323 6.05307550875895 10.4072290522226 NA NA NA NA 3.16827400968239e-97 1.48219693752374e-319 4.70571232959885e-14 0.00021416478810542 1.9117887923502e-132 0.000160636514171693 1.04830472367155e-15 0.0067316299110253 1.48219693752374e-319 8.82084980380328e-05 1.95394107450029e-05 0.00113237151241231 1.48219693752374e-319 1.48219693752374e-319 6.35287289980317e-06 1.14990518458584e-11
5.61646110939564e-203 2.16824877169582e-185 0.00174078641203388 1.89031301803919 139.839885591895 147.280813336714 122.346564110575 117.46615011327 6.08523873235855 6.00692017476495 7.41779790166455 5.14333984680188 13.0887820334176 NA NA NA NA 1.48219693752374e-319 0.000593721638216706 1.73410818035332e-06 3.35143973785886e-07 1.38565664434075e-248 0.00246195285044267 6.32573895809067e-06 0.000137356330618107 2.08617571118354e-09 8.39894472079149e-160 4.19984336162045e-16 0.000358262077557259 9.01591077953363e-06 2.48498444057952e-75 1.48219693752374e-319 8.40216258969054e-05
1.18701032076526e-71 3.10621369822719e-05 8.71831249171469e-05 3.77956660008538 111.157106595201 126.568051114609 121.323480342617 97.5839672240653 7.20525483168554 5.11353836565963 7.48650746020109 5.21981886052422 8.04042659514056 NA NA NA NA 1.48219693752374e-319 1.83860205150142e-157 0.0208235096453841 3.03912156575245e-08 3.16093937647323e-239 1.48219693752374e-319 0.000783235671836477 0.00057130475981883 1.48219693752374e-319 1.6500128485866e-133 4.56719210272374e-25 2.27052304096732e-06 1.05110155560905e-77 3.77304703880968e-72 7.02210269658663e-05 1.27579906059269e-10
1.48219693752374e-319 0.000813360291599442 4.54487439872797e-08 0.00017013584938592 131.609292009698 136.827874083885 125.274978301922 96.6150945841723 4.93331392093976 5.03840810707153 4.12092947229279 7.93631401517781 9.98980726535956 NA NA NA NA 1.48219693752374e-319 2.50818449554772e-112 3.49344008431457e-07 0.00518161821504376 1.48219693752374e-319 7.18870605620291e-90 0.000393743046856682 8.10793452351905e-07 1.48219693752374e-319 4.73191045423371e-86 1.79375177081786 3.24496701911626e-06 3.90218348817938e-118 0.000219305030427463 8.26385419593269e-06 5.79100805115845e-07
7.4685828383443e-82 2.79549363049664e-143 0.000832346554051575 1.96426888350085 126.915035958967 138.693298760169 122.964959432522 122.773024092788 9.07549078477386 8.60761413462904 6.25351410381176 10.2283861535598 13.1116491867903 NA NA NA NA 2.3603374625316e-107 3.74145957010597e-95 1.08174263285023e-265 1.0672048609429e-07 4.1221622572924e-127 1.48219693752374e-319 3.57720772767773e-05 0.000841385257974363 1.48219693752374e-319 1.48219693752374e-319 3.03782803596117e-08 2.47748901941008e-05 1.48219693752374e-319 2.95140870253296e-76 2.02389584171032e-06 2.37276078419208e-06
1.53057281880588e-147 1.48219693752374e-319 2.2314554141079e-83 2.1776358351799 126.31565547521 136.015406857353 98.6642829566869 88.2797462155765 4.39373516458459 4.86470499807905 5.57392700460062 6.12934918551128 7.78549946564494 NA NA NA NA 5.71676574475264e-97 2.01314293291071e-05 0.000852709711021023 9.49624057825907e-08 7.39669225388327e-107 1.04838598731427e-05 2.20599733571766e-05 2.7749275307681e-11 3.47224026268141e-11 2.05378148319748e-318 8.60307457361767e-05 7.04030877844359e-05 5.52652263694005e-83 1.82407955744703e-134 7.56291118836821e-06 4.3275710231457e-06
1.48219693752374e-319 1.48219693752374e-319 0.012996234134751 0.592324975330303 154.409803818832 147.943861383962 123.158303312096 115.731591707974 8.900353686796 5.1781210536043 5.69589927991275 10.5602897749404 12.9697480233826 NA NA NA NA 5.10284367965537e-08 5.18142523162482e-08 5.85851468600624e-07 9.36980760099381e-09 7.66002296331683e-125 1.21526992465398e-52 0.00917287465461363 9.52876008537425e-13 7.47059887758336e-116 2.5361474684791e-05 0.000235578892240798 0.000566335196992428 2.97197755390753e-251 1.48219693752374e-319 0.00401018425822613 0.000271770700622218
1.48219693752374e-319 3.0343428313932e-150 1.48219693752374e-319 3.13959660154328 104.271069030937 116.751795007565 101.326506186457 87.8458162583752 4.93619557705577 4.70294812940577 3.28801228458088 2.93702117549975 8.84056991457755 NA NA NA NA 1.48219693752374e-319 4.27883913582008e-08 0.0010131973569699 0.00546763783777652 2.75072608443138e-137 4.70986839327398e-71 9.52600731559533e-05 9.07050503865594e-06 1.81504508205698e-11 8.62300774966363e-275 0.00059415436382094 1.23655653591164e-05 1.48219693752374e-319 3.40417588699844e-144 1.67131224674688e-05 3.8505089454006e-06
8.07646722178154e-53 1.49403004532962e-25 6.04000236222733e-05 1.99162203407895 127.299034670098 133.955705849246 108.217804321406 99.2392943654094 5.56570473712269 4.46847864598801 4.8863341731013 8.53528667255282 10.9236579198053 NA NA NA NA 2.64918030065149e-311 5.83639597588736e-49 0.000790599519836334 1.19796662570645e-12 1.48219693752374e-319 6.24192804919537e-06 3.88343202348616e-06 0.000464146942435565 3.21382974845102e-77 1.48219693752374e-319 2.96457040567718e-06 5.79015040749124e-06 7.80246836025879e-198 4.88787482721556e-76 2.07511162481948e-08 0.000446899545771014
5.91616507392132e-172 1.09601997294341e-08 6.04828657795998e-07 2.36064158445837 137.163560665235 149.955608461759 130.830850714701 110.50449955979 4.81507802679568 4.03449258791361 5.21861672459624 8.15560056907863 11.042504608443 NA NA NA NA 1.48219693752374e-319 1.35130120919165e-105 0.0169617742669579 1.43840141933151e-07 1.31969703388387e-106 5.11736074533438e-05 0.000181822197576038 8.34623477646001e-09 3.05289105158338e-06 1.48219693752374e-319 1.93130941108885e-11 5.20423639402372e-06 1.48219693752374e-319 1.48219693752374e-319 8.09074102115299e-05 1.14041593910363e-05
4.80882334271707e-149 5.85764240013268e-263 3.91285910754891e-11 2.56922705004033 105.251059623513 140.537720608193 123.194651476336 111.413079756938 7.3237018953813 4.17791321625428 10.5709495897034 12.7338225332999 12.7644240117592 NA NA NA NA 5.82099245385026e-63 4.04413669223564e-10 5.5547432902422e-05 0.000263975369069803 1.48219693752374e-319 1.48219693752374e-319 0.0161198625560068 1.3518168516514e-05 1.48219693752374e-319 1.48219693752374e-319 0.000107243224206289 6.16497315590322e-08 1.48219693752374e-319 1.6194194846957e-117 0.000133073695059398 1.07870867908433e-08
1.48219693752374e-319 1.04116673747898e-102 1.81661512306225e-05 0.00664765774440452 145.27157686006 121.240861868184 126.664575527414 108.526702882652 5.54134335988502 5.52863331075588 4.17321443056677 11.4618952650466 9.55656296501514 NA NA NA NA 1.48219693752374e-319 1.61734734457631e-09 0.000205614983879668 0.00363875309628612 1.48219693752374e-319 4.00506944635125e-09 0.000396264705561344 2.20653564028783e-05 8.7087802620496e-132 0.10066107367656 0.000319217606297759 1.04953034846717e-06 4.96919409123369e-82 1.364533619624e-05 5.88166087448193e-17 3.68882067323441e-05
8.05204065768372e-141 2.3007163083255e-277 0.000353601515551357 4.6680707071559e-12 137.941505943214 136.61985466187 127.789450066029 109.104958517867 5.96910034520009 4.03287538260822 6.07507684648177 7.82613780227931 11.4583539147077 NA NA NA NA 6.48775267350298e-103 3.43386167104973e-168 0.000621056855877932 0.000340164824175725 1.62889196006298e-117 1.48219693752374e-319 0.0003297834598139 0.000726095593950385 1.48219693752374e-319 1.48219693752374e-319 0.000155476506665116 1.68934584202699e-13 1.48219693752374e-319 3.62457308317108e-93 0.00906197701646731 1.80739417032531e-10
5.60245653600702e-74 1.2867396939314e-144 0.000345967035200005 1.89917613011669 156.355833697955 137.829250764939 115.019952070381 106.006902395875 5.37531350193444 4.12166837621767 5.08472153347191 1.17157962312391 11.0648406756072 NA NA NA NA 1.48219693752374e-319 1.48219693752374e-319 2.38437408348435e-11 1.97679544382589e-05 1.48219693752374e-319 9.55651310756561e-248 0.000748456394080112 0.001048159198165 1.48219693752374e-319 4.00933699464716e-07 0.00133662636047511 0.000475192777511921 2.81296717659672e-219 3.5744628602873e-83 4.13233514069743e-05 3.19914582578793e-06
1.48219693752374e-319 2.25027668852287e-05 3.92217157260333e-06 1.83661658560523 134.368152720996 107.822994750202 126.01661492312 95.5931427928607 5.51844933582911 7.69435474061132 4.28680710446754 6.40735296045837 9.21306339758088 NA NA NA NA 1.48219693752374e-319 2.85599019940085e-09 1.03605636263295e-05 0.000253235531269468 0.000911731553053291 5.71830727174935e-24 0.000278912319882154 4.65709447195394e-08 1.48219693752374e-319 2.91369350442778e-221 8.49186349118325e-16 4.42495803024307e-05 1.48219693752374e-319 0.110236982499377 0.000882986768285789 0.000158238549385848
1.48219693752374e-319 1.00197409625267e-05 1.85425497754e-06 1.37608985967438 137.647338409869 124.690953744861 127.573362124375 87.4885564441436 3.92122215854901 3.55873643321275 2.90736610545732 8.69435877680016 7.95599460547814 NA NA NA NA 1.48219693752374e-319 1.02388739508448e-23 3.04620916635874e-10 0.000357093558805519 1.48219693752374e-319 0.00119290057954017 0.000760306426003596 6.86032538513189e-09 6.18680033383108e-138 3.97642576109646e-95 7.82931396517518e-05 6.01049226618904e-05 0.0001486549363589 6.67374426251366e-159 0.00016122660063932 2.10249476124131e-08
1.48219693752374e-319 1.48219693752374e-319 0.00088785103592216 1.43687873975726 133.278155809836 125.488377878495 128.906444473328 99.1179935740363 4.16131820183919 5.27293048564549 3.24971789149064 7.52128040873723 8.08616387195998 NA NA NA NA 1.48219693752374e-319 9.79607988018722e-05 0.0176971526813305 0.00825079203588187 3.3353327267795e-115 0.284392990359994 2.5516628067537e-105 3.25669095868719e-05 1.48219693752374e-319 1.48219693752374e-319 4.65738299256607e-12 3.46399543543689e-09 9.46737522857022e-08 1.31059793408099e-05 0.00450457534463471 1.63687929758514e-05
1.48219693752374e-319 2.82012586000753e-263 1.14389401839083e-06 4.205089509366 129.335704496591 140.722949005438 116.179133328459 108.729773006099 10.9311029751658 8.4037788779189 9.01345391322486 9.57892786274807 14.1795798840847 NA NA NA NA 1.48219693752374e-319 1.7000295746665e-86 9.42727946860748e-05 0.00745555611154123 7.06674227099144e-161 2.10005405092245e-96 2.83709980634827e-103 9.38409677863494e-08 8.35248640202099e-179 6.52973575703508e-111 5.43660434229207e-12 0.000565715364538855 7.19733060765981e-51 0.00491751251207676 0.000138151776263613 2.59686353263289e-05
