"U_1_Gam_alpha2F" "U_2_Gam_alpha2F" "U_5_Gam_alpha2F" "U_10_Gam_alpha2F" "U_1_Gam_alpha1F" "U_2_Gam_alpha1F" "U_5_Gam_alpha1F" "U_10_Gam_alpha1F" "U_1_Gam" "U_2_Gam" "U_5_Gam" "U_10_Gam" "Sylvia_Sparse" "FM_RevJump" "MBC" "DPM" "FM_Raffaele" "U_1_PC_alpha2F_01" "U_2_PC_alpha2F_01" "U_5_PC_alpha2F_01" "U_10_PC_alpha2F_01" "U_1_Gam_ProbKp_01" "U_2_Gam_ProbKp_01" "U_5_Gam_ProbKp_01" "U_10_Gam_ProbKp_01" "U_1_PC_alpha2F_09" "U_2_PC_alpha2F_09" "U_5_PC_alpha2F_09" "U_10_PC_alpha2F_09" "U_1_Gam_ProbKp_09" "U_2_Gam_ProbKp_09" "U_5_Gam_ProbKp_09" "U_10_Gam_ProbKp_09"
2.16923725625391e-08 2.52384778152301e-05 25.7269939765204 23.09501016186 573.166963155132 477.105135626551 481.981102205917 435.846070897589 5.71353617212042 4.67543583385041 23.0964512946454 32.2215489512718 28.9762213054176 NA NA NA NA 0.000539279554737992 0.00502241519950509 83.3202857092049 102.466720087601 0.00269546326859329 1.54738396026522 51.6266511288405 521.925463069423 0.0273534285405464 0.000217447181204924 7.51619642339469 7.74301246744876 0.334668548651366 0.0785598416323347 0.252849969320114 2.99440104872458
0.0509672489689811 0.000251945715394197 20.5266787667706 25.7393346242423 575.86816380121 592.370553009933 529.360501849005 508.450007899781 5.83660207678303 4.29353947273645 26.1479175997235 31.8449176610766 25.246769596115 NA NA NA NA 0.463674650524992 4.77258613195393e-05 108.373109734635 123.592537174257 0.060040452471812 2.930926035615e-05 89.2319165768934 548.50401000054 0.0134329602827562 0.190505495529222 1.36810409997949 3.74999721076694 0.0170558613241329 0.0737579570943567 14.4764716667652 9.91085650337125
0.0348091886779657 0.00127969989092441 13.476999579208 15.9740929653376 509.424129915077 411.1643424816 421.504488921398 442.790177994599 3.84308717864591 2.93328959388062 19.4274860247716 18.0895413231167 17.9392246845219 NA NA NA NA 0.0176340182984645 0.00981351692522839 39.4270089680518 67.9599680921939 0.0253347932759038 0.00172904132715339 25.7456576929128 468.577477905589 0.0177254318144215 0.0120276558820443 0.203590456515312 6.8330507023354 0.0122967295296205 0.100324060091391 6.57012720067416 5.7245652886808
0.0249120587036153 4.96599322883564e-07 11.4569512485202 12.9467941015092 356.91931237255 415.759699224434 376.105406717133 366.324198569701 3.33023445434024 6.10151191404449 14.1591601838298 14.9873152542757 16.6012509324979 NA NA NA NA 8.20926507651126e-07 0.0330556490130255 30.9030126359238 58.5986793596865 0.0186529596957757 0.00168398833137248 23.0219870001716 410.47805228238 0.0339287197359328 0.0105838576984154 0.762683619463305 5.24627991511379 0.298350090727619 0.0431182690493792 4.362741502021 5.44470978007485
5.95672855447701e-06 0.00777383329303466 18.3151715084598 21.9391581976505 442.021684588538 439.087336042996 451.398801297098 466.606286065115 3.75327805507664 17.2431678812681 23.0407687355283 22.955936531998 20.3305368339966 NA NA NA NA 0.0053710212404706 0.00182987919921358 63.3053377754777 81.7355076090078 0.00145164864274904 0.000331020969782501 43.6349013158969 471.91874343931 0.000108564317872359 1.54665151600667 7.46670083893329 6.57208934100742 4.66448202614263e-06 1.49842225024611 8.43010165294594 5.97889303483192
0.000378417444833684 0.0111235115778669 18.1756926906542 21.9936534834083 534.570369455898 487.58136583956 463.211368638757 417.47254917569 4.00679919439743 8.88436240346251 22.4846157303076 23.5960740869441 22.0996226980749 NA NA NA NA 0.0148836021606084 1.73579990994868e-08 50.8249289308638 87.8810401896207 0.0441663127998429 0.00179902307345374 43.1948249434616 487.034496020654 0.11500807645175 0.02570925591091 3.66196049009665 4.41231923174735 0.00289797385396511 0.148852472660585 1.19253276150406 6.61232446921058
0.00214667820339287 0.00453116837896922 13.5760810229809 17.7204586160751 384.124598583177 487.390037669429 407.75628305257 441.090834648815 4.78157811862918 3.12409570509081 18.1964203826992 19.9493765597905 19.0472660870541 NA NA NA NA 1.11461662216913e-09 0.00230520710144967 46.5906734600148 57.7442903119775 0.0991540412868894 0.453719081721853 33.3445940042839 439.964358742711 0.0273780686549609 0.0718463628029621 0.65429144110086 7.76854415374694 0.030707929006387 0.918590153193636 6.96682537515925 0.730354006055265
7.09013651170692e-06 2.81665116295707e-05 14.433342050714 21.8456376842819 417.441919163932 477.863709283594 477.98552127087 434.19487704231 4.15248529261027 5.45139694592041 25.6936609708387 25.7927286112351 22.4178702719397 NA NA NA NA 0.00279783095741619 0.000591672091802804 83.3695840901064 81.8688692877994 0.00105032024981409 0.0114186727378909 48.9924425449798 502.276176924337 0.00746312278151369 0.749413598839844 0.40781450304544 3.21823816809602 0.00906254416738151 0.0385851114935052 11.6444054386167 12.718540367123
7.55780362010872e-08 7.17532850233637e-05 11.5980982775211 16.9633120138323 476.27342124351 437.320339948205 478.586142138632 369.400525352885 3.91596040126493 1.72436119658791 19.9614160207643 19.0135913648167 16.9807591812141 NA NA NA NA 0.050415531062299 0.000593552363547541 46.7007060820254 65.2415092230947 0.00745166202723454 0.356222207926511 30.2699982835731 450.748724354659 0.0181522438154511 0.0177043608221447 1.5172403265088 4.09513261365481 0.00455466517389634 0.536012865406035 0.477680453785788 5.20175332487053
3.97639405230986e-08 1.28638289335152e-08 11.6468532608811 13.5377671490938 460.59574344213 450.462433862747 447.925087943249 375.530707922184 2.5439294177462 3.10939534973786 14.5224795636618 17.7026285936167 15.1348796338336 NA NA NA NA 0.0605177267732046 0.0133097213986798 33.1965836646615 50.0897187508831 0.128583423741165 0.0321694326523081 23.5845051963338 442.988857545163 0.0768910562206561 0.407687866506296 1.5756000745494 4.83707245278329 1.25122545195884e-05 3.56652748679486e-11 4.95561613657167 0.555870563146215
6.45414393514046e-08 0.000153026446008338 15.5173190453582 18.6143665631846 478.79873409329 368.218787661597 419.628069213683 398.53840116095 4.72601945858149 2.80598098865465 14.9579240632829 25.0340351786069 17.1304565100008 NA NA NA NA 0.0253159458368161 0.000105543698202245 50.3216654195038 67.6565963160013 0.110474308151206 3.39523249399841 34.050488926452 453.204476833568 0.163648707804816 0.201753917844915 0.616551359950328 2.16336893664101 0.00396160761669871 0.0973133714755655 0.257528740129127 1.89385033946114
0.252333214930009 0.00863537052616526 12.9101454240915 17.3717427318938 380.053491452354 491.270636310819 350.032111560175 320.315339937894 3.39085483583406 2.3898808676196 14.8544084210823 18.2561897207749 15.6353401100197 NA NA NA NA 0.0228920985726919 0.00612639184821175 41.7962467619857 53.3148915498348 0.0213882911152313 0.000558912515486631 25.0869779445057 419.388995132959 0.0586856586087396 0.0718256303547804 0.41241585970162 5.19830312314755 0.0139500357826549 0.0265390560753089 0.343055179236323 3.68436929205718
0.00274743513001826 0.00724478064738352 18.041995216459 22.2531661755368 544.36609585176 469.708048899144 467.923691362864 452.122145731203 6.99893245214624 20.4544255718942 23.4788252865755 25.4246786117059 22.5138126548681 NA NA NA NA 0.549969466158965 0.0299707708358148 68.7077104301947 90.5226171258749 0.00877777495557991 0.000148926196129279 64.9759239576667 511.011688106024 0.0152328955939359 0.00258006773467116 0.506675030229289 10.4076782214211 0.00267302317047378 0.133825843656343 2.18303919816058 11.2122312450312
0.000530467709013453 0.00231427010166999 20.5124901020867 16.0615248200621 506.972032843001 489.007015797542 442.714514574943 436.824943425219 7.06501002367487 3.28857305958399 19.712024770441 20.8349134448435 23.0805827514494 NA NA NA NA 0.0125635356222861 1.36523081278949e-05 78.6297498020904 78.5531320526087 0.00540830292031715 1.11013066591799 42.9416945588028 512.308560048184 0.116782535833312 0.037173876164604 0.230151734569245 8.32258972169759 0.246498218438167 0.0253437112653846 8.83435841846278 6.47407077899751
0.000953619993858989 0.000601995040473454 17.5122907904034 17.9005474588377 505.549655866136 514.16547746712 455.378341292611 423.116735898952 8.97890026214707 4.40974312852552 23.1571834043207 22.9272051820918 21.2863472154608 NA NA NA NA 0.0103519686818878 0.00139835134402236 59.0878700863988 84.1212282775112 0.0289531237932334 1.0997641933919e-08 50.9235405648848 514.593424124416 0.0156522637747668 0.0519649105284653 8.15171889153728 5.86620640422313 0.00852756723248624 1.47426551307194e-10 9.73437078258619 7.42568854152068
3.10467885404957e-05 0.001889340561325 23.127845899723 23.5378276800101 521.10466189549 564.721816897316 521.468586888491 487.895107552121 3.40293176580893 8.50785736502467 26.9980424816362 29.7520396162368 26.9114777606829 NA NA NA NA 0.112458520759733 0.00536292016830234 96.059980906428 104.829717982825 0.00478132274008758 0.00136685910893858 50.8159725945296 532.598099318687 0.0441657188700382 0.133770689446592 1.62874214688351 10.6659657420704 0.0548762698700284 0.077290597579672 1.88572657778044 13.6904475110387
7.95566302208939e-06 0.000237302499815199 28.6382393289788 35.0670094786005 591.311282819469 616.897889526331 586.289595841472 541.283319887988 7.97617587546695 8.0693299625089 34.2726420704157 37.2843616166475 38.6546972120501 NA NA NA NA 6.90225596991239e-06 0.000721780813788916 165.89562042259 150.278393045046 0.000335624593029008 0.00030195288974472 117.863846839018 571.4875918025 0.0268166536993209 1.25687556272799 10.1148246591697 13.7014408888717 0.0755963556737971 1.48846238000392e-05 11.5459759109281 10.241673242322
0.00624141621867233 0.00110671081439664 14.5900036303754 18.7994776196353 533.309491296491 501.583637552083 515.162256537138 428.438229406343 4.13138695814924 2.56753783754861 19.4510056575303 18.8104472204468 17.9450229767731 NA NA NA NA 0.0552896173868229 0.000505763617065757 59.0268040675862 60.5002978807153 0.00154958659823592 0.914427847837228 28.7535348481042 492.32314242729 0.0548365706971285 0.0282870481359736 1.54385636753924 5.9712237337723 0.0103700292218401 0.0312704149362049 6.15068358538091 7.98051075368739
0.000532605694824146 6.74866862548722e-05 16.892325757249 19.1956368372266 496.806724795089 471.478160710865 474.827909819865 445.778032095905 6.56891419454405 7.29558508674295 19.5868657007363 26.0297863793821 18.2886788300739 NA NA NA NA 0.0486396998590142 1.15835753590561e-07 65.150577175101 82.3139873282456 0.00873105223834307 0.000514959816263041 41.2074281888138 503.770820196179 0.0627167098900045 0.324575352068724 5.73736020039479 6.66552075045884 0.00305291549034589 0.114311724078367 7.78745761466241 11.685082210089
0.00015925783351926 0.00493573375202259 13.5530220985803 18.0609857737741 468.918143013438 426.396438261192 479.667064041569 391.190975657196 3.90785985946847 2.79069334160759 15.7435815707648 21.9514484759722 17.1130460034335 NA NA NA NA 0.0125748064295096 0.000994275687704666 41.7881318706535 63.9781007522315 0.000259563766854193 2.34273126570702 34.2103098617672 478.504721807432 0.00172532014022418 0.135910766858878 6.49407711628513 6.24196092456639 0.0354928558949971 0.00192661247068193 2.70683002634629 4.17523527861766
0.0199236345896054 2.12749927028954e-10 12.5054981452525 15.8596522967389 482.15846617865 362.612713109158 427.789099903335 395.780315915319 4.06553327107728 2.69617140394178 17.4239109926562 21.9523515559916 19.0248712403681 NA NA NA NA 0.0193683510000548 0.0311772364417148 38.0018853903699 62.3114470937455 0.0250013050476087 0.0259920421943807 24.3404950083375 411.046047722607 7.76780860841034e-05 0.0927088229065222 8.14312563905842 8.76625938570415 0.0652359443360404 0.0693664779357067 6.53465173281005 1.35920734583839
0.000851489004969214 0.00647346961655187 10.6612495478631 14.4780793959261 409.182439501073 481.366920195041 385.891353334467 375.707849419554 3.59792406872827 3.28639462625613 13.8842883761001 16.09551392847 16.8698316831004 NA NA NA NA 0.011797538753599 0.000182873833498379 37.7890036677708 51.4342606041883 0.0324039767872028 0.00312042188457558 21.7459063922422 439.458737639771 0.00153124335193412 0.0115892175766121 1.48631702049868 3.36260760758366 2.37939845520618e-05 0.025767808148103 0.12892589171734 0.812977228231981
1.13366860609155e-05 0.0114896951094172 16.8493168167699 15.4718090180358 377.978682475291 464.104699150953 438.815330258264 405.082907734076 2.84444105369061 11.2065091777214 17.0920175455205 20.2475571396692 18.2285314901499 NA NA NA NA 0.329513874104003 0.00105507925206913 39.5946918719587 71.6253220200198 0.00196227128085511 1.248720227632 27.9116314413109 469.969820066603 0.0989954618161551 0.198812703355428 1.38250977740159 8.39789924895008 0.0192446819701245 4.39703531589246e-05 0.698155844407052 8.54226421145215
5.50906450031427e-06 0.000192566099190656 11.3448560287809 12.6037668780704 409.116231191605 399.875576035715 491.332362104751 400.119796681363 3.74707641546344 2.0603934199651 12.8964619611598 16.1820127671695 12.4760640376953 NA NA NA NA 0.0274789322938584 8.42131484125766e-06 31.5588243181969 46.026868930158 0.0690623293234894 0.408365363317069 25.974970735755 426.395339524787 0.0185092266836664 0.0185451467294932 0.336845921585779 5.37838979169312 0.0168599175710771 0.121743153297825 0.376782128631012 2.23167011700782
0.000115296214231721 4.67545651331679e-05 10.9181909025791 10.3828014440458 365.704055106276 247.20005871284 399.967410969365 343.228861901989 4.1419956691336 2.1388614193276 13.7539227344121 15.5043910726763 13.1652984940094 NA NA NA NA 0.00931171832080524 0.0505960805618936 29.5084583948983 47.4347556501602 0.00213047228447229 3.17078902574084 21.4309859173752 372.787353357648 0.0525373177356135 0.262336506379702 0.762536276939642 2.97619509137092 0.00882576910217028 0.780470661671951 0.193212435787362 0.480185266870668
2.83533196192965e-05 0.0387183945878971 17.5464631486861 22.2591074797798 473.927807395551 457.614795594461 436.736804635756 443.777866945425 3.68039442562694 2.87841908577564 24.0782114414036 26.1362675079784 19.94893008922 NA NA NA NA 0.000450013994972726 0.00147498947295186 69.6049348392419 86.0242477924352 0.100662500027946 1.71713695637011 42.5886403758476 510.904510407451 0.0923624082922296 0.0184982679486262 4.95351076866914 11.6339725425754 0.017440613972739 0.804330227380868 0.129911513600281 9.60632407914851
0.0025915176276436 0.084465124877179 23.9734276585619 23.1862747138534 449.388204647488 355.314413935693 383.284034938189 391.166522428546 4.72098891072286 3.80378107848074 25.0245592949457 29.2443417036439 30.0775997521674 NA NA NA NA 0.103390522734808 0.00028845829033146 74.6451513219047 87.6083999762169 0.0028094811068754 0.000665847308057272 48.1411575164534 445.464996741715 0.014710225169109 0.162910866825152 3.32558577977291 13.6760576648522 3.07235945297788e-05 0.0964212685983674 13.604194927853 11.3817596930699
3.8667418945873e-05 0.00115978606319348 18.3132871550134 17.2730358062521 450.215746386504 459.638473058213 457.025746536885 471.096497817009 4.34475788740136 3.11242757641405 19.4179560071516 24.9707327400576 23.2239046892178 NA NA NA NA 0.0975775675623201 0.00750287374586453 58.0144365285832 75.7544780811714 0.0336537989511863 1.02530400084236 37.7411568553061 491.020950897458 0.109649954757226 0.0353913082407983 4.35269916620635 7.09312139481962 0.0111753781375463 0.415406260957118 0.208351679531459 10.8965707757475
0.00336728572980595 0.00429578336882784 21.8545063838091 24.7638545682862 477.939456591855 505.992786256487 491.511854695152 506.306439628217 5.54149120631232 7.16447759798726 27.3752280477774 29.467098945396 31.7548173394609 NA NA NA NA 0.744555557568381 0.0598174745529745 88.2560929846607 110.330154310532 0.00460107983826266 1.67554048782226 60.6737602688785 525.082285113494 0.0274189423744437 0.616341052669002 10.5683205508676 6.11494754025953 5.37784920435882e-05 0.0255804562208166 1.4159661500947 9.54660413208993
1.11277118778836e-08 0.00449314997889108 17.4098036723739 20.2669912251913 531.906978725778 463.167102110576 526.133465284873 459.106527647323 14.6890075769032 6.52623226099986 23.9676938085942 22.7127261932932 20.9873804552031 NA NA NA NA 0.125343318399403 0.00128151869500553 68.6640198173415 91.9885478359363 0.0446042737812769 0.00281365824121152 47.2219412699548 532.971313309143 0.0552614506635689 0.0844835766627894 6.99629592789441 8.43867738740933 0.00926399483101386 0.0339196372943487 0.159199211813387 5.85637173168149
0.001191657378034 0.000621746936281837 14.7127171661669 15.4516047378054 488.711613291504 419.517872109676 450.99765540862 413.564032499745 6.41129592755247 3.9177878232419 15.7473281510173 21.2247346120381 20.2281870499184 NA NA NA NA 0.101325764815188 0.000324481733343305 46.4875719226458 65.1703168632903 4.25404133567127e-05 0.00346188767388837 36.3442312270007 466.425646945262 0.291363424729036 0.0515647151384369 5.55921372907599 5.32485686670825 0.00845533174265248 0.0623088362664015 0.0654352900245576 7.29466690665026
0.000832970354279555 3.31394624366381e-07 14.6637009661874 22.5723203660198 454.110139022279 434.802334986912 454.244308481602 414.454278259948 3.73368014161034 6.0920650325612 16.9936261787852 20.1335018134045 17.008877444785 NA NA NA NA 0.0355407867375469 0.00232291175719435 49.6025134564156 82.1588589691137 0.0339576131805658 4.83733970010266 22.0593614373548 478.04665015673 0.094285670744575 0.0241167729429646 1.95014081134091 8.76887433112086 0.00146502573549059 0.0991507588745404 1.80769612496206 6.70098661712309
2.30179474014891e-05 0.0642700583621873 27.5003309876947 35.8520979394697 465.097354318361 482.590694587512 503.491932316459 436.686099673491 9.71665087558065 6.57475574900318 27.7807872277088 33.9286219219371 31.6674361679599 NA NA NA NA 0.0146478158890503 4.73579882495074e-07 122.579084427007 139.667904822518 2.35683789978168e-05 0.00538393792003579 125.974483090472 542.11202826167 0.0467516863974287 0.0242939410611335 2.48466379906496 11.817966440692 0.0461515534526786 2.93313289263349e-06 16.3978224167009 11.3337522409296
6.0666343377733e-05 0.000971936082398351 16.0877418243417 14.9164808562148 523.439836740445 516.473985075081 469.641726561414 425.962983064136 6.45901971541766 10.4160391513941 16.7394814193695 22.6179876144244 17.962434494455 NA NA NA NA 0.145917774592452 2.95122560959657e-14 58.1203052257955 77.4841342244352 0.0342053896560978 0.000134366562783387 30.2294727927142 502.861239001248 0.279953176036763 0.114578655152462 4.38383335165471 7.72419867110771 0.0509692145317491 0.0280077009174876 2.19565543552323 7.15918819566892
0.000185568709707509 5.53787851685324e-05 16.8582969751319 19.3684072915126 416.009564158723 424.141682207518 441.261891644041 394.858488553485 3.48276507777587 2.73840012369029 22.4234935058007 23.6989045268255 18.5527968740665 NA NA NA NA 0.181829796816108 0.0833546111587269 54.1193005725899 71.7018781346422 2.95198886567699e-08 3.44155823214018e-09 37.6365922705552 477.588572501532 0.0598280743832588 0.0441108590047695 5.02108323174628 5.98982776725675 0.00192218640561999 0.00759902043291193 11.782564045889 4.31677022854963
0.00233682292142785 0.00134005164683556 14.7536786588477 15.2536375796594 421.108503911196 476.858039889323 457.071582973294 395.515953921178 8.43465818055366 4.10521166228142 19.9128296263431 20.9302110974133 16.3068146793255 NA NA NA NA 0.0413663506704583 2.14191706799061e-07 48.7760072123833 62.9734823331405 0.0640265519294874 0.000214803288507981 30.990365840831 448.3832407189 8.59371315508583e-06 0.376931008174353 0.951514760960665 3.41739234016517 0.00308603098243159 0.000495447328791124 0.613286879895994 8.2006311393273
0.000644960254615913 2.57582164730211e-05 16.584883340389 20.7317479641985 477.665971186872 495.637374417738 446.438928563417 473.446893695719 2.98290486761445 2.66641080590771 23.3856858152299 24.1808135952382 26.3083402898403 NA NA NA NA 0.0938345022491039 6.97055768793252e-07 66.9259545971179 75.660016940979 0.0165361629550227 0.961821601793525 47.9982887770329 517.353241293785 0.110762489204101 1.12147327690001 9.05543853678472 7.55702876876238 0.00949120020535813 0.0148899332587611 1.54469898212845 4.52172743213416
2.41365590935029e-05 8.30751442976809e-05 17.3525695413006 16.7700402381504 461.099436373848 394.018107923309 440.520899619695 410.481421084251 3.26338318534309 4.52307515235969 18.6247500106063 20.2613328242324 21.7127005803692 NA NA NA NA 0.0548969578072435 0.0073944009795431 56.1224857956437 68.7974728486202 0.010140199461505 0.534924834836046 37.0008589080291 485.503867355743 0.0248410796604977 0.154816695655337 5.8757576517708 7.5259240395074 0.0120063929045494 0.0423653003692828 0.773213162697929 3.7772435151345
1.60972710386857e-05 0.000477451920723778 11.3536691940394 14.0735555577026 446.04493806113 451.151041803614 428.625531243089 387.063867959585 4.40630846244121 8.26500740422425 16.5755785320986 16.602708288004 14.8187291366942 NA NA NA NA 0.0178104771713646 8.86521943430772e-08 41.3447536716779 61.3366859625954 0.0274219716910483 0.414244710927434 27.8622367541815 444.320196814146 0.00908531419744684 0.0171099515891757 0.619747534213423 6.69482441020897 0.00250229147590359 0.618628310729155 2.60844255162347 5.60433324860663
0.0144235644997024 2.95573152386684e-06 15.5222115637488 16.9649359408873 449.621264597799 486.011654409617 430.058030000056 378.64442621337 3.62511469492969 7.67765472587989 17.6047219544328 19.2073126897005 24.9624969055572 NA NA NA NA 0.0317273604512347 0.0131196136972923 49.6252612969308 64.8910811998178 0.0365789377246813 0.00158238563765834 32.7271883531587 467.348046626171 0.160464770737275 0.588178718644338 1.90105384446008 1.85535121912425 0.118049545579528 8.15905369457745e-10 0.448443222814375 1.12496470357782
6.04360131039653e-06 0.00158798480215561 15.7569147355643 18.0226222129443 497.28256149043 447.612966127208 512.669093266587 386.720525141167 4.1892644281294 12.011196052925 16.8117320058656 17.6817761708698 17.2949374524495 NA NA NA NA 0.0532630059946158 0.000619289019480389 55.0307279555958 71.0876327994852 0.153583056308113 4.14925194982745 28.460116470105 507.180300605046 0.00170133149158537 0.339406209299365 6.52940213151086 7.38348623631076 0.00139740019314698 0.0300578309571805 17.4135843293423 2.86050454755545
3.1479054132416e-05 0.0001813896606079 16.3459624820443 18.7402651655208 493.162977979233 511.141317615141 447.615948109871 403.589796914924 8.08065235412541 4.48875205609766 20.7505991581003 22.0599812606515 17.5178262250671 NA NA NA NA 0.0148481077870377 0.000876014075882732 57.6439361360385 73.9364060154889 0.0586505237163991 0.000111204588441333 37.8474635685477 503.415079237668 0.00434975752874172 0.000242391127329303 2.75418000144851 4.18631097776263 0.00193145849338672 0.000394010327794372 10.9285572194586 8.7487741702675
0.000583505153341977 0.00118784094110419 15.9903756535374 16.9151931715488 463.588550005965 388.327777306464 395.829391499559 375.488577092569 3.11146311330185 6.89694791132174 19.7663302973473 20.6779999197257 17.190169932943 NA NA NA NA 0.0141253548180221 0.0229119001831093 48.1373292875972 61.8124977753039 0.0274638531851286 0.00144352881161907 31.3233488455045 452.716867405232 0.020030669182191 0.663033989572754 0.276272986013835 1.09975031268633 0.0324142308779865 0.525501420380102 11.5130234758485 4.92203250649504
2.74306022517324e-05 0.00444821293375192 21.1402995321234 17.5921657825107 434.002199454514 526.612925954028 484.481155990746 517.182565215014 5.30986409951885 4.0218607456279 19.033708096962 24.7185038102775 20.1119761792319 NA NA NA NA 0.00243316205877398 0.00015641635029394 71.1663916991421 101.007388981118 0.00115991315526713 8.34417525929678e-08 43.0530611093996 530.317211831518 0.0564164691230169 0.480972377700531 7.54602195477396 7.10083343333634 0.0781450767598517 0.0356029761683986 9.86568681973056 6.21520134467682
0.12638971120955 0.000436165747299977 17.066769319693 15.5285698431367 419.716185325789 456.549442100441 500.007175729951 332.537269074401 2.48666020145599 2.19101206944454 22.2121411550297 21.1679229530778 17.7200385070178 NA NA NA NA 0.00729748916508607 2.38287264451132e-06 41.3585232470522 66.59516290641 0.0591342948252362 0.00126350272683869 37.1896238616133 494.035864695234 0.0634372650087622 0.000367477830893132 1.86540586225286 9.29436573087647 0.00435131797884946 0.123171366590469 0.164740283729271 7.98792369475291
4.28458966556505e-07 0.00812445976272772 26.8511948099833 22.0514950779101 485.08077022797 456.056686637591 499.529317893311 495.654476687584 3.79431207218236 3.7816854531067 27.0736983587183 29.0607523014803 22.0198712039234 NA NA NA NA 0.0466453542099807 0.0017967512333571 87.2344812286411 110.024366181409 0.0419131859995074 0.00167145983431942 62.9902998729644 539.772938342917 0.285760654418034 0.526456604116644 1.35447831539192 7.94456414057429 0.0485858997770333 0.274175391738231 11.599457298383 2.87732875710996
0.000343418696609336 0.0110953913840984 12.7214026916483 17.6640450320948 505.339512597789 453.486649051858 467.138699908727 421.312342889688 3.06197062525618 5.70666672235307 20.5138899928598 19.8627637859941 18.6049989041603 NA NA NA NA 0.0512402612870154 1.79139936329283e-06 49.2481693621062 68.0745272119291 0.00213000329587667 0.00721260883911941 31.0971799942076 475.290134911749 3.65811509945817e-06 0.0466415468081573 0.509671665935372 1.10117217749152 0.0450234457651402 0.720909311168051 0.982278988486088 3.15737073898698
6.14465597338206e-05 1.16151562194238e-11 15.8417201884372 19.2108630679883 404.329678653424 478.750805336871 363.949733380349 357.185066444716 4.86507343269138 2.48464382456977 19.1972716072783 19.2632621383335 20.8976825225407 NA NA NA NA 0.0235462980531718 0.00151271139684773 41.0141451330244 66.6104835322746 0.00782615591355746 7.31706107693909e-05 35.5618510408595 433.13671671942 0.327180269970652 0.0219225532461495 0.693928192985589 8.47460244659579 1.34120925238655e-05 0.102445876654824 0.946773550431569 5.26384591828542
0.0175159494157205 4.75940509673994e-06 14.6320716424989 23.5664129031441 494.870393306236 426.920755790603 494.743581433951 431.376540640488 3.63585859076068 4.16802382349092 22.7321194317144 22.0086546195964 18.8932937631537 NA NA NA NA 0.158350548959109 0.00124027042424988 65.0910760592384 85.2687724830793 0.00793838306615176 0.00146957187799441 30.9986349306491 484.326334443363 0.0330556762628051 0.165531466917319 8.78808363838547 8.24502053064267 0.00865514695738448 0.00080419488678692 1.36121524202243 4.30164729528953
8.43309295293818e-06 8.43526941301407e-07 13.7595593577142 14.8644794555648 476.664084225192 481.625130721465 359.688258869886 487.817165422698 4.24813423632846 2.87971371279349 17.6873215857661 20.8573051904357 16.0329212605505 NA NA NA NA 0.00017982174494186 6.49795834388677e-05 45.841022082723 61.3956965753958 0.108940241374565 0.00191992446370183 32.8858634312345 489.392573398978 0.000186353665105138 0.0418123078760018 5.74972926410588 7.91118395311586 0.0284060742728675 0.009433870271308 6.38474036002174 7.22570571404312
0.00021785848752318 8.45534825676073e-08 14.9170965160443 18.5293905701733 463.025141304448 379.659650782506 374.131589863842 353.141398520618 7.24238897559026 7.3065045510435 16.9083310684008 22.1868669458022 19.3712879974952 NA NA NA NA 0.0469132511605923 0.00199952184326066 47.2481003320756 67.0616324786288 0.0172827334754966 0.23202182172229 8.52517030533193 380.767785093882 0.0500275952619385 0.0121796855700468 5.98882019454488 8.80515749426269 0.000205942036582955 0.0818077678997678 0.256512456159719 0.939561774773702
0.000235070116505374 2.50020548290874e-09 11.6356131699743 18.6994617267799 452.679127639356 461.660806604367 439.7309269396 330.60062209091 4.00743582216226 2.83268472680123 16.066098711498 19.6174260303359 15.7830859386538 NA NA NA NA 0.0208260245940699 0.00194269105473713 40.3526675882866 60.2848236237997 0.0375279233417601 0.652066240370846 25.0636925564777 467.074271565779 0.147742618489792 0.0752441118481377 5.01995218335468 5.6088435609114 0.00233692354308669 0.162549702371714 0.153594342260798 7.18732755718459
0.00063747169438034 1.21161127968299e-08 23.2732619314304 19.4540953125757 582.685505274881 534.81366017877 490.397892847537 490.997207320977 4.91943266844254 5.31943826793569 26.1873689827047 24.0666167487448 23.8394742221844 NA NA NA NA 5.18911456674998e-07 0.000248937466875631 88.430247906602 99.6479971932866 0.0232656908306751 0.000447643543713218 59.2655409506802 540.423029649509 0.0461624966262519 0.0754227687972388 8.10461135723991 11.3351321148066 0.0198363094354759 0.0179728495475509 0.557409144037955 9.70271822749797
0.00159793296144904 0.0618628705203353 19.9726385135964 24.1240466528575 495.874140704515 501.925703993572 453.45282947072 482.684758734891 5.90515393630377 3.19677921837543 27.1926997721431 28.3699648291682 21.0942504317892 NA NA NA NA 1.17474206068896e-07 2.78040795677185e-05 57.1897412814523 88.3289770658815 6.96758703593019e-08 0.60694196150141 57.657485746625 491.986721569099 0.0356959541976282 0.085777947060817 1.35051953638981 6.84102964695795 1.57563473519906e-12 0.165652650802277 0.292364218350517 12.4440062278737
0.00118047195851257 0.0277008867309595 15.7894844664321 18.8520267160372 452.745784917986 464.187888859202 510.361399557879 458.849019828588 4.33115046246784 4.70646095399605 17.2310674336308 19.3269916379945 19.880471412363 NA NA NA NA 0.0326830650386372 4.03458954339755e-07 57.4383152877006 68.7044144748018 1.02444565452426e-08 1.26619092704579 39.8065273153635 493.232995458118 0.207615062863311 0.199088985500736 5.14083773194076 5.71482208333168 0.0504654271689078 8.6671286973602e-08 0.964745283701815 4.93901712609597
7.44290405247884e-05 0.00751024310127014 11.9540231280553 15.4316631293319 431.868324911408 474.464419373761 416.775519699506 433.302788557948 3.19990870715904 1.9229323140521 13.5593044043859 16.0439051867243 12.9683126087371 NA NA NA NA 0.0215688641365388 1.44898353245078e-08 27.0672268769985 52.3163002176496 0.00280072211791456 0.528225954522784 19.3762652814422 427.49150925024 0.00200352155869725 0.221842119800328 0.435404171052743 3.32041744845918 0.020805788771255 0.106367038965867 1.53645194657138 5.33782916174338
1.75911032996517e-11 0.0402926352741843 22.7548202665172 22.3148827231952 543.111564010245 492.877612511848 495.048203851381 420.6129721758 5.18187488059925 7.66559252241484 25.4126491106343 27.8179513657917 21.4574945355385 NA NA NA NA 0.0207324929155464 2.78393411534588e-06 61.0921084759015 93.325485879738 0.000854313682255618 0.0291620607919331 46.1291757145819 515.157393966841 0.000607276385893257 0.0133381043181948 8.29977531903848 10.360533154017 0.0423746035653184 2.69334421567223 10.6824963284261 14.7086649202284
0.00245694296825858 7.45044099663846e-05 12.5402924340381 16.5878726192902 442.095734842158 498.366802384837 428.612270766159 406.455206744517 4.04245334607836 3.85095167693628 18.7457349562556 16.6745887567064 18.0889609751785 NA NA NA NA 0.0213544085407151 4.41248562412622e-05 40.1641068231104 72.3373342128868 0.0142442267786181 2.14486202556909 36.6650047533765 475.042067032929 0.0614779257157216 0.251435857668104 1.88933325203855 6.13841115829762 0.00316962091748707 0.126915153904231 8.55503263654851 7.92672170421995
0.00286798954527394 5.27551516069243e-05 16.1873907348829 22.2674868781936 538.747299389321 510.713988528034 462.954648253645 479.751936720534 3.85309367077031 4.59192897755254 21.1731299996458 21.9964052321464 23.645994778654 NA NA NA NA 0.00135958311051561 0.000331069035144496 84.445733560754 91.8184894857725 5.44198440888097e-06 0.000864081960108075 61.16098767422 503.166838980498 0.0166590374750818 0.13942121559741 1.48017966116709 10.7934253412196 0.000438748270474198 0.0740189446603894 1.73681689977506 13.0833202957523
0.000774476320491361 0.000414753778348116 15.5431434872479 17.5311344050377 340.865085016079 507.310216711579 447.046803429339 374.596210378823 6.09008580297515 2.75773198440256 19.4584302969313 20.2618318709055 17.7561724430989 NA NA NA NA 0.000137286124601387 5.51179416129438e-06 51.3047034578564 72.5993322822242 0.0700421073184034 0.000802745666042752 34.352140693076 476.93797313495 0.0300714037223077 0.0119182335952153 4.18622345392615 5.64597700328062 0.0131726532575341 1.2111690893359e-06 1.14644272386788 8.3047975306868
0.00446153756785852 0.105331115616623 22.5561223234914 19.6623580144753 484.545114010921 474.313273568978 460.152187224908 424.971258599467 6.22024650138559 18.1881734139529 21.9845109039527 23.5585156677412 23.0499907673979 NA NA NA NA 0.0134794246414885 0.000423295052768729 76.268137355283 98.8618277440708 0.00825391291382358 0.0542750426808665 45.607039655538 503.337596660548 0.0576546127695988 0.0433148797131733 2.00077500876498 8.39754417050785 0.00216818601395343 0.183188963969229 10.3984589357914 6.74930730570373
0.00204051373148065 0.00056380739858886 17.2675111907649 20.5825963669602 438.820030281452 519.868220966631 490.36465288402 434.050436042177 5.58693862371509 9.49965276100395 25.9901725273515 26.322009473758 21.498726793861 NA NA NA NA 0.0910323811900371 0.118991927388557 68.2563584543121 95.9649991216988 0.0700849618981766 0.71124472292899 60.3156512126442 489.986960071037 0.337988667608726 0.254766271404032 1.79634889020771 2.16546889309267 0.0243785471042766 0.008471013972629 14.887188227618 1.54672634444082
2.48402457826927e-05 0.0222882545369973 14.1984211462584 20.64158079739 460.520123026684 453.958048194439 477.901069213975 418.169288836676 5.00889733561734 6.79079142198182 25.341391259783 22.9261317511032 21.1518991891831 NA NA NA NA 0.0368509432413846 0.000201261761468754 57.9020980687079 85.8665447207313 0.037223372871842 1.29256382483923 51.5637950578569 472.311933953604 0.0108542180071966 0.0298608527385791 4.1737895409783 2.67362776418922 2.43959365833943e-06 0.0158919764615713 0.342582112176106 2.68219337799337
3.80104688181833e-05 1.19967524004553e-06 20.5414049862112 19.262304508613 539.235262223927 490.374562970357 465.535702271036 420.789052122781 3.7469723033295 5.79920646090419 19.458523932694 22.4625606094835 21.4595179357408 NA NA NA NA 0.0198477464163221 0.00347596284048421 72.4320335447102 86.1965139521694 0.085277459310799 4.41315916306983e-08 63.2388358784941 509.569145668688 0.0684704351689693 0.023619223384964 0.230179180308433 11.123735402619 0.00527399485909158 0.0166479237913359 6.02251449787391 7.22655116870581
0.00157721581615674 6.67683476680687e-06 21.5122278181886 22.0119357504128 436.712248576864 462.825403716486 415.360479229553 387.294657139174 6.89059769301012 7.18773990422237 27.1223378895399 29.0614058906204 24.7826794799381 NA NA NA NA 0.0394296577858096 8.3895758082726e-06 78.7024838300362 88.8084548960009 0.00128467574556702 0.000174952371502008 59.9841218266424 488.859283309179 0.017178855418451 0.121234942992182 8.1286473989879 6.54083114591102 0.00106495957412742 0.150352188085781 0.147395930317179 3.44766478746564
2.30094664562119e-07 0.000130449636656864 14.7460989529438 21.6976008613277 460.709283802483 488.524393899658 427.582021290771 362.239977413424 2.98596843612992 3.46394185549974 22.294480922977 23.8613361478318 16.9356244309735 NA NA NA NA 0.0315417226504408 7.89468931631917e-05 45.543548647513 65.4321781699723 0.148003772195991 2.59038052031683 32.8248535903473 452.408131181676 0.1586246215214 0.142488769078527 1.98376413900831 7.3532418244022 0.0193571650028166 0.030377341490329 7.90127750266232 3.22678195794515
0.00103881325178373 0.0322448265259835 17.2368299782472 18.270498060089 501.882542523783 480.27083022399 428.602583755498 415.241289903452 3.56544661100855 6.10020811781398 20.0882856970095 23.9516836016774 24.2660909312832 NA NA NA NA 0.00915686146045105 0.00151842160928728 86.6633942007156 86.0119954076174 0.417412473688184 0.522626553916628 65.7566226875582 508.530817366835 0.042292993961236 0.138372935337594 8.09748830943706 10.3463573417184 0.0294815483006547 0.0263888937913273 1.86395967705432 1.36308464707554
9.34067264891058e-05 0.00186031440395639 13.6197029859641 18.9019342945499 529.962499131518 532.32394174398 450.328941874821 431.302005223372 3.52909747475109 3.32245519519728 18.1963377343625 22.8755915268269 21.1218434691298 NA NA NA NA 0.0342567424641281 0.00107254014476199 52.0242948763097 69.3520984380295 0.0341486086872788 4.03865589506692e-05 45.8777873459211 513.437975260913 0.0583895214643691 0.268078608412362 5.46184302559542 5.58089530896738 0.0161078389300156 0.0800096136857793 0.252322224506184 7.41064939727016
2.17518929086871e-09 0.00103257449881076 13.9514104790904 17.4838265603689 502.03727683008 416.668796955504 394.7146610663 356.293363091072 4.60800406855123 3.10174510681835 19.1246955140192 19.9344059530172 18.3386518467875 NA NA NA NA 1.5516280244223e-06 0.00019248887238929 45.8697072032399 68.1278834165762 0.0261117556680061 0.012287880606699 32.469436806158 446.495346590651 0.0113880554212664 0.00552258805092709 1.71395379165041 9.41847209896347 0.00448200921602619 0.224218455004593 0.732867952285539 4.53929357168116
0.00645383617084262 6.75082959698487 11.3823195646486 17.711051936856 413.240074534278 509.335760039444 500.334694886906 404.257426880629 2.95731889433036 2.64560219470554 14.5581016978668 17.4970520817236 21.59752131925 NA NA NA NA 0.0292185875835431 0.000777587584206689 39.3744646225365 56.1553734604866 0.0980699662306255 7.01809148299261e-05 34.1459774533844 445.047073463758 0.316955757301012 0.197106518813424 4.75288150602579 6.15955558194923 0.0201220345539326 0.203001612043811 0.506361602879588 6.60003256895844
1.69877082972321e-05 0.0279158147244197 16.5801009596059 22.9828194645275 499.135894427748 476.091793220824 469.430374231399 481.169213264377 5.54876721889642 4.21977368733732 23.488307759462 24.3264269757736 25.6093673385313 NA NA NA NA 0.16020758825865 1.68137111874055e-05 73.0218136774752 81.8954316092893 0.0160757719940443 0.000424691813598716 45.5505729265812 530.808187780404 0.0424687617625043 0.343408272610254 6.05701363861358 5.40886332376472 0.13228034418469 0.0320121925177275 0.793746278092002 6.97464747136232
4.48567507273589e-06 0.0012364762949075 23.5676590080193 25.320396694329 538.141058702995 581.217071781765 535.19785831849 471.095448527305 6.45746198183709 5.2582075734511 30.7880405060673 28.1813358365825 24.3911069371123 NA NA NA NA 0.154847942317415 0.0179774533747898 75.7319478085357 102.02776873902 0.00108870458903152 7.96030014004025e-06 66.0481894729675 537.466980235885 1.68385533089634e-06 0.285001078165699 0.320921491769452 6.95813020228837 0.0207392969136202 0.271775967724915 13.5996429285156 13.1833101523272
0.00503783913937227 0.000313954947206263 23.3349318287167 34.2103484493835 539.837400087195 573.631499897702 505.910442545451 518.97960222886 9.95730189808091 4.72732354764595 40.7834641807289 37.2871021697538 25.489773088675 NA NA NA NA 0.0431960255164865 0.000107105330569335 115.793375275799 147.036535362137 0.0111615978368697 0.00169729024208764 106.624219876246 552.861336555419 0.0479932165354127 0.414454889858261 3.42269982708507 14.7486862537904 0.047748750188845 5.19110045006085e-05 25.7342524044918 0.835589081983688
8.04293748656943e-07 7.49479729886624e-08 19.7374356930495 20.023175003246 464.901889235002 524.823138512881 450.579463624848 464.31159393362 4.66900459351714 2.52992185869438 22.2409924801753 21.8470470451202 18.1727986126986 NA NA NA NA 0.855308499257385 2.31095317700954e-07 67.9461255820344 94.5353224260311 0.0704451924782412 0.000434008035276048 56.8937678139887 521.453990166372 0.26288325753183 0.0197960133042965 7.62056408969289 7.20464685466101 0.0481635238260946 1.29779526906856e-05 8.55618842577854 3.13755687712845
0.000138787549227873 6.07164838826612e-07 10.6859814793536 14.0333045996588 376.852008430016 306.79953029078 394.597586666237 298.699113823253 3.43877164451784 1.95490192525206 13.5724445173041 17.2385044348557 14.944932919594 NA NA NA NA 0.110064154167912 1.37387544128279e-05 28.9595897532535 55.3400456556657 0.00937350758655143 0.376321707101241 18.2385212626013 379.09597096159 0.132085342845801 0.0682559332580884 0.476967494716388 6.5056293939314 0.0142467524774013 0.121282464403958 0.703249796273392 2.39066247320177
0.000287816884211199 0.00010783713639052 16.9573460045075 18.8181824437393 451.69213534052 487.804659797034 501.634932739771 416.528445411975 6.20313001160997 5.46349397553525 21.3276252546389 19.5713337947713 23.7767147301141 NA NA NA NA 0.00079310342062626 0.00227520326429789 56.5109518021009 74.9528757439167 0.00146054791310287 0.000495288754151122 35.6832708956658 472.55345805415 0.0641346579514416 0.05033095931041 4.67488743750063 3.79302721191025 0.0242834570609758 0.039893059883072 2.32818469978607 9.41108210866676
3.99377994086948e-07 4.34658618971463e-06 15.9042665582637 18.3548707342118 457.150501658433 479.028602862874 480.587658883901 450.963029140335 3.48242233985964 10.7304058284757 20.942426110961 18.0953549642393 19.041083844543 NA NA NA NA 0.0809125478222586 0.100517069010187 55.7330017391071 77.5229760119013 0.0518386067419971 0.000143793660690077 32.4550964712412 452.903913647332 0.0436240043331096 0.00392981229476942 2.29194108351071 6.16436811735945 0.0327224900121674 0.090194957438208 1.35600098958672 8.8439043867348
0.0111920729997453 0.000484377017443336 19.5419006998503 20.6519179593449 403.930755937696 517.355128998808 448.44599503375 426.991836719284 3.54983365429952 2.69413860311045 21.0412141950658 23.6201538240446 21.8581582032062 NA NA NA NA 0.022931734030557 5.90792002809922e-06 60.5344863900626 73.2778039549534 0.051644691890591 0.000299297927173245 49.6481987889821 523.565565548732 0.0298215773957866 0.842003648418537 4.87209615393654 9.28660096166713 0.0257557670429792 0.024555573966047 5.16952928208556 8.88869272721318
0.000736873886067893 4.32468514074876e-07 21.4922927079468 19.4497417966047 469.893380110521 523.345568907459 513.427799111171 416.859478490257 4.18057826575162 15.3192672559769 24.29105890065 27.5656522448322 28.2517692385654 NA NA NA NA 0.0185846282023181 0.00317368369972957 85.1323655699878 112.240096586915 0.000979974146866831 0.000546383988424928 64.04994639769 534.371124179661 0.0128606419587707 0.000505557090578024 6.42892343402263 7.21942044634088 0.051301821034395 1.80434572541504 0.794218420137392 5.04760276294347
0.000658562001576056 7.36314049949356e-07 12.068941126856 15.5418880908277 384.838930992131 427.902407093383 350.978870657589 386.466277837191 3.06956814684911 2.80656346914827 17.3634740284922 19.151873708376 15.0152370967716 NA NA NA NA 0.0219636851296415 0.00290825593103963 40.5812624335279 60.1113789166142 0.00222721959275263 5.31413285796615 27.7627281261109 442.96179675313 0.117616563830628 1.11272494463134 0.8687998727237 3.19665191640223 0.134481743810588 0.0204527882668471 1.54397123541532 7.37054959574253
0.000633661474842793 5.23925996094101e-05 17.3332959195462 19.4486286863742 542.431190068967 587.343810630005 449.865805064735 470.771462220954 6.90403632775118 12.936475262446 20.7672810901358 22.8678931196139 21.43435099012 NA NA NA NA 0.000107755556288515 0.00131895287456396 82.0610170005397 94.6227942375979 4.67108994716665e-05 0.000228767763042992 53.3241730693053 515.484192593455 0.0645470066861165 0.112560263634244 1.64081009073728 3.48338238725364 0.0203810901148169 0.245819670600059 12.4654601261269 11.8464474375065
6.56667985200215e-08 5.52337577815406e-05 12.4502598590592 14.609036113299 475.041899402243 386.933723402235 490.165272399278 421.113077788153 3.21836455719701 2.20470712930562 15.3159876241839 16.7195707087013 12.8078838838744 NA NA NA NA 0.00720354020851403 8.58213498471241e-07 49.0996446101317 61.2757164995417 0.734340172585218 0.00455841109662516 24.4522079307482 459.534805366369 0.0129252186756567 0.007425468719822 4.49770336950814 5.75404243786805 0.14173429593345 0.121942838324486 0.461777306845486 4.36701787850041
9.14216883073167e-05 0.00112245404504024 18.2189554172347 20.3366322962043 547.108131622471 500.615265365267 495.063716960965 423.273476344382 4.6377607453514 3.03229800275764 20.1741668595794 23.5871300217147 19.666983570806 NA NA NA NA 0.0235669373605692 0.00166868979290727 58.1167767700936 86.3127946593208 0.0348984430314178 0.00359042518094523 46.0181882726645 498.325727283794 0.0565602239717748 0.202205594132118 6.28504640990906 7.40275355555522 0.00589287430497904 0.276070319903864 1.63736180304893 6.47007115672345
1.06928685265769e-08 0.000575586848132812 22.5072225034955 21.4003552071395 420.709044252954 434.916559804409 390.806082920154 380.081191582001 4.50234986755585 3.80028989704063 23.1452767228697 24.0487239053689 21.5454321201393 NA NA NA NA 0.00493281116629293 0.00578381950618435 65.0132475526758 82.884140857828 0.142496910378197 0.00274108874330402 49.1447561888257 449.711937100745 0.487081264375772 0.0879546969324985 8.96662961199009 14.9337045962956 0.309511501449278 0.000261829597884535 9.77194141980876 15.7332510411467
0.00363749207584329 9.29328608657082e-06 17.2304885990881 16.6253216391529 557.393846263817 482.196726586425 462.474155024293 464.782185689117 3.57498008784446 3.06797502923903 28.8918754055065 24.0770870748933 20.2877602563957 NA NA NA NA 0.00614630912331371 0.000197620129916309 58.8136741501222 84.2689679108247 0.043361639575628 8.6453226637292e-05 51.6837865395582 514.323994879447 0.000955032260953776 0.0635369374489968 6.81474502597068 7.98360443848174 0.031273919394697 0.0432566875388884 1.58252909473821 5.24145554809536
3.66038690713483e-06 0.000954632963892134 19.8068105235093 22.9782756467158 574.850434667759 494.076438033861 481.166112568495 380.615683236861 5.17434106880288 12.4650521692539 26.590761949474 24.1853793447785 22.8611376902708 NA NA NA NA 0.00478812792276311 0.0037229307978556 73.9857082123644 94.4817962581649 0.636121214477782 0.0140678727756732 57.5090515161568 525.02319555637 0.014190732241236 0.0214407935266711 6.19474770502466 4.40097333735153 0.0348042416978707 4.77829085603531e-05 2.27327708334443 2.44832258918167
9.6236769026997e-05 2.60664948892836e-06 21.584716668457 20.0784648214658 526.170786343877 509.996282501304 422.047624655332 500.503119924749 4.1614755253729 12.3997325745606 22.6895757616481 23.9202319146331 20.9958969446708 NA NA NA NA 0.0805957891617382 0.000796719229634015 56.7208985109631 86.9791573756809 0.106782931490841 0.00013501449753919 52.2389093922657 510.881840785484 0.0284420285797709 0.086770456941966 0.589112642163868 6.58260667356148 0.0509471151103149 0.00334208145382489 1.95011094392943 4.31459155262372
0.00133365341099106 0.00449122843065371 16.55893287268 14.3362482639221 467.324400279396 348.568576597278 398.995981425262 379.748829296227 4.30056054678478 4.10480193279579 17.9015748526161 16.7550843677246 18.5487031564086 NA NA NA NA 0.0189319345174672 0.0255388610295998 49.2031827637659 65.0709037523914 0.0722608369688868 0.000956879894294753 33.4430170452913 441.038373108868 0.0191066434843059 0.264751905708708 1.18867956834906 6.69326836591936 0.11152134080756 0.00572155848754542 0.0594674549297011 8.40836708212299
0.0143967980117389 6.88250134456191e-09 21.4188708664418 21.6532353030147 531.035712904368 498.858442843563 515.364516704629 414.849347123283 3.22638163532642 7.49612088276569 24.0515708409984 24.6567417156825 21.6445054832396 NA NA NA NA 0.0527253601486307 0.00836802508861642 62.5928154789045 101.404248637338 0.0463425623314981 0.000346876176112729 50.9792762494202 524.182917326657 0.0192304564038743 0.611073023759821 0.874707352030887 7.48096814539667 0.00950060591214773 0.00286836246502986 2.84149070772705 9.26495248103438
5.84943756338959e-05 3.8444041631702e-12 15.8800352873086 15.491949131339 419.817093074211 471.200361072258 450.377908211588 449.919982975234 4.44978155857346 2.92098813582063 21.853580254822 22.5021194627417 18.9624231289766 NA NA NA NA 0.00142913512071512 0.0127329665313724 51.8498641073404 66.3380865796915 0.00417121283466703 0.000481481596811868 52.4282702458998 446.679139069574 4.2752932110094e-06 1.07024590725969 1.32154660277794 9.07498628018145 6.64758560249768e-09 0.06538355785803 9.62076827791941 2.26749880556998
0.0131913749414296 1.06745795561452e-06 15.1699212515831 21.4437514070838 443.634673987726 443.214783431589 512.049679197076 435.4020340833 4.6344996272395 21.80009007666 20.6028010119344 23.135518996054 19.6827718664188 NA NA NA NA 0.0584945843059657 6.88058271441222e-05 81.5324686764501 81.1092174954326 7.32776125403523e-05 8.26083680089381e-07 28.5524753819398 519.950936023143 0.111427533810134 0.232151461676158 0.537579774254257 8.29760998311161 0.101865008368621 0.017561057835093 2.01032997553624 0.526225820473085
0.0215744130005066 0.000257883551314938 16.2632206094922 21.5711204984159 474.222479953797 480.430337435651 445.282260700418 438.938709751583 5.75500945593826 5.46038228577571 20.6056621220632 22.2951994298316 21.4862229554303 NA NA NA NA 0.0246311405756806 8.55603336915199e-06 55.6748494973949 77.2966588025715 8.6743465040664e-08 0.000133323881878951 50.8222047381732 470.842251689631 0.0072432199565859 0.0612674634103534 5.10612239270316 4.25114860116913 0.000659998224795438 0.026157280757024 9.15766909638964 10.4863627402249
9.66453730468267e-06 9.86491960512638e-11 18.6050599089055 21.0240754762517 430.388457791454 391.659573865852 400.053397338092 367.54894071449 7.06359153801239 3.01882971571219 22.6073614198675 23.6064410818587 19.5895990872504 NA NA NA NA 0.0366724740209594 0.0282857406615341 58.7794245919482 93.071649581159 0.0264356386176201 0.00233781054304639 39.732864783331 473.777819698973 0.0398915505656355 0.0319556560839204 8.22133654788552 9.13111149817962 0.111593590168018 0.145982336027674 15.2155167820772 5.0968482058371
0.00457548848351722 7.37948566885603e-05 15.3092714950357 15.7307023696252 433.690410574978 392.643951441132 375.388955580432 381.993242754039 3.52343087894163 2.60150633350877 21.1764536797458 19.4275302059118 15.9276492245837 NA NA NA NA 0.0131452825943459 0.00380065744274246 44.6139426607155 64.3846605906446 0.0112439560643384 0.6822488376899 29.4235032738544 449.259006597493 0.0249694125141939 9.13397766952716e-05 6.9022480806197 2.01648502273475 0.148874411999482 0.0409405150710807 0.354107944731714 3.10633701762352
3.64082657252046e-05 0.0030268752097641 15.2095396375768 14.7234943795577 445.659180922808 417.172509729661 438.269498816367 350.206959245523 5.43942539192989 3.05954473255711 18.5913370380649 18.312056851271 14.4623978172234 NA NA NA NA 0.0296171496562675 0.00487923537590436 37.096147393871 49.8558225006979 0.00218781036045772 0.580631709178345 25.6631719317863 466.485424788552 0.0264620093251651 0.0299792458700737 0.227904667368841 5.77829550804462 0.0911048657188726 0.0424466549620717 7.06979303109901 6.62862868892144
0.0017144887085239 0.00747387196247454 20.6389671983784 20.7450829954316 452.617453205028 473.995549357451 502.8598745787 472.464195472147 3.48067277196732 3.2513310656997 33.3466463240673 23.83806043119 16.3610859567258 NA NA NA NA 0.0190492877303103 0.00089113834903969 62.9128993381413 92.6359633244981 0.00912770705990281 0.00025431265995204 47.2688184104283 498.479081370667 0.101584654591237 0.223443015026461 0.735395805099396 7.14475432944948 0.0196734749944183 0.0254300806474694 0.276680958740683 2.79293674221905
1.72181705837513e-06 4.3974164823747e-07 21.0644057782809 18.2512695523912 452.634154186146 534.02768349335 560.366579986294 446.914601442999 4.3049224615557 4.58661815907031 23.6861979886504 22.1712645986939 20.2087636192355 NA NA NA NA 0.104693261843563 1.62262565924881e-05 76.0207576129188 84.2122042483955 0.0111172137166087 0.0005133359380305 44.8782275912608 527.517808420405 0.00717464633431013 0.14999580481747 0.654940473785362 5.79616126562347 0.00739120155883321 0.0306565593311825 8.57510568587078 5.51099095835041
0.000117103090210636 0.00250044669030865 16.6588888954181 19.6947691491689 455.003050909066 450.134567606804 399.099019542737 382.769770568369 4.32309135100314 2.43600915091715 20.9248982486585 18.9496491451419 21.7671028501885 NA NA NA NA 0.0614389419317658 1.40313559272448e-08 61.9157166168074 74.0059361955384 0.539812197801302 0.00831615011090557 33.0240650119526 480.148700637488 0.0832587117009275 0.0702162128789122 1.69808577168343 5.4772456086466 3.18957924216448e-05 0.0357131406320648 0.149535272235574 9.53694982293296
5.8848161540467e-05 0.0015370137935572 14.9666965843264 19.3878074546968 495.137208110671 461.725953322602 468.395311107816 422.324743550721 5.22778939077793 6.98731775121132 21.1475321546224 25.48549558629 18.1698626220846 NA NA NA NA 0.153239594077847 3.31615221051865e-05 53.0152669179975 94.2081769084082 0.000986882761847816 0.802350542741562 30.5778879471466 496.54214312587 0.0321482881497073 0.538624333254792 2.34077841990085 7.87021934736547 0.0745412266400581 1.87718337143704 0.133456202696698 6.33032499146416
4.02819776043987e-07 0.00451254807409466 13.637558635881 15.9187141912917 430.595342802957 376.280133186021 409.634005345943 393.139916856815 3.35014511733456 2.39941429056546 15.5631460681311 15.5651778636464 15.0872126240946 NA NA NA NA 0.0290785257654814 1.46000963026276e-07 43.6171372294791 67.5444535859632 0.0415074674578834 0.00263225433930748 22.5424188634748 443.124267735743 0.12500729748539 0.155773785493122 0.783758533385768 1.05885737643839 0.0902805449916404 0.0128322148985587 1.72783364328396 7.17324062493761
