"U_1_Gam_alpha2F" "U_2_Gam_alpha2F" "U_5_Gam_alpha2F" "U_10_Gam_alpha2F" "U_1_Gam_alpha1F" "U_2_Gam_alpha1F" "U_5_Gam_alpha1F" "U_10_Gam_alpha1F" "U_1_Gam" "U_2_Gam" "U_5_Gam" "U_10_Gam" "Sylvia_Sparse" "FM_RevJump" "MBC" "DPM" "FM_Raffaele" "U_1_PC_alpha2F_01" "U_2_PC_alpha2F_01" "U_5_PC_alpha2F_01" "U_10_PC_alpha2F_01" "U_1_Gam_ProbKp_01" "U_2_Gam_ProbKp_01" "U_5_Gam_ProbKp_01" "U_10_Gam_ProbKp_01" "U_1_PC_alpha2F_09" "U_2_PC_alpha2F_09" "U_5_PC_alpha2F_09" "U_10_PC_alpha2F_09" "U_1_Gam_ProbKp_09" "U_2_Gam_ProbKp_09" "U_5_Gam_ProbKp_09" "U_10_Gam_ProbKp_09"
6.45216274810765e-05 6.39522220867727 7.89800454260527 9.45472446529566 225.241290475592 275.249611375908 275.281657168305 208.418551168042 2.08506395006185 11.5232004216306 9.43130094566578 10.3562857849604 9.43894414435686 NA NA NA NA 0.0430532644429395 4.87592053022131 12.3452020898249 27.2197169880593 0.0240452306848754 2.23270627604998 2.19931133808453 122.807650500011 0.00238648870536457 0.23871463142787 0.579765100503674 1.61780501808346 0.0101715620179871 2.69962794189769e-10 1.43497469790783 0.84283318470039
1.75217784365822e-36 0.000633160580588345 2.40934266175468 2.94768185541375 353.531712294956 314.027112877032 247.455620369037 343.314309072355 0.142800142917801 0.779299693737952 3.40960382800989 4.55253786165914 2.39940398823247 NA NA NA NA 1.82606733953899e-13 2.57531388409557e-08 4.63831399867288 18.2531217824941 4.24079171206322e-99 0.00747335194824106 1.84993097161864 339.57306696859 1.20838362514463e-22 1.23990545750782e-18 0.00548659798420785 0.00664743272433648 1.91678914150218e-48 4.05896416522351e-05 0.24769551792345 0.00572785028839815
0.00283279272722004 2.69909119628385e-05 1.68612373797291 1.92353081473903 199.365615371383 140.105645644924 163.676185393566 149.538706992128 1.07906306213298 2.07965122638011 3.02638070098925 2.85023760273557 1.91680483590359 NA NA NA NA 2.80275170933167e-24 0.258008149847734 2.3122035773104 9.36749890118737 2.95343494539004e-22 0.0016168508432143 0.301159417215001 62.2781959245242 1.60966211900184e-12 1.28902911547443e-12 0.000310375678544628 0.343854793107261 1.17383914047861e-42 2.3703907212478e-09 0.000460084860866575 0.0756798633579238
3.53115394970627e-08 0.00364501385777324 14.1555664523616 16.2241387529571 384.154952951149 459.951442310687 413.006478900409 419.880961389637 4.47101041287159 8.35311680573702 14.6910939732815 15.2292184903749 14.1425718636776 NA NA NA NA 0.0597004746205947 0.000189817294019651 39.4670357854802 55.6025370869828 0.0120758914538078 0.00117813193605078 31.4947182965797 459.513391840958 0.0423873330983929 0.21116968635729 0.47826023547479 2.52320900766435 0.00273931946567866 1.23883596770077 1.25231272878779 2.68964328880148
0.0359294216182391 0.00099235322311668 57.5156400278576 58.0083816221453 514.606048391769 507.137421750124 500.301807620521 489.90020532699 26.5907471655105 62.5485553537184 66.708691904012 56.108828763832 45.2007429385574 NA NA NA NA 4.47258278312836e-06 0.00272580302596139 187.345201149364 204.280511357998 1.05344867794009e-05 39.9429324225374 50.9517825793284 490.488993233991 0.0711144456538145 1.43094437127565 5.65889091322773 15.7229011584058 0.00587525802122183 4.02298483068437 44.4255061403736 5.78671190218407
0.000228305084485062 3.7396265022235e-05 53.108827869495 48.2290159188646 663.206538343946 606.128907955607 573.845898029022 554.959188949191 10.2873864014674 11.4612023565276 57.6570646801767 62.979800334782 47.3421665647152 NA NA NA NA 0.0890637685686513 4.4099043849689e-12 233.586125044189 230.18851211123 7.72363617142798e-07 0.0064969870181549 243.077080742684 606.409528422232 0.0376073311809697 1.3655871628061e-06 18.8567227535332 30.775199015912 0.238146755055121 0.00901975221233221 37.1681105549941 24.131034753663
0.000127146805822437 0.000514604681645189 25.6054399940379 24.9503672465246 441.998960314711 487.956186517865 511.367606288311 442.045016279085 11.6490413657882 9.29536767684674 27.4788428343824 26.8617905920009 29.8028889522469 NA NA NA NA 0.0646854249098127 0.00015078000588597 86.7145399635177 94.9671822435251 0.023567671467272 0.000629586212506357 51.2895950734978 482.639343517185 3.9200994547974e-05 0.000971572965965043 2.78968465021146 5.4912869173107 0.00906445250171191 0.348520486434179 2.17040358607021 14.7534333038388
0.0264633804905386 4.87655982655642e-07 19.9021968523673 18.8109313116214 404.81276006854 432.984039556276 457.003700650234 454.540121135941 5.59498848808052 4.52893188331681 28.8287855643576 26.0455204666635 22.2966395118012 NA NA NA NA 3.88454682755731e-05 0.000247073497211875 87.9922806120465 113.31204047427 0.102083855904056 0.594347900540882 77.8922393018412 481.541797955898 0.0487628770392241 0.101267793386863 2.82225650247002 12.1143153183747 0.0145036369368554 4.30370576756113e-05 3.26377721838301 10.1952411253883
1.86704340421242e-41 2.44366161457775e-05 2.25016252087315 2.72052839589642 384.914214824086 274.475691095816 374.982119869733 293.664622731614 0.199085752635191 0.825079758207161 2.63206897634229 3.38295095885057 2.71553127469039 NA NA NA NA 8.17062341813379e-24 0.000652048858752918 4.80717235709444 16.1152663291195 3.86739317706789e-28 0.0342016711096526 2.9721520997749 356.143777873511 2.89897734347053e-09 1.6532879580503e-11 0.0294846237394704 0.212433655506211 8.43004021049238e-45 9.29590012221823e-06 0.0122957688856925 0.11835893069563
0.000525791775226894 0.0100807934162663 14.7621003864105 17.0905955303007 489.936265386132 469.227088419197 398.575523519818 459.59920599116 3.60366033551191 13.0095514217964 22.0656218375324 26.2068828937801 23.0291568390093 NA NA NA NA 0.592988547947553 4.15020187211198e-08 54.3803040417211 68.0006984915535 0.026818001522555 0.00220210840259069 35.2631808580746 511.39309889044 0.0240969856190734 0.0481136671314167 6.35648081398601 4.19971320500361 0.11361730811136 0.0479218182171327 1.59167803161245 2.20236695232348
1.05935206098022e-89 0.0111928952563459 52.1036505149687 59.961511646143 604.107458801149 628.581244734609 596.988083520453 578.458937302939 36.8269694867804 35.0040268189881 75.353572581931 77.8718864945914 70.2267871456597 NA NA NA NA 9.72556179965149e-05 0.373731761018754 208.629840387875 281.570923497966 4.56371588628195e-05 0.00422812215474677 196.309245099398 590.689740054148 3.30533792406886e-28 5.49059430596814e-05 57.8441177144784 66.3650643231418 0.000193168817418467 0.000120620921820804 74.5383818847163 53.5249711020318
0.00013990740080299 18.5431226029379 19.4654080183245 22.2905954087196 281.974626542621 274.26257903202 258.979230663479 228.040592809924 8.75770949894633 23.7940709773395 25.7518151732132 27.8618586809927 28.2729048955023 NA NA NA NA 1.81616410867724e-05 13.7494988048801 35.4055905809509 63.0206027190916 2.87681913480219e-10 5.32447353231125 16.3068163907383 182.67924666403 0.000195727602099057 0.291604726912019 3.17997129908205 7.04711981799337 1.42373845804977e-05 0.842374949295588 1.03643265376573 8.0468926940902
0.00357324697987315 0.00799899329535411 34.4745346858469 41.3722698831076 546.019386458744 463.892337211253 539.459920413374 520.001980537577 13.0472393578038 10.3123588761138 44.5078032656409 41.3486068286498 42.1865295968915 NA NA NA NA 0.050333001686645 0.00494173380636229 187.833166593649 190.494692590058 0.0162494601902613 2.43485848880877e-07 111.501564966373 555.61594065586 0.00842057371471522 0.820900547307141 23.3439310370855 20.3677721745687 0.219043032204191 0.084412992590276 31.5887010906893 32.80550640522
9.28278485575891e-05 7.30555515633292e-05 39.8307379752718 34.1705707909631 526.379040709946 553.797092847463 571.881822952039 505.517764223213 9.00722492798482 5.59653646253247 44.0657641889961 33.3398950074231 30.2511981631891 NA NA NA NA 0.0466280915706415 3.23793583035691e-05 146.738022982365 154.22584227033 0.0502609028708458 0.000323804801292869 112.174956130259 567.811959632823 0.0262748146770608 0.0176373587818036 13.7489543331131 13.5252117170047 0.00444717181621506 0.0240036084887692 17.6648274565418 13.750065758478
1.00497544557893e-75 0.000504690665334374 2.29760842473867 2.90457539867453 450.854634384247 388.704145407175 504.104239782254 430.132258651079 0.285957186714819 0.952417140388447 3.38816273775264 3.82765948272282 3.09604574394187 NA NA NA NA 3.98312982231858e-14 0.000246681915008157 8.81197058148118 19.7728989916295 3.25391102790766e-73 0.00180756920109506 1.93812318478729 445.786986186425 5.98215240772479e-17 0.00188927368971999 0.118234737544062 0.299596024841869 8.70629712222474e-16 2.59577181997355e-05 0.000655407074818472 0.200104962556641
9.45415639923106e-05 0.100509259404236 57.6181681301511 51.500408425177 585.999565302674 578.672887266667 633.972123230836 579.451946603436 17.4199295194279 17.0997047764301 54.5795956206137 53.7528127328428 46.5318465967959 NA NA NA NA 0.0718652931674059 2.37646162786671e-05 265.28381283607 293.824287158531 0.000217981962171666 0.00535923552007251 244.087092340774 600.433227826886 0.000331414857177329 5.6029020623944e-07 15.6377767986333 21.9755187024665 0.0218616582735697 9.4071931835715e-05 37.3269277721631 39.1003788247203
0.0071033218258758 6.66288303673277e-06 63.2239463354966 37.3266415347454 586.528144793294 570.464651564165 555.085778542769 502.003895131614 7.83646400805414 13.5557405325814 63.5867443109244 67.537378165474 55.6778433635274 NA NA NA NA 0.0114795702115739 9.68931816083637e-07 243.781879635218 221.750535286759 0.00267434464860104 4.4509228218163e-08 198.51936161994 573.25649508945 3.65755817179916e-05 0.473120382670842 15.9222216246386 18.1631481069627 0.0961543727024989 7.53632407586682 66.7761584060867 24.4337542638123
0.0126314091487577 0.000618149186207008 8.53387540356587 8.92150598147198 216.405835583191 260.256973192639 235.76719740458 200.963480809273 2.50024227663377 9.5478362834175 11.6531727064093 11.0388246001851 10.9123382241793 NA NA NA NA 0.000260839604140702 4.21309857702431 13.4317591178554 25.3012482395183 0.016987022696166 1.57390352441178 5.37310081812411 141.807598006032 0.0304881725828743 0.240923229492215 0.781738899524982 3.9414114271116 0.00885948748353007 0.343371347361027 0.793403842666754 1.25891085969332
0.000490559302897258 3.41240743840904e-05 15.4236259774039 17.349607118739 483.111900887156 431.734108047915 441.001701486885 384.91105890989 3.19334093211658 2.48725119317236 21.0835376620646 18.9637460938939 18.1908053596207 NA NA NA NA 0.0875492850747538 0.00549026344182257 36.7767370654509 65.959237549989 0.000387271259911567 0.000163431203460641 12.7898167487044 431.410480366756 0.00970595174179947 0.251229207862272 2.71189283278142 6.6667480991243 9.28943456227569e-05 0.41318659266303 0.729779665172159 2.40278912423724
2.91020444036275e-06 5.9356937057174 8.82863284181649 9.2543950911244 262.779136739799 256.962973438164 248.128874804625 190.042814972521 1.91632529508748 10.7337774222729 11.1883700749566 12.3235379211078 10.0422293094553 NA NA NA NA 0.0182203964511284 5.34769591775921 15.7793713026338 33.0574585747124 0.00216240803289761 2.5308106788976 5.56000202559697 143.078655761123 0.00834018653143554 0.0139054804819778 1.14712433232579 2.52088874917985 0.0226046295958095 0.0839821320318696 0.320922485894054 4.2948431653197
0.000150393246605882 1.44961557469798e-05 35.3344667234855 32.6075640441799 542.830538465502 531.196466909558 483.230527329259 495.082838203913 10.7635624444708 15.9219732875765 37.369672728858 37.8003956057121 32.2614340598632 NA NA NA NA 0.094120589990815 0.000530041271514806 146.198628749317 156.560328723391 0.0209273412567367 7.54481414565789e-05 116.801884824894 529.020076876138 0.0305272766891676 0.217300587906103 10.7972687701472 21.1968184117408 2.02678332136835e-06 0.0555210951895588 24.0490404646119 20.5079724322466
0.000112468473384148 0.0349952776274965 6.54065493398122 8.52584528480203 243.360475712288 234.360704981279 195.051417933923 176.238809691148 2.17422530971257 3.47216237433 8.47097354690302 9.7279998177261 9.46241875062884 NA NA NA NA 0.0108927035699569 3.47056757460395 12.4748105408566 25.1224765719662 0.00887115252991858 1.38703190838677 9.42554339829755 112.732957738646 0.0084058921214323 0.127439538778746 0.29818305918241 1.66172568920367 0.0773600068070844 0.104956294123151 2.77611104700472 2.44169378502111
0.0114518439935973 14.0431612713036 15.9474339646203 20.0737555452443 319.02598796043 337.96805074218 310.359577918989 296.866607788286 4.4877091185557 21.2817646948217 22.0439503673704 22.884753171402 22.2213981002504 NA NA NA NA 0.000241348054773853 11.4482033243683 43.4280784875265 66.2629809840485 0.0148464833963047 4.15159862511425 35.6988405353674 256.164747170884 1.41493255136809e-06 1.89812779801709e-08 6.59109004561502 4.6381587521312 0.15877664724527 0.923480673251083 2.49188185752292 11.5209772872022
0.00965222042415857 0.0418496602516838 49.0792626789719 61.5611762620473 614.639135004562 577.107410792618 614.204020124931 583.937113845394 14.8798609841126 17.9381055318604 64.3381688980388 57.7520435074737 56.6379234304425 NA NA NA NA 0.0749421281593948 0.00244458983595879 240.551205926044 266.980354663771 0.0381589777558776 0.00070027047551505 281.056660269762 600.152075306188 0.0873891472353055 0.0703567641029379 9.45694886097094 39.6195695695098 0.0100174208056112 0.00148739661820045 16.7671655423785 15.7965921531354
7.50154489866332 6.85788778008019 7.57869347973435 6.98467993480494 174.426831445965 185.43904050242 161.011424057948 167.694482684631 10.0200519533657 7.05724374690643 8.93037016392179 9.39790287741743 8.31422142156139 NA NA NA NA 0.05173458249946 2.89736606655359 8.18737999741739 22.4851382667435 0.0476396911121469 0.165354368914704 1.87562118149461 89.7834180727378 0.0206390570045134 0.279593619696917 0.138130376612575 3.40623724897004 0.0295951538391626 0.042247140527291 0.142890529682602 0.919518778477672
1.65874144521332e-117 0.0258053023013619 40.8578503029059 46.9996481087584 359.221390382822 378.136233591075 374.679872776234 340.230075248236 14.9930625359136 14.7043251737823 53.8116658240018 54.2772255880536 46.6633346776248 NA NA NA NA 1.88639136262477e-16 0.0079134396508241 111.470088905899 139.147480601836 7.74388083122313e-119 8.31503106601735e-05 104.32796465819 356.887359480499 1.42593009997332e-158 5.51862391026551e-09 11.8390912917466 18.6153939248268 1.77669349134249e-29 0.000605527094342213 7.34385669110822 17.1172824033151
9.54349420143042 113.153857090078 126.258472948629 125.453984631942 408.520071121905 405.769134827662 368.328593681033 370.419031607835 119.784770640726 122.125812238413 126.395805579262 129.651322686805 128.066683080929 NA NA NA NA 111.464839787346 115.549034341146 156.709336947834 178.843834083752 112.732321775712 116.492297297485 128.030902413405 342.896425911582 112.608781052438 110.863767029961 123.27652253085 119.370215771766 110.620380300306 114.283375637103 117.565695322962 120.905043399064
7.06826864048955e-55 0.000719120766709121 5.11571630887887 4.84227894521484 518.884152423057 503.009551665339 527.247397779911 421.594450031512 0.374350569782684 1.70309910414214 6.50424615622354 5.77480720715161 5.4826544047769 NA NA NA NA 5.59355925194419e-40 6.67571411892265e-06 25.9052304371109 42.8442654455321 2.77288126303708e-13 6.32748895180568e-09 3.0410528425127 532.721440472764 1.10954991389631e-42 2.87571135462223e-17 0.129358927329673 2.07109416552809 5.26831387605857e-40 1.83099855583831e-06 0.221052686722517 0.311807189435655
0.000486598299356675 25.5169208491738 28.3653796653721 34.01902557782 312.177114937026 296.314007600302 308.601344224233 281.397080079271 14.5644989608721 29.051125802061 40.2739640290223 40.7207192954167 31.8946745984079 NA NA NA NA 0.107828171069258 19.0372529432345 54.9665671667613 96.9673167419782 5.73074511298857e-06 11.8914188837929 26.5740717094946 239.176399798456 0.0282214610856323 1.06086485967808 3.23685445280157 8.23766826688275 0.0125147718686968 1.78121193022967 20.4346426852838 8.56718933711922
0.000764807972026415 11.9028616937559 15.9684228923664 15.9469017291248 288.876343276969 287.130920484651 286.732983658146 258.686543121513 5.38911427857746 17.0623839163983 17.8850533340714 20.2598345470926 14.2043142766043 NA NA NA NA 0.00742248374570881 11.1436767623671 24.8578838202626 54.2086404815883 6.27711368695773e-06 3.86724800944691 8.59784757792714 194.53052823843 0.068330391765481 0.0124555873596639 1.97740480054573 2.59732735316357 0.00221684064842029 0.104738716000984 1.17241755607049 3.28635261596651
0.00275073849107306 1.09467311261361 24.9452561730481 29.1628159263041 594.269103009199 537.404701388582 525.448681071287 494.528788524849 6.51607656261042 3.67958827189751 33.9750110815633 38.6081268917502 28.4026026616623 NA NA NA NA 0.0817912111215532 0.0001630755429255 97.2555777271497 141.796926391971 0.0109978015886698 0.000367487355946183 95.077857104724 568.873493974528 1.48201132892168 1.13405611302623 15.0998516161988 19.8434885537362 0.0036148963938971 1.22823283230703 0.632262576911902 15.4837848505054
0.0002104531709208 8.15523791840846 9.88331447569813 11.1471613645447 289.208100461874 292.314755932751 304.244959576337 247.822339717808 2.23222238651491 11.5965983962655 12.0684666351141 13.4870014330704 12.859539310577 NA NA NA NA 0.0139544393438463 5.92507189162778 14.3905491968147 36.6637254957196 1.6379525912973e-06 0.0248423777938465 7.39614683906731 210.496652010467 0.0202388158842599 0.222868584333398 0.36517581975333 5.60326671533895 0.0242091788774077 0.024574393098516 0.204735956531994 4.98927441180735
0.0225802403467817 11.5964917835845 12.1434262836465 11.8970786038819 304.619964878911 335.677855687326 327.888836543648 293.256184813242 4.20000323047581 14.3496947114842 13.6806686891908 15.9933663351565 14.6579563382996 NA NA NA NA 7.1040933954249e-10 7.7922811216996e-05 29.7548059852039 49.4436399073583 1.85794403291879e-07 4.60141673102525 8.72517236547246 269.277593174185 0.0146906644291278 0.33068882379916 4.46829192190638 2.12657382078049 0.000298546662814208 0.368407136094754 1.8582543701161 0.771173830313585
0.00105249001882033 0.00787314606858534 34.4304092109169 37.2781552631091 518.684468506864 434.654226499258 494.005307624054 495.41848473898 13.6833431099759 16.9310028653902 37.3900114424821 35.6053327156874 35.7153412247325 NA NA NA NA 0.0212963497956151 0.000440940391792634 137.954115731142 140.079157631296 0.00013281553665438 1.68673709246513e-06 101.543519873478 514.359466351588 0.0296922587858416 0.532541051159555 0.721787016045702 9.72095289223467 0.016739719897887 0.0430987493334323 0.73589980098712 5.58574328207193
5.71863165950577e-05 1.66159407005688e-05 56.9129685630898 58.8474531919586 639.953529170038 624.735559844035 618.494107666686 576.814221795661 15.6201033627403 22.5325017688636 74.0117097745485 63.235990172049 64.6594924633692 NA NA NA NA 0.000297943818158234 0.00570524671489224 273.152633811484 385.995821105278 0.00972426271878097 0.0118314060470283 320.7256773658 608.463797414563 1.38326528815097e-05 0.290025557118738 38.9098938621586 29.5500573588321 0.411652982521898 0.261157573676648 123.724930050801 36.1091128878678
1.7522826138081e-05 4.0958236184526 6.15387691369376 6.57735136403111 179.691122430729 183.488062488987 201.328515385652 148.995183681793 1.88246626206596 5.87911709493429 9.92902888562032 9.02254122361264 7.59010512059043 NA NA NA NA 6.98913879400502e-08 3.15732040193225 9.112764597295 19.6811606998302 0.0181842107591918 0.411344363124912 8.27930937201549 91.6625395523744 6.93445493386614e-08 0.0665013346322982 0.698208027133212 0.540349080923809 0.00758354250365773 0.0396048096269982 0.668405986648895 1.68322993748645
3.18744494748024e-61 0.0174553251698005 13.2428405671008 7.85467997631163 520.302631470448 444.974481440084 491.176854711379 421.841471698984 0.771327366428257 5.79435494201425 11.3381721513067 16.7894109839126 13.4981407863311 NA NA NA NA 2.04891224259504e-24 0.0197832234681432 53.436791108324 82.7701819676503 1.86332691739795e-58 1.9966560571621e-05 27.131244889134 543.564037347013 8.38930914882317e-14 4.93556050714362e-05 0.00123476989464998 0.384557774731408 2.597058414717e-28 1.85192725755134e-05 1.43791266377653 0.86961701984645
3.07861219514856e-46 8.85827578454687e-05 5.2734114511248 7.11371066487458 522.937009673395 557.963572000314 571.16207832131 444.166460144484 0.25640169682717 3.15514507471115 8.3576456956803 8.9992304419386 9.39905071709953 NA NA NA NA 1.40523429624897e-73 0.00316136215069631 39.0081627235879 58.4879822322417 0.00135566024352373 3.6928697714957e-05 15.8005323941725 570.474244715571 4.09145128057205e-12 2.84941368182485e-07 0.146788820233377 0.670274449853812 1.20600780343649e-25 0.00222313094295708 0.282440042524262 0.340861768198293
1.88761547198331e-85 0.000300324024465473 9.61448872195766 7.84769546934307 551.345838834309 571.304623549739 501.318684676943 531.434417236065 0.354190964061151 1.76895925081175 8.51464330815726 6.97533477262586 5.64664700741836 NA NA NA NA 4.18998525658398e-22 0.000463727212163903 49.8534320958535 96.0930629685505 1.07610913337679e-101 7.63961109297859e-06 13.9293694085562 578.952594873502 3.98843720648855e-05 5.05945044466743e-11 0.086155602590244 0.524830093536931 5.0847985713636e-29 4.36958404806368e-08 0.0053555660460865 0.389787874365783
0.000106135411113348 0.000793279785481662 31.2380822170563 36.6125667761559 593.152972036329 540.448075901272 577.182137449255 469.394351316481 9.82318699405299 6.44197570792759 42.4310682524279 44.2410993854133 44.4647253649807 NA NA NA NA 0.027044397404821 1.20365527686735e-08 143.663989713033 180.608700704459 0.0136795188192215 2.98273009277684e-07 147.651905942724 560.28670536482 0.0891109757442671 0.126257867369641 20.0620606240586 15.9213273395946 7.87163768627546e-05 3.03770980582608e-12 33.0953503354069 16.8209548857653
61.490027349619 64.5027461778722 100.32230445584 128.982320259133 591.575018955517 594.464916044565 559.778721961205 535.097442420928 77.9938151152256 77.5742683542039 105.564586671431 122.269141274159 125.458135436125 NA NA NA NA 60.4599740990962 66.7982581261584 236.984205955605 378.867817282367 61.4608528145099 56.4104211104075 244.372411394015 563.929182934158 59.6921570684985 63.0540588300422 118.323244118217 107.106170187724 60.0522485816656 63.9888231365248 128.351897900117 125.243773434601
2.29647017951342e-97 6.67727167007908e-05 12.0390663818466 19.0931482471073 472.628782530425 521.323479461274 437.50012946971 398.406834733056 2.32186766426991 2.5308252611713 10.4916101455741 16.3936684137258 15.6461710647301 NA NA NA NA 7.88843996558818e-25 1.44360944208484e-06 47.8849582309306 65.3332620147663 4.63118298621176e-50 2.63971113960318e-05 26.2897767701908 489.160331646146 0.0568359209671512 5.37601422893634e-07 1.67255068308619 1.91814778327815 2.54976575354986e-09 9.78344296504443e-08 5.48251680873927 5.17964249720911
2.47552136404691e-05 8.40272819706071 8.8643079289926 9.04753440769365 295.00934846492 266.69184379088 262.171545029482 214.965738105707 2.51577268816519 8.32373520850999 11.0738207395306 11.5827338847132 12.2008894213544 NA NA NA NA 0.0272068957173198 6.40686364607938 16.3318079178604 33.1475234476541 0.0279264122178691 2.73521475813274 6.65530605884953 141.808595248163 0.0249865924076346 0.0301718429861305 0.138179038409552 3.62571000020834 0.00487668582397578 0.0349744916531181 0.818070377822025 1.52193405322924
9.91473276200729e-61 0.00123861936990046 17.8761978616157 20.5618764233406 563.809081350881 556.630796436093 574.43049086957 509.47503977771 1.07174811848732 10.1517168159075 28.9071258094431 28.6698387062046 19.5402014589394 NA NA NA NA 4.40498160298085e-10 0.0143586847131292 137.861030216992 133.37970486882 2.34494117240883e-06 4.88231209432246e-08 77.6463118717761 587.330507306845 1.09659464376213e-12 2.53374981222989e-05 1.43156794137521 3.14986823291338 5.71541007672892e-84 2.45444832187963e-10 3.64298449687346 0.335187041937137
6.21930190399074e-126 0.0471886228086122 18.8121245008261 26.567775506718 572.534772358308 550.01107246002 550.001910024376 543.639155038544 2.46471780224232 8.22961315983198 25.0888184805575 25.8739038909012 26.0466486204853 NA NA NA NA 4.53569955488278e-15 1.17737925101022e-08 99.4323655782552 116.467667489491 1.54193708651448e-49 1.05003421409721e-07 73.0258120145301 585.302673858607 2.91664717275491e-23 3.83064092425242e-09 1.47554054479041 3.27951771720246 3.88280905918646e-41 1.96688012595121e-05 7.91530699103852 5.98175320186633
0.0105386190909784 0.000774831596201486 44.3854043241124 43.9385599551178 605.518198665637 581.357186770884 580.890039980798 579.017598573527 8.98879670101853 15.9022560183001 48.984544671837 68.6122065202333 56.6665326578912 NA NA NA NA 0.158150817735679 0.000248323546621543 289.498094270243 240.664187187211 1.18852170705406 0.00027204060670379 199.73120758971 594.741993140061 1.37154708198241e-07 0.502572386651176 17.9828699715566 23.7762806761363 0.603536290639413 0.0614080387817739 24.9159239429185 18.5668101943559
4.8989823642781e-08 0.00302311338147352 32.2976349307345 41.9043104066656 606.332674894826 616.4086953128 595.896115220652 537.390670667229 9.58085351240279 9.87076635803466 46.328821198203 44.1159101295039 42.753214012883 NA NA NA NA 0.022123755128699 1.84555648517658e-07 205.074889914208 197.250666430138 0.000406429731766463 0.00756995421810431 180.431573891734 579.386548317416 0.00220544848010619 0.925434546650185 17.1917768809068 14.3935282165936 0.121740418787891 0.00313306564082793 0.238842662948277 13.1510332476969
0.000143745331361061 119.668840871268 118.640630953754 120.862234559561 531.256115860009 521.825462350398 523.769636798679 473.742633477245 51.9878857701321 125.234266126589 134.359628320612 125.895827201981 92.3459894200489 NA NA NA NA 0.00322381592983274 123.7387063698 241.729572550374 212.780950573215 0.00706872866031752 114.547965287661 119.647263232621 489.574424883527 2.75173563393351 0.359347620183048 84.4721818438244 50.8710913867877 0.905235865737516 28.1731689491723 24.5889013469336 81.7669495971369
0.0142088280254235 6.1858200878267 7.65806903887832 8.91290902915313 180.052107443231 206.453331937526 191.785308874239 189.530069888333 1.92874085374148 7.36399128904477 9.80201991288486 10.4090633048587 11.4169714573823 NA NA NA NA 0.00139073736870336 3.67116034115965 11.5553569195929 28.1892709142323 0.00423028250463123 1.7793498414676 5.22568389749889 104.533388687525 0.0499741527930479 0.231160517026876 0.683604955110394 1.79544625700248 0.0225923349632291 0.512259261512498 3.40140422136004 2.88258668359216
0.00256251072015241 1.22156089030463 1.81375713987911 2.16648636480125 179.466724219052 169.371461909625 160.206002636639 144.843400880265 1.08213451917227 0.493388828498673 2.32995337154511 2.88961518625897 2.14605569973185 NA NA NA NA 3.7359700272198e-19 0.333616989152667 2.53606085109098 8.52653893797119 3.28263055989914e-25 0.0402056082973265 1.42775411432206 58.6953948271537 1.85005758665613e-08 2.19624688001148e-07 0.00740917521738335 0.165585712813569 3.56708804309161e-18 3.08566661775049e-08 0.00815222576229949 0.0873181283920173
0.00273918840758261 7.69181823170705 7.62221384590102 8.45857474350416 212.865070489837 200.427644739923 221.07533208951 216.783421656897 2.2903692361334 7.35093624884532 9.01553398122542 9.19336020576938 9.3341371829402 NA NA NA NA 0.0196444807675318 3.82979676364106 9.64372479895477 24.0643233272497 0.0301054015704536 0.3033101130316 1.93984701748105 124.637643575732 0.0306455913157248 0.0494473052192633 0.803755672261819 4.05207322529465 0.0311826677347311 0.0206972733328133 0.245005782515267 2.12928734990704
0.00823591954478856 0.00318262369892696 10.6985083791795 13.3148368469916 317.117373607433 290.023708487269 314.264425911194 277.969837582623 5.15407863780074 2.78533034089534 13.0307642534302 14.9462272256284 14.8944424727188 NA NA NA NA 0.108420787967422 4.83789487910005 27.0440354235298 48.3032941392404 0.00109928295720086 3.41909508350049e-07 8.27193313078809 287.767429368508 0.0700080923071878 0.000240952069507117 1.20528652250111 1.88270195542603 0.0689905734759986 0.565878656818065 5.13843296514908 2.44497931242139
0.00246878728710015 0.00014787832475332 16.623872081981 14.2484641368826 404.4539703094 404.924137739788 438.21012224076 370.196665934447 2.58226476136276 8.14045448150281 16.4402044509961 19.0756351672251 15.7833573553835 NA NA NA NA 5.08407630337593e-08 0.000105902604249911 44.2114312253007 63.4675957647954 0.0214934025914977 3.65447315749692e-07 29.9400238262166 469.975350858257 0.0639008910844739 0.244852636962016 6.41148088141979 3.89265267449324 0.000280913223399798 0.0150985073388015 0.357316502875325 8.52936373013548
0.1941490780877 1.9350451932386e-08 34.575063072769 33.6896704749433 621.482567674978 511.34493731304 561.427854341371 518.141486801862 6.67760005415162 13.5754297187089 33.3320840586039 39.7853393077573 28.7732005226125 NA NA NA NA 0.0614398766769677 6.79748904675698e-07 177.513808247006 204.456785163106 0.00332152499898183 0.00190435398172599 120.543139362723 588.117808534629 1.39718989704606e-05 0.0882815971324681 9.83454356641239 11.7929987812012 0.0520430536041994 0.24709522843842 28.9178093559696 18.6771599391374
1.42351375022326e-141 0.000372842271978165 81.3149933970384 85.119658771358 640.949359552707 649.312127210997 564.629701200768 579.281320573248 47.3647825992497 53.4393341468368 94.2125199570674 101.021560173874 108.863075633804 NA NA NA NA 5.88697032309051e-28 0.0221457843951632 262.216230754386 376.671876092396 6.97518510993529e-48 0.000348073522336273 256.528851086738 592.537314911885 5.94076473214343e-176 0.000469313084295108 72.4954934327578 48.1990382743942 3.29389496110696e-23 0.00383027749284973 137.595529820902 76.1157046375683
0.00123758822248523 0.0020822134822887 14.9541412058392 17.9848159805171 464.413809209603 479.403465591147 427.300939277932 336.186152141215 5.82371841992254 2.7348293795385 16.2040002068639 17.7920895187051 16.0231380113929 NA NA NA NA 0.000169174237537251 0.00554072820752139 51.2289121955292 64.5602718416834 3.73066888704301e-14 6.69042145246417e-06 34.0505575438492 476.339324166034 5.46798112487061e-05 0.00330820160015044 1.30486126740034 6.65225730027045 0.0276966662261055 0.0351572183136985 0.943509393957725 6.96500302702532
210.739749511382 209.960290738722 254.978838168291 254.24924460883 652.693906127628 633.538807172121 597.210365823203 583.890256229833 222.775547678812 222.262342817408 254.783342376672 262.525187144037 267.716124847119 NA NA NA NA 213.61311724854 212.128901861815 413.26349273221 533.626844824685 88.6017780291649 0.00555989876042224 437.326959998729 609.401151210992 213.460433855266 168.731874732758 302.381676372294 254.931435644263 84.4532663690863 209.321549849424 479.861476246168 281.736623516287
4.5201046945851e-07 0.000894016207394902 21.1348405771836 21.7916532376411 488.027745153726 423.800063330291 435.32005313647 425.387648597732 4.933904796085 3.34629338900185 29.1648559515724 24.4715585492642 20.313162142946 NA NA NA NA 0.0269366122314873 7.50464113188152e-05 69.9783744703321 96.690619374755 0.0238179914071265 7.51424353734224e-07 54.2550452525027 505.022184781276 8.04100527813925e-05 0.0713637210467686 6.1787306818076 12.5878833784764 0.0128817481934151 2.52041954589557e-08 12.7119558439581 9.51241116749179
2.29555479090785e-08 0.922575986672684 1.43280581968399 1.64198689732452 134.781497476158 135.840862077373 129.695781809725 135.536411032188 0.730861586512342 1.60633776391976 2.3805426359396 2.17312245425278 2.27018377040543 NA NA NA NA 1.4686015251809e-10 0.348167396420104 2.2065206438341 7.12279433701692 1.54307856153621e-10 0.000114241720372216 0.253513089868483 47.1673275792709 2.67146197632311e-25 6.61082773822349e-05 0.00246154029828096 0.0273656193458031 5.82686490325887e-37 6.30195250468456e-11 0.00641293151396531 0.0059156113003772
1.6849965777882e-81 0.00197283285310318 20.5400546748559 17.8401058814661 615.088975651739 619.663231684472 565.509492215612 537.391034900371 0.825948031901351 7.15584276447772 26.2029375868325 25.0511863624286 25.2931750806692 NA NA NA NA 6.31209286814874e-13 0.016578972514736 141.147158593166 200.26593454228 8.98934364428124e-13 6.29763235478506e-06 108.743619655954 576.532652496541 1.70655684266016e-17 1.11246726669105e-07 2.05197828412848 3.34865030638691 9.90956868180022e-72 4.53936651667346e-08 3.29150866307501 1.97207461015227
1.11231622640788e-05 0.00786804825204974 44.1032710704908 45.3403055396912 525.314680045347 515.12104769407 494.586425356044 435.807674224502 11.5076747596359 9.6674483682598 51.9763482942624 55.1596993843381 41.1885584928103 NA NA NA NA 0.0194842286705007 7.51175137680953e-05 151.657545518036 194.94892008671 0.0345936151211567 22.7989885075395 145.332563225716 490.908266519498 0.0138211521116785 1.02026321606745 2.42561632892515 28.1832119783204 0.00813899115391773 0.00202967937076779 5.15184475570069 9.89512288922243
3.81830033672242e-06 6.78557171208058 7.60977744290949 8.62655123970032 281.025744402587 233.901484235685 269.518119660678 203.802634077085 2.25246611500441 7.9644436373282 11.49233929472 11.6713593104514 10.0472311225528 NA NA NA NA 0.00491700767187614 4.75811647265636 12.3245893385846 25.2485260435544 0.00519551654703011 0.502383422992729 5.26182641610946 161.513832305087 0.0181840415145647 0.0550477647645619 0.361096834286442 1.10264368787456 0.00124286443506862 0.110355940924137 3.07160205090914 1.42189650912109
0.001916095724853 14.4413160945087 17.5551084553648 12.121049581605 419.918905198251 408.984139717262 415.96626609763 381.287701952036 6.19118623536951 21.3204609544118 18.866742973613 18.1725119234898 18.2861053115698 NA NA NA NA 0.0350783594827909 18.3677371673301 26.6179884462497 54.1400112808967 0.00450161747749829 1.33258521214548 23.5173256146897 394.359614668162 0.012704127471295 0.00702777017485554 11.0454801084374 7.87776359881874 0.0291228298591611 0.00994577744684964 0.331676863227477 1.88749046296436
0.0207616058601717 18.3478153420441 19.8613570007849 21.0458614687009 191.934832443412 195.737922931498 197.798157082541 180.590446280758 11.2866618480123 20.3251422082328 22.4528166476433 22.210949460443 21.2129680928051 NA NA NA NA 0.658736782372302 15.38762299821 24.6665681128801 40.7830785587693 0.252486218919031 5.52836868991984 12.8351843567904 123.311767290211 0.488460896552665 1.9467536284211 5.47209668719363 13.1558103285085 0.227701472948715 3.54341741861199 3.43110434760442 8.05322990774008
0.0028195185077146 0.0125084079846014 70.4932621659099 61.8884618983305 623.627697051793 648.698109455107 620.3505812408 585.688367996325 16.4905742214382 24.8257100412838 57.7351390010385 73.0744887042716 64.3867290581571 NA NA NA NA 0.0136535352577561 5.41575540562925e-05 310.840730829326 279.408659715266 0.000527384066525508 0.00274563076284112 333.357929136736 605.418879269847 0.0340214330376231 0.0567977135054541 24.9469635166022 9.17868719244473 0.000848020021802396 0.0435746868495074 11.8260649181222 31.5776390662785
0.0052611030224832 0.00852274445979528 10.3471780254552 11.5118050904789 291.917805240384 252.514836817197 256.790699654 252.822607683593 2.27895191592152 11.7303893709133 14.7788147396922 12.0982905544724 10.3248567643305 NA NA NA NA 0.0865198298334447 6.15412278159982 17.4092406213908 33.9069291793157 0.0120172343080854 3.89127843378231 6.44063680489627 153.401263700802 0.00295765035977573 0.0798434042113715 0.794725728233241 0.782679984413531 3.79427029602139e-07 0.49564592930472 1.19840056480223 0.556344517699219
0.00914166155968618 7.75324676994058 8.60019310695699 12.5589376992316 253.071784803192 236.557485321776 233.946112810883 214.729953495493 3.44766940620999 3.06231290618008 12.4229746645029 15.0188121760737 12.9562143353355 NA NA NA NA 7.3323658508353e-40 5.40829204687648 21.6068921117271 36.3713683141916 0.00211285642689145 2.60471998456603 7.04790314277615 162.18954578252 0.0193728290993494 0.370746822526134 0.85588759902454 2.14775566922057 5.20062668436374e-06 0.0322458541848922 1.25894322519052 4.78075726189685
0.0196135626884254 0.0131039096533227 24.056229957092 26.2091141038044 404.242280011036 361.162929932683 387.92037260312 400.836203863662 6.95103532659207 10.8822708777301 31.0273123392019 32.6216968500422 30.7903353634611 NA NA NA NA 0.0014377148302494 0.00540286899087016 54.5634230813045 83.653140554204 0.00198573264207942 0.0104609212538242 43.7745703843625 378.075612081202 0.0457718283860497 0.955641561829675 2.20844527399576 11.5368240440275 0.0871455791073897 2.92153344411195 12.5469576624411 5.20034536295396
0.00203917648718791 0.00111258203724476 8.03636190364853 11.596071015394 388.47514395437 479.423535794043 362.361630662661 371.57308031224 1.84708089928604 4.97566380541354 13.5705528257994 15.5284866798444 15.9106020405217 NA NA NA NA 0.0676352889730558 0.0105346917456931 24.25681689458 43.485709179829 0.0174125782253614 0.00191149529540478 19.9148517233469 371.908863394477 0.027441772613679 0.0129710462434703 0.337574631135397 1.92248389931681 0.000688566381821576 0.0262802629554368 0.800912918165827 1.79791508600553
0.00575866341995335 0.00456845608505283 18.134554043215 16.0146811168414 368.782596000508 327.25076226281 351.425578111778 415.860696082458 5.28301369734988 5.27986771438174 22.3877574272288 20.0599706873718 19.5256823959294 NA NA NA NA 0.00803001311721467 0.000200358884458126 42.9123389307456 63.9411573059854 0.0866572877767342 5.0482500492376 32.3901471967145 377.069901927855 0.00098641824879943 1.05150283301989 6.77017372320087 3.6827107981159 0.00808962223962436 0.513882433768477 6.01166777467378 2.22738895631325
0.014209666021242 0.00041892512444615 62.7007139873294 67.0439078496708 621.527423973033 638.405442015731 562.026990875398 562.55785958543 21.5039582248555 18.0505345490924 73.5954509289732 74.7262836499493 66.9490261427265 NA NA NA NA 0.000139870779156538 2.15282162154964e-08 284.974508444803 352.480942111711 0.141677485888018 0.00115583417690512 234.030084967003 597.684315818441 0.25686811218789 0.30740368800181 44.915742159387 33.6714800801637 0.174274426692037 0.212044634541406 76.9671683023787 35.1319358223847
0.0185941475353719 28.1869029519477 33.9949044044175 34.9541639982117 297.421245113406 299.77232571234 287.266679433456 294.040789197311 12.1841335150304 45.6505796389288 43.8077515613107 45.327386858268 37.7214377280585 NA NA NA NA 0.00207656993504503 29.6239240172542 50.1718769798817 89.9405102996016 0.0125872026563833 16.5103753557729 30.2938889869 237.314475409993 0.0192558681299214 6.19976548949522e-06 5.66823810346886 18.4758729929649 0.00382793465664112 0.00569413875778708 8.87939463940569 17.9096100950445
1.04970330075912e-210 0.00164034037473527 1.56782835058973 2.14397669744306 269.646568930297 256.089146533122 340.464059110689 219.945197408626 0.161540839751661 0.734461569074443 3.00944234592855 2.84903574021995 2.88430971329849 NA NA NA NA 2.32484782386626e-24 0.00272662530580481 3.84520275652496 11.0554945095762 8.19690290170968e-65 0.0259825417394099 0.305160091542173 187.953657641087 2.30553236140636e-33 0.000204815441213076 0.0897027687686333 0.238604592547197 5.35271210987734e-62 0.000174110224675855 0.00329957885127556 0.354770289918131
0.00124369297116526 33.6299994350204 25.3311111498675 33.4714380102765 428.511804471679 489.545947853369 416.198211847985 437.647116365919 8.41558160634106 45.5202653829365 29.0083050232304 35.1373000560824 34.1918042665065 NA NA NA NA 0.00227052943502873 32.066841851248 44.2906837707173 107.739758073889 0.0216313335592632 0.00853886299737796 63.209484872246 412.523734929961 9.70756792120126e-05 1.90948278718722 11.3980708213933 16.0145983132254 0.0113782149463842 0.0496355067656788 4.71007550105811 2.04174622343193
0.0329786973924396 0.0412067350219141 25.1072216073128 26.3544911112169 539.608007737922 526.829722259366 512.340017893214 456.200410416045 5.55696796098396 35.6465997140227 29.8940353109574 31.4180642814352 29.9788384892662 NA NA NA NA 2.34353687725343e-07 0.000113854542002676 74.4545646931927 105.29024097657 0.0931110717240386 6.32669233080076 71.3198622758568 506.761641998743 0.101754180435448 0.910347538517386 10.7165906159177 12.2528420184628 2.6496194299433e-29 0.146992846709248 2.70475762212842 12.8880931890256
4.06189320113594e-109 0.000112104786685777 7.42751264165606 14.6563484261266 625.500404707681 616.780949025094 503.58037080686 545.20219930738 0.174630815357026 2.57616072398588 11.741842153545 16.9736294131695 5.95376843242203 NA NA NA NA 2.24727062141023e-26 0.000173788208747253 120.957635193404 100.778298806236 1.66154991273596e-31 0.00345316482724377 72.9924529593906 589.287335477732 1.79788115108217e-19 2.64502373672151e-22 1.55935213188557 0.639683870323533 4.06403466893085e-46 0.00131635968835672 0.311515036519643 0.503426331927488
3.08394484574271e-60 1.01228655565498e-06 8.05720104895818 9.57340239859887 334.038828801945 286.098994461436 350.645755842395 371.768877540446 2.37555097594501 4.56830517950055 10.5129651980648 12.5342849196017 9.84405684668877 NA NA NA NA 4.43592664379424e-07 0.00585165341410439 20.9324009411737 40.4444467777261 1.50270667528613e-06 0.00144477603777598 12.436498449175 373.310954368774 4.94152039716651e-14 0.00377351508565259 2.1642619684272 3.2531511630135 1.46890173119554e-38 0.00237780790626388 3.17141692865892 3.44224660253999
0.00226113570479981 11.3707723895568 12.1018837520545 12.9441769193544 319.066189022279 297.090299318714 282.089871226265 265.267863228673 3.66087345361952 16.4848131799803 16.8338982419652 17.5293245147038 12.2917397135586 NA NA NA NA 0.0261214623641581 10.1051166168959 32.4017627510302 40.4358829040556 0.0507724033128711 0.514940754423786 21.1468197393666 233.559190270975 0.0619918107457958 0.0635260607788602 1.20412607979293 4.01293437553636 0.247462168167028 0.900697014067029 1.67248617939039 5.17669719429831
0.00153085466377588 4.97441171436935 7.18211111282859 7.67097600633101 172.32591031569 205.017678878297 210.427962679664 185.318761270603 10.1138953196248 6.69362562208912 8.541469552072 10.9569820286356 7.48142994601986 NA NA NA NA 0.00532543574980623 3.34221097431088 9.81840641067454 23.4027291719574 0.00922455096377712 0.307526019398609 4.51665434244926 103.680830201554 0.0301297610408188 0.066920588784898 0.289015359154877 1.33299308431987 0.00237562152020536 0.371502958581207 0.426681298908249 4.35626705830656
1.27087711699587e-117 0.00498985420275216 2.132563821733 2.72092194107335 357.313888835295 385.606880405718 298.192822758971 266.245673643681 0.103684306700748 0.958088538995618 2.48073085253439 3.71534490743997 3.65103520380024 NA NA NA NA 1.53591395042153e-14 0.00427362047494617 4.55094427857211 13.7937725195358 1.91608841334316e-33 0.00813827568103103 1.47078354843776 259.265125865152 1.48642636850671e-25 2.885186563721e-19 0.0044617181873477 0.0992969873678963 1.68402301775972e-19 7.78387105519254e-06 0.0679375835055187 0.0037615721429441
0.00206145672623294 5.69446321561243 8.14335770335894 8.47171767132091 246.114306338117 241.305808530125 188.710984863842 182.603419599654 2.20227061058929 7.8113638808573 8.33545982740533 11.0900250260283 8.04362189731656 NA NA NA NA 0.0164256367875057 4.40359617167368 14.9142130099414 26.9527502082777 0.00524971094199545 0.444794017193379 4.50820825342639 117.357570300551 0.038046987059112 0.0194753523880303 0.30180681297982 3.08676665269895 8.77616736316122e-05 0.0362482438825514 3.02709074384275 1.733408751561
1.84779496300018e-05 0.00454097414694769 36.3283725070443 38.3116750181052 529.955022207582 560.598540197919 555.123170661116 491.218266035123 9.97517167814329 25.4144830802723 40.7472878693286 42.5343191036487 41.3518093468578 NA NA NA NA 0.0374460226726214 0.00112824140849005 166.66634934832 155.783225361236 2.03407644419085e-05 5.90502482038745e-09 113.775853533091 552.417554188481 0.0530195591156791 0.606912221119546 22.6497269826996 19.4111063767218 0.0626531707146342 0.00414116850195081 45.6473737797757 27.0550982616115
20.733670343886 27.183598037677 35.911476261087 39.7030602538202 519.336520955798 517.134490412913 490.272044387041 424.137356112283 27.9576493400837 31.3976725391765 40.9722617176384 49.456690826101 43.1500904457797 NA NA NA NA 19.1222170987785 1.52385697890471 97.4547721878313 136.748703141943 9.38470495440854 28.4023369149569 79.9884457353847 515.913682418492 20.6607654867458 16.8144890405548 33.7117957886584 43.0258673728001 8.07128458024945 25.3491908680252 39.1021512300241 35.2583477600033
5.87738462131332e-06 0.00483679399060443 43.6402461824546 46.12870658956 536.40064229035 528.156048963321 521.77955628192 542.963941534992 9.94145538843436 8.94434354093962 52.1215486479444 61.1951499660269 47.4142804507467 NA NA NA NA 7.75555019525543e-07 0.000660711874805514 176.931660596203 203.730384949509 0.000897459130849414 0.000113661079394038 145.168194177441 572.480244233003 0.0127465548827939 0.447627643332101 15.9103284656089 15.7658858296003 0.0525635411544936 1.05863124232823e-07 27.3872560925186 14.6407927818276
1.8120967626908e-68 1.41433241573638 1.68050675279756 1.89926021529305 223.573843822394 241.497819602906 200.29575831015 180.133736579201 0.236104859457688 0.909905539508708 3.32324068168983 2.83286298988869 1.8907545788178 NA NA NA NA 4.91051751296137e-40 2.97338156860199e-14 2.65927503198371 12.419506784551 1.05136998622705e-42 0.0205735244091148 1.28625064909337 86.0957325891334 9.66527687415494e-27 5.1390708512694e-12 0.0428769336071954 0.229630448498436 3.46665489987948e-95 1.30619203649034e-10 0.000367950699606301 0.00847289676536423
0.000519773928503532 5.54513224822842e-05 6.52969575423395 7.6467625487811 255.232890427909 180.672468242039 173.494261538442 178.186591869529 12.3403795169142 9.15539300459039 10.4366714105331 10.0918841490419 8.67386744637729 NA NA NA NA 0.0396319008496112 3.58785164058318 11.1827383252445 24.1889910751866 0.00164191114240023 2.06671476198833 4.97395487476048 123.386834094103 0.0153880601715849 0.0443055651326989 1.09398429638297 1.7424671458907 7.87322975270717e-10 0.670718674706348 1.0060785971362 3.16487481074061
0.000550036363333686 8.34974713676814 13.0924776477818 12.2351285826795 442.969001013983 363.803778176252 395.129916029801 325.707098565849 2.98428827227369 3.06463996494973 15.4488814900461 14.8601011134506 10.874925310737 NA NA NA NA 0.00734013492018397 6.58845957629371 16.7635806034253 44.8841565583789 0.000875235875696794 0.441762919394612 6.35476255594423 315.160692410802 1.02998074613898e-05 0.000990835661054615 1.43518616867146 7.48611004152917 0.000142880878037666 0.975854736877184 1.45798050122497 0.755293150257012
1.58617115111042e-35 0.00108717112149355 5.90106449041626 5.28779417457835 513.799134751518 552.232571898799 466.271182222953 451.316262069701 0.62053230022061 1.80677475877038 7.61639990027739 7.88498021250527 7.29546625009274 NA NA NA NA 8.48731719440835e-29 6.25097351666763e-05 39.5594609603398 60.6495759953437 8.92532393573952e-95 0.00587290463836722 9.54996300841093 559.68526395438 2.14518809862999e-28 0.00057024059881036 0.000368152053239774 0.19185552936081 5.10499523580148e-25 4.99851229064669e-07 0.14195919395729 0.217064686725143
0.00139923753177654 6.21953418371874 9.52350139350831 9.13682910978588 259.197771319535 277.417099293366 232.155377541112 240.919482700114 1.88619580424906 9.55720326702516 10.3095479127332 12.0983516907635 9.75629167529711 NA NA NA NA 0.0108556609755192 5.05687774109379 11.7997400058399 29.2215982884567 0.0170518877093132 0.468340575770023 11.4792325390259 176.599317904792 0.0196885536447932 0.0489689752823404 0.816866991886542 2.37425538268725 0.0229805986232902 0.0216409923619172 0.222370194942505 3.39004639358734
0.000629761576852433 7.61765834467936 11.0585701022398 13.6631856405816 301.414539678258 293.694136540664 305.813630362506 286.60641166507 3.73132477358987 4.31204390401635 12.7011906060075 14.9294413899722 13.968638931782 NA NA NA NA 0.0374119703051066 0.00156917727211423 22.4216310664454 40.6617840401549 0.0382077358045214 0.00150005110307566 8.10032397657587 296.616920011806 0.00129749179252461 0.346153783898171 1.43147929600916 6.77340812499414 3.55907739851134e-08 0.021542777511102 0.78431413528935 6.35876362346853
1.31274434094777e-55 0.00145870026077691 5.08403578320153 3.85884853402251 530.209290475605 494.810550464681 531.594796294401 488.549647131429 0.488129745962152 1.22167696575932 4.72022435866656 7.9062499766381 5.91425759717123 NA NA NA NA 2.26972222144203e-18 0.00286031932278727 25.9887140985001 52.3285419173164 3.06823962503668e-26 9.83916067804345e-06 58.7538680725714 558.36167750763 1.96960160548077e-24 0.000270627606702566 0.110902967166017 0.969374460354002 1.08100592297334e-16 0.000538716603516815 0.774983203366131 0.210148885765476
0.00314919569659785 24.5558000604846 24.686185632187 27.7231365029374 373.996977009902 361.172592987843 357.818087532937 339.780696021363 10.2097822052585 29.9788586387674 29.8397488593509 32.4447226641933 31.7574669757568 NA NA NA NA 0.0195914838766564 18.4898904500008 41.2257296891356 96.8423569272598 0.000226267043069577 0.00223583739367792 47.6710912669064 291.817186332132 0.00367732854798168 1.19951188103607 2.54074628337227 6.07254056301254 0.00702165364898275 2.32745164197294 5.35712059393135 3.94971305143079
5.00253250633508e-26 1.75322467277294 2.56216871846225 3.07769273625622 219.759464404917 171.456996539392 200.389037509904 179.863239650281 1.53975168392505 3.47644363220869 3.63832285696536 3.9573395958827 2.82603875378864 NA NA NA NA 2.15081770865188e-21 0.310962882559293 4.99107725261911 12.1393726060664 1.54212138762768e-15 0.0312223847863611 0.617011326698514 76.386524058865 2.40630729511893e-09 9.29160054768046e-09 0.208882331813742 0.478453958532002 2.37673533282149e-41 3.0131898957859e-07 0.00520206793127782 0.0709579697757222
0.0150833869439455 0.00434073561826099 12.5550579084712 16.5750023240088 396.355019804072 485.497133390335 370.939819988038 420.558673898169 4.80012512407761 3.9272882940529 15.9360521989623 17.0974115591409 17.2370974493576 NA NA NA NA 1.51512075806469e-26 1.48896169560775e-05 43.2083310991937 59.7375734457413 3.18688995552541e-65 0.0126380583075268 33.5750334877917 412.064740154942 0.00012875113222377 0.871429000765734 0.0141311893627346 4.71884945192379 0.0491799444852285 7.4203799752403e-05 2.01541963568698 5.55332411681296
0.00391202266823996 5.36923026760644 7.11673234592965 9.17158770386867 233.039286407723 211.439113191537 231.739544358044 224.108834490641 2.26809741183628 9.1430041887971 10.7621868096306 10.5662513512856 9.50051061670853 NA NA NA NA 0.00970858382615878 3.97700461605304 12.2429169465513 23.5949261026539 0.000143200281814539 0.000508358308497172 5.03477834742891 129.526870547927 0.000124993221108983 0.017577937795506 1.40158053685379 2.60909820236813 6.05334841166111e-08 0.466326234937832 1.14398870322006 2.38695307436909
0.0057219057999267 15.5251832507974 18.5195972161441 18.9602610394235 292.104780473605 293.615323131257 318.792593813478 321.916340472628 4.2515965962612 18.6585168105535 18.2596770630741 21.4044377683256 17.3773126128465 NA NA NA NA 0.0148006556261906 14.6369737092635 22.4944966817079 62.1031021566789 0.00877319167753271 5.72646716747748 33.4630080538424 274.689626061945 0.0214013443116193 0.318712785660928 2.20046202323839 2.33579386774451 0.000673049541987322 0.356608535613087 8.14437690501848 7.76475508460949
0.00443739232091135 5.52372277604273 9.05559775326677 9.93075837341726 268.49610485305 290.3295637585 289.492126486792 214.413067096733 2.54867002628131 9.46663178595418 11.0487225587308 10.7655486479868 9.00345825972568 NA NA NA NA 0.0112057926472911 0.000716607444841043 16.0984156501226 31.5022392457713 0.0325465699588253 0.000163538016768536 7.39673540919448 198.853607466259 0.0141523266712891 0.236856487895829 0.866428146231677 2.24890049136284 0.00506767433026271 0.229554355106906 2.81088809479764 1.43370452131475
0.00464164020301164 9.60592778866751e-10 30.6194810084177 21.4677932304203 503.847487632909 446.873009169369 502.719733882954 471.308689341386 8.10009390125444 3.37251358406449 32.7174997522926 27.0258296853362 26.4343956113744 NA NA NA NA 2.96941773463713e-06 5.46247913682729e-06 86.3506498178342 89.6692062678986 1.50543651343358e-07 0.000500611888704375 10.9229156351008 522.367631112461 5.39230285576911e-05 0.0869567720347178 5.81120807846146 3.16709299015394 0.0300092072496877 0.123147111442131 0.13206760225942 4.46529945940593
0.00282541425265954 6.29424569472143e-06 44.4390548214014 47.8271187038645 622.928396044018 570.712626042553 566.897147541091 541.993983166381 7.61328852727173 17.7802400869709 52.0565059758843 55.9342001503895 62.0152530240999 NA NA NA NA 0.00853421011091862 0.0275681317418382 225.840680795332 264.034764496646 1.36752035472954 0.00246682961256662 225.9522040507 591.251589058019 0.0322550859756749 0.00210982003431157 34.3678033789144 24.5658965034254 0.0169776508396901 0.244122084190384 0.273696158683333 23.6959978983697
8.22584279876071e-05 7.23637606391011 5.51851414914263 7.23152147911394 130.124629367225 165.856324969041 175.471787950905 166.906368173118 9.2971652443437 8.80134415352532 9.17860300612834 7.95193607569568 7.80658553705773 NA NA NA NA 2.39644502389223e-06 2.99472975531487 9.28071997259616 18.4232371655649 0.0160276493524073 1.82219477372995 2.20356653992246 86.3159028113372 0.0461704970964506 0.0108049280619835 0.168418274153197 1.74730359192299 6.67600852521837e-15 0.0370264559764754 0.111905238225747 0.426473795705716
