"U_1_Gam_alpha2F" "U_2_Gam_alpha2F" "U_5_Gam_alpha2F" "U_10_Gam_alpha2F" "U_1_Gam_alpha1F" "U_2_Gam_alpha1F" "U_5_Gam_alpha1F" "U_10_Gam_alpha1F" "U_1_Gam" "U_2_Gam" "U_5_Gam" "U_10_Gam" "Sylvia_Sparse" "FM_RevJump" "MBC" "DPM" "FM_Raffaele" "U_1_PC_alpha2F_01" "U_2_PC_alpha2F_01" "U_5_PC_alpha2F_01" "U_10_PC_alpha2F_01" "U_1_Gam_ProbKp_01" "U_2_Gam_ProbKp_01" "U_5_Gam_ProbKp_01" "U_10_Gam_ProbKp_01" "U_1_PC_alpha2F_09" "U_2_PC_alpha2F_09" "U_5_PC_alpha2F_09" "U_10_PC_alpha2F_09" "U_1_Gam_ProbKp_09" "U_2_Gam_ProbKp_09" "U_5_Gam_ProbKp_09" "U_10_Gam_ProbKp_09"
1.48219693752374e-319 1.48219693752374e-319 1.48219693752374e-319 0.00754561958738213 249.937530670621 250.755595866975 223.995789668245 214.140210365112 9.53899583982036 11.6149420500439 11.0394417134928 12.2738435036698 28.3257999009427 NA NA NA NA 1.48219693752374e-319 1.48219693752374e-319 1.48219693752374e-319 4.07694486406457e-13 1.48219693752374e-319 1.48219693752374e-319 1.48219693752374e-319 0.000179121767005197 1.48219693752374e-319 1.48219693752374e-319 1.48219693752374e-319 0.000111137580001347 1.48219693752374e-319 1.48219693752374e-319 1.48219693752374e-319 0.000164311597073196
1.48219693752374e-319 1.48219693752374e-319 1.48219693752374e-319 0.00057374947511063 238.077603827642 253.946837652032 228.942837454929 211.082252019237 6.4730578686084 14.4722596819955 13.5450977293348 17.988680303262 30.7638624173617 NA NA NA NA 1.48219693752374e-319 1.48219693752374e-319 1.48219693752374e-319 2.45919120147469e-07 1.48219693752374e-319 1.48219693752374e-319 1.48219693752374e-319 0.00669688571557223 1.48219693752374e-319 1.48219693752374e-319 1.48219693752374e-319 1.07984461114005e-08 1.48219693752374e-319 1.48219693752374e-319 1.48219693752374e-319 3.3182938739096e-06
1.48219693752374e-319 1.48219693752374e-319 1.48219693752374e-319 0.00465995159175083 267.477304743157 237.172666072917 237.251114030195 210.035363129435 5.13959854258226 5.41598733200548 12.1451604317574 9.32731640316303 19.3238347572916 NA NA NA NA 1.48219693752374e-319 1.48219693752374e-319 1.48219693752374e-319 0.00170272456674602 1.48219693752374e-319 1.48219693752374e-319 1.48219693752374e-319 7.61743827543048e-06 1.48219693752374e-319 1.48219693752374e-319 1.48219693752374e-319 1.31844334535997e-06 1.48219693752374e-319 1.48219693752374e-319 1.48219693752374e-319 1.00038599543145e-05
1.48219693752374e-319 1.48219693752374e-319 1.48219693752374e-319 4.83491778474237e-06 253.382699455339 239.790141526673 262.568126801756 218.727298817976 5.83607348419268 9.11728858110962 6.52408279792226 3.12650714676683 22.396391314037 NA NA NA NA 1.48219693752374e-319 1.48219693752374e-319 1.48219693752374e-319 3.5225039972121e-12 1.48219693752374e-319 1.48219693752374e-319 1.48219693752374e-319 0.0130939406838601 1.48219693752374e-319 1.48219693752374e-319 1.48219693752374e-319 1.01384625251303e-09 1.48219693752374e-319 1.48219693752374e-319 1.48219693752374e-319 1.24924840458347e-05
1.48219693752374e-319 1.48219693752374e-319 1.48219693752374e-319 5.75624667386968e-06 256.585560103258 266.232931314432 251.761857312955 221.750966035566 10.6086564355394 7.50858447823008 9.41784114226854 10.1756631207342 22.3733146102119 NA NA NA NA 1.48219693752374e-319 1.48219693752374e-319 1.48219693752374e-319 2.87236614747784e-05 1.48219693752374e-319 1.48219693752374e-319 1.48219693752374e-319 2.74547285429258e-05 1.48219693752374e-319 1.48219693752374e-319 1.48219693752374e-319 1.88258014307001e-05 1.48219693752374e-319 1.48219693752374e-319 1.48219693752374e-319 2.82279486777502e-05
1.48219693752374e-319 1.48219693752374e-319 1.48219693752374e-319 1.50708803462741e-07 261.956622208644 235.54417809365 227.316941016261 205.953394228256 4.70126550565544 8.71561088408402 6.79312039608522 9.0885123740403 18.2433331114211 NA NA NA NA 1.48219693752374e-319 1.48219693752374e-319 1.48219693752374e-319 3.15836638340219e-14 1.48219693752374e-319 1.48219693752374e-319 1.48219693752374e-319 0.000195305258903842 1.48219693752374e-319 1.48219693752374e-319 1.48219693752374e-319 1.16364366066912e-07 1.48219693752374e-319 1.48219693752374e-319 1.48219693752374e-319 0.000143690480419756
1.48219693752374e-319 1.48219693752374e-319 1.48219693752374e-319 1.61073142719283e-10 246.416298863655 244.070102983908 229.536159516674 209.473890617605 5.2553548585792 3.90589073484675 3.86234110408564 7.07013304125465 18.4858291362359 NA NA NA NA 1.48219693752374e-319 1.48219693752374e-319 1.48219693752374e-319 6.69400051726769e-07 1.48219693752374e-319 1.48219693752374e-319 1.48219693752374e-319 3.14152227991229e-05 1.48219693752374e-319 1.48219693752374e-319 1.48219693752374e-319 0.000396961953945144 1.48219693752374e-319 1.48219693752374e-319 1.48219693752374e-319 4.34323387092536e-17
1.48219693752374e-319 1.48219693752374e-319 1.48219693752374e-319 2.87524038557765e-05 251.766234785621 267.80584446178 245.13486831846 228.108575085505 1.7443479756417 7.06366412658378 14.6445413692469 17.0866471718286 27.0374588324928 NA NA NA NA 1.48219693752374e-319 1.48219693752374e-319 1.48219693752374e-319 0.00367806164788991 1.48219693752374e-319 1.48219693752374e-319 1.48219693752374e-319 0.000360216320967327 1.48219693752374e-319 1.48219693752374e-319 1.48219693752374e-319 1.0194421205039e-07 1.48219693752374e-319 1.48219693752374e-319 1.48219693752374e-319 7.85593255907629e-17
1.48219693752374e-319 1.48219693752374e-319 1.48219693752374e-319 2.49452998480021e-09 251.144712326785 238.14234596334 194.862950992375 205.243482454399 13.4261816233961 11.8468807538373 17.2230146337463 23.4026344296641 26.6063098476477 NA NA NA NA 1.48219693752374e-319 1.48219693752374e-319 1.48219693752374e-319 0.000128988738831319 1.48219693752374e-319 1.48219693752374e-319 1.48219693752374e-319 7.81130720554697e-10 1.48219693752374e-319 1.48219693752374e-319 1.48219693752374e-319 3.37349214310107e-10 1.48219693752374e-319 1.48219693752374e-319 1.48219693752374e-319 4.86996446551472e-08
1.48219693752374e-319 1.48219693752374e-319 1.48219693752374e-319 0.000917097447816409 247.701236531105 247.750015822881 226.519069335781 218.528394111758 3.60121701565078 4.31420250389546 2.47786150211319 5.51295181190697 23.7273772283757 NA NA NA NA 1.48219693752374e-319 1.48219693752374e-319 1.48219693752374e-319 1.70066974612448e-06 1.48219693752374e-319 1.48219693752374e-319 1.48219693752374e-319 4.04341761011067e-05 1.48219693752374e-319 1.48219693752374e-319 1.48219693752374e-319 0.00263399082551825 1.48219693752374e-319 1.48219693752374e-319 1.48219693752374e-319 0.000384066521562705
1.48219693752374e-319 1.48219693752374e-319 1.48219693752374e-319 7.1302428128984e-15 267.013988582905 251.181525432418 234.510387272225 217.506171991816 8.16110898359504 19.0593962126276 15.6802667997346 15.5191727466274 30.164447359046 NA NA NA NA 1.48219693752374e-319 1.48219693752374e-319 1.48219693752374e-319 0.00114589951788824 1.48219693752374e-319 1.48219693752374e-319 1.48219693752374e-319 0.000368567780419095 1.48219693752374e-319 1.48219693752374e-319 1.48219693752374e-319 0.00260689296205284 1.48219693752374e-319 1.48219693752374e-319 1.48219693752374e-319 5.13571065250338e-05
1.48219693752374e-319 1.48219693752374e-319 1.48219693752374e-319 0.000160500293712316 224.561629821442 222.79360142553 216.210392742942 204.671172098145 0.643477658247437 0.675069549350938 3.57793140333492 7.01037331483384 14.4358904632135 NA NA NA NA 1.48219693752374e-319 1.48219693752374e-319 1.48219693752374e-319 0.000105955393278557 1.48219693752374e-319 1.48219693752374e-319 1.48219693752374e-319 0.0046613498726139 1.48219693752374e-319 1.48219693752374e-319 1.48219693752374e-319 7.52604968579111e-10 1.48219693752374e-319 1.48219693752374e-319 1.48219693752374e-319 3.24017160126666e-05
1.48219693752374e-319 1.48219693752374e-319 1.48219693752374e-319 0.000159355054062074 259.115076411008 239.940780510225 233.149418314627 225.98625615738 9.50318862196176 16.4681053107121 8.96840799663079 18.5620936104118 26.68479979939 NA NA NA NA 1.48219693752374e-319 1.48219693752374e-319 1.48219693752374e-319 2.43914896419347e-11 1.48219693752374e-319 1.48219693752374e-319 1.48219693752374e-319 4.39526881752619e-09 1.48219693752374e-319 1.48219693752374e-319 1.48219693752374e-319 4.28266419917641e-05 1.48219693752374e-319 1.48219693752374e-319 1.48219693752374e-319 1.07721360196047e-06
1.48219693752374e-319 1.48219693752374e-319 1.48219693752374e-319 9.87081798330335e-06 265.064192721872 259.992934963109 244.095384794474 225.160798859784 5.80039889227797 1.27359459422092 0.167920021748644 19.4103892794812 18.8799370789061 NA NA NA NA 1.48219693752374e-319 1.48219693752374e-319 1.48219693752374e-319 0.000149536550157689 1.48219693752374e-319 1.48219693752374e-319 1.48219693752374e-319 0.00253318046826032 1.48219693752374e-319 1.48219693752374e-319 1.48219693752374e-319 4.92672173181276e-12 1.48219693752374e-319 1.48219693752374e-319 1.48219693752374e-319 0.000233036521715513
1.48219693752374e-319 1.48219693752374e-319 1.48219693752374e-319 0.000102442354961709 248.155869480357 222.015943224144 216.994008844311 206.541684984598 10.5815487822367 9.76217972668202 12.7657578947232 11.5822245376176 26.4976038839536 NA NA NA NA 1.48219693752374e-319 1.48219693752374e-319 1.48219693752374e-319 0.000607151155959756 1.48219693752374e-319 1.48219693752374e-319 1.48219693752374e-319 1.320058360517e-06 1.48219693752374e-319 1.48219693752374e-319 1.48219693752374e-319 0.00187520689828641 1.48219693752374e-319 1.48219693752374e-319 1.48219693752374e-319 0.000124998104269009
1.48219693752374e-319 1.48219693752374e-319 1.48219693752374e-319 0.0245684720455808 247.009581968101 259.081923473313 224.698737198294 219.632604180099 2.91121534033777 7.88979171337239 10.085692368735 11.5386784499953 21.5374117817953 NA NA NA NA 1.48219693752374e-319 1.48219693752374e-319 1.48219693752374e-319 0.00145007947987861 1.48219693752374e-319 1.48219693752374e-319 1.48219693752374e-319 0.0183478564584227 1.48219693752374e-319 1.48219693752374e-319 1.48219693752374e-319 1.55495737839202e-05 1.48219693752374e-319 1.48219693752374e-319 1.48219693752374e-319 4.26545875681413e-10
1.48219693752374e-319 1.48219693752374e-319 1.48219693752374e-319 3.25773254190316e-12 230.670140766114 255.413258074171 234.886371749062 215.863903974938 7.09426520177763 7.1625590957865 11.420360585237 27.386403601812 33.6304498010365 NA NA NA NA 1.48219693752374e-319 1.48219693752374e-319 1.48219693752374e-319 8.48038519631095e-07 1.48219693752374e-319 1.48219693752374e-319 1.48219693752374e-319 0.00163623320242801 1.48219693752374e-319 1.48219693752374e-319 1.48219693752374e-319 0.000120814702211584 1.48219693752374e-319 1.48219693752374e-319 1.48219693752374e-319 0.000978414992293794
1.48219693752374e-319 1.48219693752374e-319 1.48219693752374e-319 1.50728843983941e-05 237.45867155751 249.702449469128 237.017479621994 217.683368998076 4.66593325547589 2.19064665704952 5.09542428118541 7.44658786307914 26.3479538333413 NA NA NA NA 1.48219693752374e-319 1.48219693752374e-319 1.48219693752374e-319 0.000293516945212754 1.48219693752374e-319 1.48219693752374e-319 1.48219693752374e-319 1.00994368940426e-05 1.48219693752374e-319 1.48219693752374e-319 1.48219693752374e-319 9.33704057533264e-06 1.48219693752374e-319 1.48219693752374e-319 1.48219693752374e-319 0.00158332777846472
1.48219693752374e-319 1.48219693752374e-319 1.48219693752374e-319 0.00148681151467808 248.834159150122 238.535069913464 222.087734087732 220.633175897839 10.7610567713518 15.6718910876245 13.3539805769513 23.7114996928651 32.0423366973998 NA NA NA NA 1.48219693752374e-319 1.48219693752374e-319 1.48219693752374e-319 1.51774021589302e-05 1.48219693752374e-319 1.48219693752374e-319 1.48219693752374e-319 0.0130539045454829 1.48219693752374e-319 1.48219693752374e-319 1.48219693752374e-319 1.92721871555721e-10 1.48219693752374e-319 1.48219693752374e-319 1.48219693752374e-319 2.12270822885762e-14
1.48219693752374e-319 1.48219693752374e-319 1.48219693752374e-319 0.000233238702680392 265.73595255819 253.905946767817 249.085749049646 225.741448657109 1.85159281471126 2.18741670851753 1.90819393602129 3.28360236243258 19.7482033755229 NA NA NA NA 1.48219693752374e-319 1.48219693752374e-319 1.48219693752374e-319 0.00375967908367408 1.48219693752374e-319 1.48219693752374e-319 1.48219693752374e-319 0.000684403384596625 1.48219693752374e-319 1.48219693752374e-319 1.48219693752374e-319 3.61181714380940e-10 1.48219693752374e-319 1.48219693752374e-319 1.48219693752374e-319 1.5318335477662e-07
1.48219693752374e-319 1.48219693752374e-319 1.48219693752374e-319 2.89082369461933e-05 230.949693961577 231.059014960509 223.892296376451 210.547609843484 11.5430464149583 12.0160129779279 14.808800063155 12.1448434564959 29.839151548113 NA NA NA NA 1.48219693752374e-319 1.48219693752374e-319 1.48219693752374e-319 7.72757889173781e-08 1.48219693752374e-319 1.48219693752374e-319 1.48219693752374e-319 0.0138576727396594 1.48219693752374e-319 1.48219693752374e-319 1.48219693752374e-319 0.000699601731487955 1.48219693752374e-319 1.48219693752374e-319 1.48219693752374e-319 1.56960106961651e-09
1.48219693752374e-319 1.48219693752374e-319 1.48219693752374e-319 7.39208246472228e-05 246.455957322968 251.094500532196 241.995435023081 210.02543907047 18.2560100688852 12.5087295681096 26.3880680710687 18.7843274381922 32.7929631502787 NA NA NA NA 1.48219693752374e-319 1.48219693752374e-319 1.48219693752374e-319 8.8346978467268e-06 1.48219693752374e-319 1.48219693752374e-319 1.48219693752374e-319 4.83817665538226e-06 1.48219693752374e-319 1.48219693752374e-319 1.48219693752374e-319 0.0209811768049811 1.48219693752374e-319 1.48219693752374e-319 1.48219693752374e-319 2.62234373917358e-06
1.48219693752374e-319 1.48219693752374e-319 1.48219693752374e-319 0.0105586444883365 241.200269158839 238.321476198648 221.451344248034 213.079972736164 9.00846077086234 10.9201118924052 7.30439580199734 14.1145064946211 27.4959130427094 NA NA NA NA 1.48219693752374e-319 1.48219693752374e-319 1.48219693752374e-319 0.000285915375536864 1.48219693752374e-319 1.48219693752374e-319 1.48219693752374e-319 0.000444597561702596 1.48219693752374e-319 1.48219693752374e-319 1.48219693752374e-319 1.82046113602947e-13 1.48219693752374e-319 1.48219693752374e-319 1.48219693752374e-319 0.000120967571654863
1.48219693752374e-319 1.48219693752374e-319 1.48219693752374e-319 1.34592626259543e-05 261.216299668662 271.219012825891 225.409393153782 210.10094204246 11.7418554302239 4.38364920728554 11.0337183416166 25.310306434192 29.7050897425794 NA NA NA NA 1.48219693752374e-319 1.48219693752374e-319 1.48219693752374e-319 3.0983017895818e-06 1.48219693752374e-319 1.48219693752374e-319 1.48219693752374e-319 6.14991083574496e-11 1.48219693752374e-319 1.48219693752374e-319 1.48219693752374e-319 0.00901508993048592 1.48219693752374e-319 1.48219693752374e-319 1.48219693752374e-319 0.000261488184273893
1.48219693752374e-319 1.48219693752374e-319 1.48219693752374e-319 4.91313024591668e-06 234.621914208722 231.236450974227 238.53599173317 207.243121187943 4.76811902677073 3.77933160047259 10.1646770771886 13.9859782797057 21.5496916782606 NA NA NA NA 1.48219693752374e-319 1.48219693752374e-319 1.48219693752374e-319 4.95632314864306e-05 1.48219693752374e-319 1.48219693752374e-319 1.48219693752374e-319 0.00067083702710469 1.48219693752374e-319 1.48219693752374e-319 1.48219693752374e-319 0.000428083129517094 1.48219693752374e-319 1.48219693752374e-319 1.48219693752374e-319 0.000111001995010776
1.48219693752374e-319 1.48219693752374e-319 1.48219693752374e-319 0.0317954748756275 218.61310614222 230.251809184694 224.236894075763 208.842662605901 8.34698348129782 11.2389857941474 8.75898485284042 13.7455340301875 22.2441197467916 NA NA NA NA 1.48219693752374e-319 1.48219693752374e-319 1.48219693752374e-319 0.00168856193173235 1.48219693752374e-319 1.48219693752374e-319 1.48219693752374e-319 0.000279512196224153 1.48219693752374e-319 1.48219693752374e-319 1.48219693752374e-319 0.000893076591899673 1.48219693752374e-319 1.48219693752374e-319 1.48219693752374e-319 3.03924961211402e-09
1.48219693752374e-319 1.48219693752374e-319 1.48219693752374e-319 9.54002463895026e-08 259.926985606333 239.275429252045 220.641155722902 214.816862793135 7.02937221510218 4.23047789493944 9.82799892989537 9.54096802471531 28.6763921306778 NA NA NA NA 1.48219693752374e-319 1.48219693752374e-319 1.48219693752374e-319 1.46229754521464e-06 1.48219693752374e-319 1.48219693752374e-319 1.48219693752374e-319 0.00539619316615686 1.48219693752374e-319 1.48219693752374e-319 1.48219693752374e-319 3.04393135250672e-06 1.48219693752374e-319 1.48219693752374e-319 1.48219693752374e-319 3.87188764538675e-05
1.48219693752374e-319 1.48219693752374e-319 1.48219693752374e-319 5.77677210325493e-05 242.242778264344 237.231381582939 238.483614939576 202.376793756514 8.08293690830882 6.30883608147756 6.11670314473778 15.0513650485007 22.8716905930913 NA NA NA NA 1.48219693752374e-319 1.48219693752374e-319 1.48219693752374e-319 7.49455880369297e-10 1.48219693752374e-319 1.48219693752374e-319 1.48219693752374e-319 0.0418623538535544 1.48219693752374e-319 1.48219693752374e-319 1.48219693752374e-319 0.00473433262184891 1.48219693752374e-319 1.48219693752374e-319 1.48219693752374e-319 2.06743219838164e-05
1.48219693752374e-319 1.48219693752374e-319 1.48219693752374e-319 4.77618198165617e-08 256.178628922045 267.215574744518 236.627957410897 230.11239855229 1.35066624506252 3.60221850902675 6.86506967503983 6.14226107445449 20.4573401358987 NA NA NA NA 1.48219693752374e-319 1.48219693752374e-319 1.48219693752374e-319 0.0011065674532401 1.48219693752374e-319 1.48219693752374e-319 1.48219693752374e-319 0.000419701735437785 1.48219693752374e-319 1.48219693752374e-319 1.48219693752374e-319 0.0105216664831198 1.48219693752374e-319 1.48219693752374e-319 1.48219693752374e-319 2.01136955054997e-07
1.48219693752374e-319 1.48219693752374e-319 1.48219693752374e-319 3.79343628461769e-06 230.173673894762 227.792676369054 220.548754749228 199.394952201949 3.25858892732882 3.4904088415679 9.12417768630948 11.0271755441509 17.5045038190855 NA NA NA NA 1.48219693752374e-319 1.48219693752374e-319 1.48219693752374e-319 0.000236143734803067 1.48219693752374e-319 1.48219693752374e-319 1.48219693752374e-319 8.84094913892649e-10 1.48219693752374e-319 1.48219693752374e-319 1.48219693752374e-319 2.32276799308558e-07 1.48219693752374e-319 1.48219693752374e-319 1.48219693752374e-319 0.0139351327086048
1.48219693752374e-319 1.48219693752374e-319 1.48219693752374e-319 5.86627201104748e-07 237.557539009911 239.058677185099 237.125388484512 219.554531283484 9.5922532254063 12.3330319984481 17.5816286503499 20.1870893028737 29.0538686361943 NA NA NA NA 1.48219693752374e-319 1.48219693752374e-319 1.48219693752374e-319 1.02450147610295e-09 1.48219693752374e-319 1.48219693752374e-319 1.48219693752374e-319 7.11053928118116e-05 1.48219693752374e-319 1.48219693752374e-319 1.48219693752374e-319 0.00036540465894243 1.48219693752374e-319 1.48219693752374e-319 1.48219693752374e-319 1.6053071983875e-14
1.48219693752374e-319 1.48219693752374e-319 1.48219693752374e-319 0.0120679009955404 226.937811088155 238.185120296288 226.083084389577 204.054037547927 12.9751744707859 11.2679035595525 12.0743400843543 17.0008610072582 28.3823662140013 NA NA NA NA 1.48219693752374e-319 1.48219693752374e-319 1.48219693752374e-319 8.24357870956131e-05 1.48219693752374e-319 1.48219693752374e-319 1.48219693752374e-319 5.55490066229095e-07 1.48219693752374e-319 1.48219693752374e-319 1.48219693752374e-319 1.47092457580075e-05 1.48219693752374e-319 1.48219693752374e-319 1.48219693752374e-319 1.69610839102009e-06
1.48219693752374e-319 1.48219693752374e-319 1.48219693752374e-319 1.22408217383806e-05 243.905549102646 250.412291381417 251.999780129346 215.475302146674 17.2936770792357 10.0567743225128 15.6506668937407 17.1768624494139 30.5310610912396 NA NA NA NA 1.48219693752374e-319 1.48219693752374e-319 1.48219693752374e-319 0.00321991349628254 1.48219693752374e-319 1.48219693752374e-319 1.48219693752374e-319 7.24036515100732e-10 1.48219693752374e-319 1.48219693752374e-319 1.48219693752374e-319 2.05267123966265e-08 1.48219693752374e-319 1.48219693752374e-319 1.48219693752374e-319 0.000476067511064356
1.48219693752374e-319 1.48219693752374e-319 1.48219693752374e-319 2.13851259918604e-07 268.408229828556 249.597039585849 220.258322412314 218.955565125658 3.55819662588582 5.633219372723 7.08488288377221 15.9730420809933 28.2953558082777 NA NA NA NA 1.48219693752374e-319 1.48219693752374e-319 1.48219693752374e-319 0.00717881308867411 1.48219693752374e-319 1.48219693752374e-319 1.48219693752374e-319 0.00199127566768463 1.48219693752374e-319 1.48219693752374e-319 1.48219693752374e-319 3.7789729980109e-16 1.48219693752374e-319 1.48219693752374e-319 1.48219693752374e-319 0.00113083514702176
1.48219693752374e-319 1.48219693752374e-319 1.48219693752374e-319 1.84293162680072e-07 255.42036480239 257.772977959064 234.376369485075 213.613644087643 7.85599228219744 4.8672218113145 7.23171606996961 8.2473867806123 23.0782732542132 NA NA NA NA 1.48219693752374e-319 1.48219693752374e-319 1.48219693752374e-319 0.00200295696916704 1.48219693752374e-319 1.48219693752374e-319 1.48219693752374e-319 0.00122331456517818 1.48219693752374e-319 1.48219693752374e-319 1.48219693752374e-319 0.000117332299779616 1.48219693752374e-319 1.48219693752374e-319 1.48219693752374e-319 8.94481960824751e-12
1.48219693752374e-319 1.48219693752374e-319 1.48219693752374e-319 0.0205554469954856 251.749449387769 258.734824223297 237.713972711525 210.071121356859 7.32501912088855 8.39903281639858 5.5903525591482 16.7916845847007 23.6007137156307 NA NA NA NA 1.48219693752374e-319 1.48219693752374e-319 1.48219693752374e-319 3.96153670124164e-13 1.48219693752374e-319 1.48219693752374e-319 1.48219693752374e-319 5.20832795514487e-06 1.48219693752374e-319 1.48219693752374e-319 1.48219693752374e-319 0.00143592333780815 1.48219693752374e-319 1.48219693752374e-319 1.48219693752374e-319 1.71448880801627e-06
1.48219693752374e-319 1.48219693752374e-319 1.48219693752374e-319 4.02369036828058e-05 255.001947443545 232.191055889363 236.233580380538 217.651627035092 2.52182800700591 8.49404047527749 3.93624179983305 9.36288879368463 22.7889016426138 NA NA NA NA 1.48219693752374e-319 1.48219693752374e-319 1.48219693752374e-319 0.000858594027049972 1.48219693752374e-319 1.48219693752374e-319 1.48219693752374e-319 0.0157055721142411 1.48219693752374e-319 1.48219693752374e-319 1.48219693752374e-319 0.00197512075541984 1.48219693752374e-319 1.48219693752374e-319 1.48219693752374e-319 5.62184123116121e-10
1.48219693752374e-319 1.48219693752374e-319 1.48219693752374e-319 9.32275773359848e-06 234.750510394278 251.506692946483 204.197045974793 210.018224601604 6.14063477623101 5.25060958568726 13.5157212686757 6.42031291769351 22.1741031582826 NA NA NA NA 1.48219693752374e-319 1.48219693752374e-319 1.48219693752374e-319 0.000344029966353794 1.48219693752374e-319 1.48219693752374e-319 1.48219693752374e-319 1.4338520612909e-07 1.48219693752374e-319 1.48219693752374e-319 1.48219693752374e-319 0.00131635455830247 1.48219693752374e-319 1.48219693752374e-319 1.48219693752374e-319 0.000739822728057112
1.48219693752374e-319 1.48219693752374e-319 1.48219693752374e-319 0.536350870396996 278.174911622982 257.098242697313 247.455915545761 216.733771064541 9.91523461445425 11.73391782954 17.4942671958665 20.3016292774432 32.3092493080416 NA NA NA NA 1.48219693752374e-319 1.48219693752374e-319 1.48219693752374e-319 0.00330751972160446 1.48219693752374e-319 1.48219693752374e-319 1.48219693752374e-319 3.05985326671665e-06 1.48219693752374e-319 1.48219693752374e-319 1.48219693752374e-319 5.52561981306675e-07 1.48219693752374e-319 1.48219693752374e-319 1.48219693752374e-319 0.000579058946511682
1.48219693752374e-319 1.48219693752374e-319 1.48219693752374e-319 2.69055524591272e-05 269.210334250167 259.872195311249 230.033313931749 217.450649396469 3.23945744132091 3.2734840991068 7.04562613792397 18.3155162551951 21.7494503317485 NA NA NA NA 1.48219693752374e-319 1.48219693752374e-319 1.48219693752374e-319 0.000134336911163905 1.48219693752374e-319 1.48219693752374e-319 1.48219693752374e-319 0.000130194153819787 1.48219693752374e-319 1.48219693752374e-319 1.48219693752374e-319 0.000587397835187964 1.48219693752374e-319 1.48219693752374e-319 1.48219693752374e-319 0.000204355002476276
1.48219693752374e-319 1.48219693752374e-319 1.48219693752374e-319 2.59077958737595e-10 266.413913842662 252.028456570022 232.434781221214 209.534328772399 4.46101325456398 7.65548440363545 6.50855904714844 13.1197728999226 21.8937895910654 NA NA NA NA 1.48219693752374e-319 1.48219693752374e-319 1.48219693752374e-319 0.00601780111349143 1.48219693752374e-319 1.48219693752374e-319 1.48219693752374e-319 1.25778030150801e-05 1.48219693752374e-319 1.48219693752374e-319 1.48219693752374e-319 0.00360442212023162 1.48219693752374e-319 1.48219693752374e-319 1.48219693752374e-319 4.91891319226641e-22
1.48219693752374e-319 1.48219693752374e-319 1.48219693752374e-319 0.00303118178797826 267.692012848317 230.234768355991 222.372741777201 205.072242660601 6.76965730213166 9.16906709351937 17.9608675764095 16.2010775362316 27.0474811505759 NA NA NA NA 1.48219693752374e-319 1.48219693752374e-319 1.48219693752374e-319 0.000364204486404804 1.48219693752374e-319 1.48219693752374e-319 1.48219693752374e-319 0.00117715397243617 1.48219693752374e-319 1.48219693752374e-319 1.48219693752374e-319 5.22272402829272e-06 1.48219693752374e-319 1.48219693752374e-319 1.48219693752374e-319 0.0122821928337903
1.48219693752374e-319 1.48219693752374e-319 1.48219693752374e-319 0.000101712859060486 256.732614793576 259.748466954031 226.42235553766 217.403333197841 13.3623989938795 2.92340689055465 2.84968795938681 8.42707510389326 22.2171883788593 NA NA NA NA 1.48219693752374e-319 1.48219693752374e-319 1.48219693752374e-319 0.00238412234532746 1.48219693752374e-319 1.48219693752374e-319 1.48219693752374e-319 0.0276952569019215 1.48219693752374e-319 1.48219693752374e-319 1.48219693752374e-319 3.07357378773774e-06 1.48219693752374e-319 1.48219693752374e-319 1.48219693752374e-319 4.17196872179062e-05
1.48219693752374e-319 1.48219693752374e-319 1.48219693752374e-319 2.40043486634897e-09 236.435013639269 248.739177771179 248.132467539367 227.939175294211 8.68831613978475 7.91178606003987 9.46561779214191 7.44535614384634 26.0901969267685 NA NA NA NA 1.48219693752374e-319 1.48219693752374e-319 1.48219693752374e-319 1.99448831970301e-09 1.48219693752374e-319 1.48219693752374e-319 1.48219693752374e-319 0.00017019893426416 1.48219693752374e-319 1.48219693752374e-319 1.48219693752374e-319 1.77755107872988e-05 1.48219693752374e-319 1.48219693752374e-319 1.48219693752374e-319 4.73474741022312e-10
1.48219693752374e-319 1.48219693752374e-319 1.48219693752374e-319 0.00320659492676666 256.461765748328 244.834475596221 237.49092284925 223.725083549977 13.2813343928276 9.80283713144565 10.3768794169683 17.2168227091452 27.6934822451234 NA NA NA NA 1.48219693752374e-319 1.48219693752374e-319 1.48219693752374e-319 3.97086470950934e-09 1.48219693752374e-319 1.48219693752374e-319 1.48219693752374e-319 1.31457321210658e-05 1.48219693752374e-319 1.48219693752374e-319 1.48219693752374e-319 4.80678319038879e-06 1.48219693752374e-319 1.48219693752374e-319 1.48219693752374e-319 1.84631634868758e-07
1.48219693752374e-319 1.48219693752374e-319 1.48219693752374e-319 8.46933401602459e-05 266.903233288614 243.585027149818 216.973420076411 214.477140161928 9.87970330156515 9.66983241714347 12.7190888342758 18.9119854009347 27.0254886526559 NA NA NA NA 1.48219693752374e-319 1.48219693752374e-319 1.48219693752374e-319 0.000807970251442057 1.48219693752374e-319 1.48219693752374e-319 1.48219693752374e-319 0.00878294983428292 1.48219693752374e-319 1.48219693752374e-319 1.48219693752374e-319 0.00167681333606931 1.48219693752374e-319 1.48219693752374e-319 1.48219693752374e-319 0.00382322460405744
1.48219693752374e-319 1.48219693752374e-319 1.48219693752374e-319 3.57337802219421e-09 226.180788150922 256.148073414599 254.900185916139 214.450475242069 11.9408561985122 9.22336471810047 4.70020052177075 10.600931723427 24.6007099191212 NA NA NA NA 1.48219693752374e-319 1.48219693752374e-319 1.48219693752374e-319 3.66085914694812e-07 1.48219693752374e-319 1.48219693752374e-319 1.48219693752374e-319 0.00335187393938616 1.48219693752374e-319 1.48219693752374e-319 1.48219693752374e-319 8.55553994677423e-10 1.48219693752374e-319 1.48219693752374e-319 1.48219693752374e-319 1.66264902004262e-08
1.48219693752374e-319 1.48219693752374e-319 1.48219693752374e-319 0.000156327616245219 264.68757540081 237.06843634159 227.700089912345 204.493808356121 8.44416694563457 12.938578296918 12.7822523840309 11.8844399846971 27.1670742985556 NA NA NA NA 1.48219693752374e-319 1.48219693752374e-319 1.48219693752374e-319 0.000685320777269712 1.48219693752374e-319 1.48219693752374e-319 1.48219693752374e-319 2.27744194719422e-10 1.48219693752374e-319 1.48219693752374e-319 1.48219693752374e-319 2.56967488698225e-10 1.48219693752374e-319 1.48219693752374e-319 1.48219693752374e-319 0.000895349013057702
1.48219693752374e-319 1.48219693752374e-319 1.48219693752374e-319 0.166617041141398 251.061165685736 247.139805427588 235.32014517463 208.030858934875 12.6262333880674 19.1093285698997 17.0165346178888 19.0918754094543 29.477449796094 NA NA NA NA 1.48219693752374e-319 1.48219693752374e-319 1.48219693752374e-319 3.26124468717995e-05 1.48219693752374e-319 1.48219693752374e-319 1.48219693752374e-319 3.40170114791642e-10 1.48219693752374e-319 1.48219693752374e-319 1.48219693752374e-319 0.000525026092096804 1.48219693752374e-319 1.48219693752374e-319 1.48219693752374e-319 5.52759336786053e-06
1.48219693752374e-319 1.48219693752374e-319 1.48219693752374e-319 7.87697736710704e-09 253.00092781 236.544580428621 241.157109717365 212.970429116246 17.2946709030932 11.5700109846796 14.6974489887125 16.3417535463957 30.7008172964095 NA NA NA NA 1.48219693752374e-319 1.48219693752374e-319 1.48219693752374e-319 0.0155463621201988 1.48219693752374e-319 1.48219693752374e-319 1.48219693752374e-319 9.59306643964881e-08 1.48219693752374e-319 1.48219693752374e-319 1.48219693752374e-319 0.000257557806985674 1.48219693752374e-319 1.48219693752374e-319 1.48219693752374e-319 2.46778146406141e-06
1.48219693752374e-319 1.48219693752374e-319 1.48219693752374e-319 5.25680890563686e-06 238.679543996115 241.946508023733 225.633125947031 204.653298543523 12.9929626708446 13.7367905109846 9.39915083158145 17.3343908600026 26.5943626861052 NA NA NA NA 1.48219693752374e-319 1.48219693752374e-319 1.48219693752374e-319 0.00120921331766195 1.48219693752374e-319 1.48219693752374e-319 1.48219693752374e-319 0.0165583524230888 1.48219693752374e-319 1.48219693752374e-319 1.48219693752374e-319 9.63794559181442e-06 1.48219693752374e-319 1.48219693752374e-319 1.48219693752374e-319 0.00101885831526736
1.48219693752374e-319 1.48219693752374e-319 1.48219693752374e-319 5.74816589772364e-07 252.787615667141 266.353907749652 243.63682216592 225.366624512377 17.8236481346252 8.54781975156409 17.6435228286702 21.2339312297407 31.3014659401856 NA NA NA NA 1.48219693752374e-319 1.48219693752374e-319 1.48219693752374e-319 1.76968513778283e-06 1.48219693752374e-319 1.48219693752374e-319 1.48219693752374e-319 0.0621013991722003 1.48219693752374e-319 1.48219693752374e-319 1.48219693752374e-319 2.22485169655772e-05 1.48219693752374e-319 1.48219693752374e-319 1.48219693752374e-319 2.33995358816962e-05
1.48219693752374e-319 1.48219693752374e-319 1.48219693752374e-319 0.151425430890091 253.555175647041 239.871325363471 233.025487325504 223.5305361301 12.8161709573295 13.6863102150656 10.2700452876105 17.6484718744419 30.5310409532085 NA NA NA NA 1.48219693752374e-319 1.48219693752374e-319 1.48219693752374e-319 1.90853769643232e-07 1.48219693752374e-319 1.48219693752374e-319 1.48219693752374e-319 0.00183184520623875 1.48219693752374e-319 1.48219693752374e-319 1.48219693752374e-319 1.17545109777037e-06 1.48219693752374e-319 1.48219693752374e-319 1.48219693752374e-319 2.12715653610147e-06
1.48219693752374e-319 1.48219693752374e-319 1.48219693752374e-319 1.73250626506161e-05 251.361545578771 249.658047741066 236.451048722115 207.999097496119 14.8803992557904 14.7269948026923 17.5985460855014 12.4506203863509 29.7800137236222 NA NA NA NA 1.48219693752374e-319 1.48219693752374e-319 1.48219693752374e-319 0.00638191096428363 1.48219693752374e-319 1.48219693752374e-319 1.48219693752374e-319 0.0116640870192533 1.48219693752374e-319 1.48219693752374e-319 1.48219693752374e-319 5.87819065219402e-07 1.48219693752374e-319 1.48219693752374e-319 1.48219693752374e-319 6.74728860799133e-14
1.48219693752374e-319 1.48219693752374e-319 1.48219693752374e-319 0.000113515913705547 249.448152808326 239.563825826463 225.924119368084 200.74475370591 3.12699346411845 2.83056503050473 8.4115045681813 20.9586781979593 18.4865026427911 NA NA NA NA 1.48219693752374e-319 1.48219693752374e-319 1.48219693752374e-319 8.4437418620344e-05 1.48219693752374e-319 1.48219693752374e-319 1.48219693752374e-319 4.44272950276298e-05 1.48219693752374e-319 1.48219693752374e-319 1.48219693752374e-319 3.58028003134025e-05 1.48219693752374e-319 1.48219693752374e-319 1.48219693752374e-319 0.000126191582187057
1.48219693752374e-319 1.48219693752374e-319 1.48219693752374e-319 1.12564124801818e-06 246.590492623155 243.521220298014 230.531721082319 220.504600000938 11.2749497722662 9.98854763020074 7.76848934157634 12.5606525241868 28.6948114191145 NA NA NA NA 1.48219693752374e-319 1.48219693752374e-319 1.48219693752374e-319 0.00162348162203804 1.48219693752374e-319 1.48219693752374e-319 1.48219693752374e-319 0.000218031889612722 1.48219693752374e-319 1.48219693752374e-319 1.48219693752374e-319 6.10586290809401e-10 1.48219693752374e-319 1.48219693752374e-319 1.48219693752374e-319 0.000289238144938308
1.48219693752374e-319 1.48219693752374e-319 1.48219693752374e-319 6.44660489765594e-14 235.540160042664 250.155895941347 228.252474147993 204.090663587639 18.7105193698719 12.8036290098624 12.959102547444 31.7074618979821 30.1752798791495 NA NA NA NA 1.48219693752374e-319 1.48219693752374e-319 1.48219693752374e-319 0.00160347656757749 1.48219693752374e-319 1.48219693752374e-319 1.48219693752374e-319 0.00312309403301868 1.48219693752374e-319 1.48219693752374e-319 1.48219693752374e-319 0.0106815752761581 1.48219693752374e-319 1.48219693752374e-319 1.48219693752374e-319 0.00288293784491547
1.48219693752374e-319 1.48219693752374e-319 1.48219693752374e-319 0.000716791329266948 233.620949497283 227.131414656713 207.637154912912 184.91234636003 3.28279464789231 7.73490703405085 5.4336355854865 11.609905405962 18.9224449311665 NA NA NA NA 1.48219693752374e-319 1.48219693752374e-319 1.48219693752374e-319 0.000385039897435841 1.48219693752374e-319 1.48219693752374e-319 1.48219693752374e-319 0.0144733656674492 1.48219693752374e-319 1.48219693752374e-319 1.48219693752374e-319 0.00269091824408131 1.48219693752374e-319 1.48219693752374e-319 1.48219693752374e-319 0.0024095875344144
1.48219693752374e-319 1.48219693752374e-319 1.48219693752374e-319 0.00821230038064735 276.811951715298 246.943657342953 244.876253233214 232.144629772115 6.22813560097495 11.3174834214183 8.33049764890934 16.4089520405851 31.3767639352686 NA NA NA NA 1.48219693752374e-319 1.48219693752374e-319 1.48219693752374e-319 0.00522206023434638 1.48219693752374e-319 1.48219693752374e-319 1.48219693752374e-319 0.000201150125545326 1.48219693752374e-319 1.48219693752374e-319 1.48219693752374e-319 0.0042739434957863 1.48219693752374e-319 1.48219693752374e-319 1.48219693752374e-319 1.89328236589414e-17
1.48219693752374e-319 1.48219693752374e-319 1.48219693752374e-319 0.000199383253148633 249.479791766218 238.258709587127 237.596884692622 217.940649844175 6.93469067231547 7.68690444827331 8.19950569851471 7.07947450369307 24.5918589297351 NA NA NA NA 1.48219693752374e-319 1.48219693752374e-319 1.48219693752374e-319 0.000121917394402264 1.48219693752374e-319 1.48219693752374e-319 1.48219693752374e-319 1.35611462011615e-05 1.48219693752374e-319 1.48219693752374e-319 1.48219693752374e-319 0.00403947467269756 1.48219693752374e-319 1.48219693752374e-319 1.48219693752374e-319 7.35372727238074e-05
1.48219693752374e-319 1.48219693752374e-319 1.48219693752374e-319 1.03473314783683e-08 253.851367776028 236.153924980766 231.745094578241 195.788665030289 7.15381538754108 16.2964888908395 7.5778075722507 9.59043687342725 25.2967718004342 NA NA NA NA 1.48219693752374e-319 1.48219693752374e-319 1.48219693752374e-319 1.95677036485643e-08 1.48219693752374e-319 1.48219693752374e-319 1.48219693752374e-319 4.24293701983417e-05 1.48219693752374e-319 1.48219693752374e-319 1.48219693752374e-319 0.00036597502805386 1.48219693752374e-319 1.48219693752374e-319 1.48219693752374e-319 0.000413001118656335
1.48219693752374e-319 1.48219693752374e-319 1.48219693752374e-319 1.01042678874818e-05 237.84288192401 213.008536840568 233.664277964742 205.226957708796 7.20069250418536 10.5342936568976 12.5348349706876 12.0855052596191 25.0553791990957 NA NA NA NA 1.48219693752374e-319 1.48219693752374e-319 1.48219693752374e-319 1.15951587512146e-08 1.48219693752374e-319 1.48219693752374e-319 1.48219693752374e-319 0.00326960014874647 1.48219693752374e-319 1.48219693752374e-319 1.48219693752374e-319 5.28592199555133e-05 1.48219693752374e-319 1.48219693752374e-319 1.48219693752374e-319 0.000521381208989253
1.48219693752374e-319 1.48219693752374e-319 1.48219693752374e-319 0.00031578217572006 251.168161613145 230.036599202944 207.691829686768 201.540490077849 8.80490323766377 8.29475461986288 8.26622851255404 9.43396251390763 20.6670743933172 NA NA NA NA 1.48219693752374e-319 1.48219693752374e-319 1.48219693752374e-319 0.000376492079966078 1.48219693752374e-319 1.48219693752374e-319 1.48219693752374e-319 0.00178320408643232 1.48219693752374e-319 1.48219693752374e-319 1.48219693752374e-319 0.00160912400414506 1.48219693752374e-319 1.48219693752374e-319 1.48219693752374e-319 0.000194127847486244
1.48219693752374e-319 1.48219693752374e-319 1.48219693752374e-319 2.77004651825886e-11 247.35837562517 258.936347780223 237.284060200541 207.64543093079 16.3231358588073 12.0977838537112 14.3106098232889 18.9339433909533 31.3323866171639 NA NA NA NA 1.48219693752374e-319 1.48219693752374e-319 1.48219693752374e-319 1.53602145912211e-07 1.48219693752374e-319 1.48219693752374e-319 1.48219693752374e-319 0.0045090195157791 1.48219693752374e-319 1.48219693752374e-319 1.48219693752374e-319 6.73641526142698e-06 1.48219693752374e-319 1.48219693752374e-319 1.48219693752374e-319 8.1574619659541e-05
1.48219693752374e-319 1.48219693752374e-319 1.48219693752374e-319 0.000353082451049421 267.501092997713 244.52366826421 231.761331515518 218.06318959874 15.5955090291253 11.4745194151171 11.9464400839957 14.9797024996657 32.9049091570102 NA NA NA NA 1.48219693752374e-319 1.48219693752374e-319 1.48219693752374e-319 2.80806665927073e-05 1.48219693752374e-319 1.48219693752374e-319 1.48219693752374e-319 4.92396322581647e-07 1.48219693752374e-319 1.48219693752374e-319 1.48219693752374e-319 7.86614219501762e-05 1.48219693752374e-319 1.48219693752374e-319 1.48219693752374e-319 5.52100109940456e-05
1.48219693752374e-319 1.48219693752374e-319 1.48219693752374e-319 5.29219427176471e-06 256.767212804711 270.10881648069 242.546150291664 229.91194207666 6.53762290281809 5.91282393775614 6.00590458432445 7.06725141981943 24.712203613099 NA NA NA NA 1.48219693752374e-319 1.48219693752374e-319 1.48219693752374e-319 0.00459243685064652 1.48219693752374e-319 1.48219693752374e-319 1.48219693752374e-319 7.27605061275649e-13 1.48219693752374e-319 1.48219693752374e-319 1.48219693752374e-319 0.000236892252301356 1.48219693752374e-319 1.48219693752374e-319 1.48219693752374e-319 0.0005546144450742
1.48219693752374e-319 1.48219693752374e-319 1.48219693752374e-319 2.76447796362378e-09 253.102788057715 258.754635560887 244.948417411688 218.909181037094 13.3226548312281 9.97256233195404 14.3116056927256 11.1822834226014 25.6063063094876 NA NA NA NA 1.48219693752374e-319 1.48219693752374e-319 1.48219693752374e-319 0.0017440569799794 1.48219693752374e-319 1.48219693752374e-319 1.48219693752374e-319 3.40858153621143e-06 1.48219693752374e-319 1.48219693752374e-319 1.48219693752374e-319 0.00011744264626575 1.48219693752374e-319 1.48219693752374e-319 1.48219693752374e-319 2.79014135637111e-05
1.48219693752374e-319 1.48219693752374e-319 1.48219693752374e-319 0.00110641723353411 246.378597233856 228.305998820106 217.506764874071 207.011296987375 11.1841960461295 13.8427424316578 12.4906869471941 23.2990771214384 30.0799272178927 NA NA NA NA 1.48219693752374e-319 1.48219693752374e-319 1.48219693752374e-319 0.000570075671931338 1.48219693752374e-319 1.48219693752374e-319 1.48219693752374e-319 0.00157778343745277 1.48219693752374e-319 1.48219693752374e-319 1.48219693752374e-319 0.00226907587995211 1.48219693752374e-319 1.48219693752374e-319 1.48219693752374e-319 2.97934392909791e-07
1.48219693752374e-319 1.48219693752374e-319 1.48219693752374e-319 5.48850338831257e-08 281.97448193639 245.052369440942 233.534025602411 221.259374186728 12.2330223383519 15.8070688415952 11.4542926835893 19.1041434112537 29.8211995856814 NA NA NA NA 1.48219693752374e-319 1.48219693752374e-319 1.48219693752374e-319 9.99347370525424e-05 1.48219693752374e-319 1.48219693752374e-319 1.48219693752374e-319 0.000613666073716391 1.48219693752374e-319 1.48219693752374e-319 1.48219693752374e-319 9.27517536000448e-08 1.48219693752374e-319 1.48219693752374e-319 1.48219693752374e-319 0.00134592446089955
1.48219693752374e-319 1.48219693752374e-319 1.48219693752374e-319 7.40686849454436e-06 250.316344585708 231.340861529913 232.534361657236 193.376195542879 8.20503179922751 7.65373623796872 6.02086393119198 9.1293397518177 24.8190146199648 NA NA NA NA 1.48219693752374e-319 1.48219693752374e-319 1.48219693752374e-319 0.000213409345609627 1.48219693752374e-319 1.48219693752374e-319 1.48219693752374e-319 0.0020191291604951 1.48219693752374e-319 1.48219693752374e-319 1.48219693752374e-319 8.04363520366695e-05 1.48219693752374e-319 1.48219693752374e-319 1.48219693752374e-319 0.000255301718235633
1.48219693752374e-319 1.48219693752374e-319 1.48219693752374e-319 0.000518768219830196 225.626426699927 232.281089031476 231.705092687726 215.81130904894 12.3661221779041 11.5255251919848 4.88450238283706 12.3852966505824 25.7842613421619 NA NA NA NA 1.48219693752374e-319 1.48219693752374e-319 1.48219693752374e-319 1.62036729355007e-10 1.48219693752374e-319 1.48219693752374e-319 1.48219693752374e-319 0.000122337628194334 1.48219693752374e-319 1.48219693752374e-319 1.48219693752374e-319 0.0059180220716901 1.48219693752374e-319 1.48219693752374e-319 1.48219693752374e-319 0.000353711424170876
1.48219693752374e-319 1.48219693752374e-319 1.48219693752374e-319 5.61945838959913e-12 250.397111723626 268.526435081797 243.205040200766 214.260390260162 6.06656818595253 7.76810831153446 14.2490320089521 29.6189014333067 32.393595928793 NA NA NA NA 1.48219693752374e-319 1.48219693752374e-319 1.48219693752374e-319 0.000107066558162509 1.48219693752374e-319 1.48219693752374e-319 1.48219693752374e-319 3.83942208407934e-05 1.48219693752374e-319 1.48219693752374e-319 1.48219693752374e-319 4.01874855328713e-10 1.48219693752374e-319 1.48219693752374e-319 1.48219693752374e-319 4.67113862105707e-06
1.48219693752374e-319 1.48219693752374e-319 1.48219693752374e-319 0.0520029142256484 235.923856307301 211.787171627983 226.680217702701 209.621842892479 4.08875512476517 4.64939349831341 1.33486376890872 13.0688551550066 19.2774496378381 NA NA NA NA 1.48219693752374e-319 1.48219693752374e-319 1.48219693752374e-319 4.28184567885398e-08 1.48219693752374e-319 1.48219693752374e-319 1.48219693752374e-319 0.00980086422459354 1.48219693752374e-319 1.48219693752374e-319 1.48219693752374e-319 0.000204932075595438 1.48219693752374e-319 1.48219693752374e-319 1.48219693752374e-319 4.97433962834852e-06
1.48219693752374e-319 1.48219693752374e-319 1.48219693752374e-319 2.16377701081155e-05 257.856063842426 265.673250652038 251.692343380427 234.199450290977 0.257469422413402 1.37310710427008 0.171030773630785 2.13144395966231 15.9454207343862 NA NA NA NA 1.48219693752374e-319 1.48219693752374e-319 1.48219693752374e-319 1.32241483959995e-05 1.48219693752374e-319 1.48219693752374e-319 1.48219693752374e-319 0.0133509728790038 1.48219693752374e-319 1.48219693752374e-319 1.48219693752374e-319 0.000184240646277693 1.48219693752374e-319 1.48219693752374e-319 1.48219693752374e-319 7.5383570545541e-13
1.48219693752374e-319 1.48219693752374e-319 1.48219693752374e-319 2.58826903381242e-08 262.194519673402 241.43587461942 231.412975216081 214.057426654208 1.67011311121685 15.8238357741269 19.3307864260548 15.3329412576983 27.9407503465931 NA NA NA NA 1.48219693752374e-319 1.48219693752374e-319 1.48219693752374e-319 0.000534382304131235 1.48219693752374e-319 1.48219693752374e-319 1.48219693752374e-319 0.0101881943617579 1.48219693752374e-319 1.48219693752374e-319 1.48219693752374e-319 0.000197889601695628 1.48219693752374e-319 1.48219693752374e-319 1.48219693752374e-319 2.05070642288659e-17
1.48219693752374e-319 1.48219693752374e-319 1.48219693752374e-319 0.105205094973777 244.777874379429 255.213834617619 234.374791582872 216.029969451861 9.84876635403464 11.8656650041838 9.58221974739921 13.7708825916694 27.3771117346763 NA NA NA NA 1.48219693752374e-319 1.48219693752374e-319 1.48219693752374e-319 0.000615995889734779 1.48219693752374e-319 1.48219693752374e-319 1.48219693752374e-319 6.68139194771362e-07 1.48219693752374e-319 1.48219693752374e-319 1.48219693752374e-319 0.000225635602661599 1.48219693752374e-319 1.48219693752374e-319 1.48219693752374e-319 1.37391794792788e-08
1.48219693752374e-319 1.48219693752374e-319 1.48219693752374e-319 2.76858812743753e-10 246.620902716685 255.50873978003 237.004869021741 214.350691261919 3.70089541205235 9.52988174662196 3.23277203327789 7.87806385962095 22.5185495247635 NA NA NA NA 1.48219693752374e-319 1.48219693752374e-319 1.48219693752374e-319 0.00140308231657315 1.48219693752374e-319 1.48219693752374e-319 1.48219693752374e-319 1.79583367827051e-07 1.48219693752374e-319 1.48219693752374e-319 1.48219693752374e-319 0.000123049501944236 1.48219693752374e-319 1.48219693752374e-319 1.48219693752374e-319 0.00249753273828544
1.48219693752374e-319 1.48219693752374e-319 1.48219693752374e-319 3.01183751419408e-08 241.902957848088 220.641601691551 225.168481462971 200.47950832695 10.0372351758962 13.4228718264998 15.9484888537465 14.7364940248209 27.1775304221469 NA NA NA NA 1.48219693752374e-319 1.48219693752374e-319 1.48219693752374e-319 0.000148560678889179 1.48219693752374e-319 1.48219693752374e-319 1.48219693752374e-319 9.0136092473685e-17 1.48219693752374e-319 1.48219693752374e-319 1.48219693752374e-319 0.000131056334174958 1.48219693752374e-319 1.48219693752374e-319 1.48219693752374e-319 2.94218816496911e-08
1.48219693752374e-319 1.48219693752374e-319 1.48219693752374e-319 2.07292572383533e-06 276.88797174007 277.281640611467 248.690597187087 222.724424611049 1.52133749814723 2.16290556684651 3.07736585912051 8.46053633125151 15.6875744434453 NA NA NA NA 1.48219693752374e-319 1.48219693752374e-319 1.48219693752374e-319 1.06507992636669e-07 1.48219693752374e-319 1.48219693752374e-319 1.48219693752374e-319 0.000796586182509711 1.48219693752374e-319 1.48219693752374e-319 1.48219693752374e-319 4.72151308031853e-08 1.48219693752374e-319 1.48219693752374e-319 1.48219693752374e-319 4.96466769143731e-05
1.48219693752374e-319 1.48219693752374e-319 1.48219693752374e-319 4.16912343403258e-06 268.349122311341 241.32531915308 228.055420380711 203.240165784601 4.46549480163921 6.79964494169948 4.84480706290799 16.0121511107435 21.0124073926082 NA NA NA NA 1.48219693752374e-319 1.48219693752374e-319 1.48219693752374e-319 0.0240496255822979 1.48219693752374e-319 1.48219693752374e-319 1.48219693752374e-319 6.21894439757541e-08 1.48219693752374e-319 1.48219693752374e-319 1.48219693752374e-319 0.0015270717431245 1.48219693752374e-319 1.48219693752374e-319 1.48219693752374e-319 0.000934435909856545
1.48219693752374e-319 1.48219693752374e-319 1.48219693752374e-319 0.000158451780864026 243.777616918012 251.914550990982 243.044962461496 214.185957633341 8.96561910625914 7.87872531359907 11.0791015188167 20.6601475894199 27.5771341432643 NA NA NA NA 1.48219693752374e-319 1.48219693752374e-319 1.48219693752374e-319 0.00817494386167669 1.48219693752374e-319 1.48219693752374e-319 1.48219693752374e-319 1.0433092727175e-05 1.48219693752374e-319 1.48219693752374e-319 1.48219693752374e-319 1.57556270835556e-10 1.48219693752374e-319 1.48219693752374e-319 1.48219693752374e-319 1.18231959403997e-06
1.48219693752374e-319 1.48219693752374e-319 1.48219693752374e-319 6.23460500010686e-05 261.97740799128 232.797479016031 238.227485972727 221.404899454961 15.5803446622924 13.7546463442527 9.98737180540892 28.6371805112953 33.8827171284616 NA NA NA NA 1.48219693752374e-319 1.48219693752374e-319 1.48219693752374e-319 3.76446570173259e-07 1.48219693752374e-319 1.48219693752374e-319 1.48219693752374e-319 0.000175013282539925 1.48219693752374e-319 1.48219693752374e-319 1.48219693752374e-319 0.000228301057918213 1.48219693752374e-319 1.48219693752374e-319 1.48219693752374e-319 6.57609955146108e-05
1.48219693752374e-319 1.48219693752374e-319 1.48219693752374e-319 2.79206758624295e-05 245.030878413504 229.247239821788 224.851256709274 203.002019935079 2.6543826248461 3.73133017888534 4.44533962382704 10.0414736436474 18.6915167622537 NA NA NA NA 1.48219693752374e-319 1.48219693752374e-319 1.48219693752374e-319 1.0395393039258e-06 1.48219693752374e-319 1.48219693752374e-319 1.48219693752374e-319 2.78020780046976e-06 1.48219693752374e-319 1.48219693752374e-319 1.48219693752374e-319 2.97042760517554e-08 1.48219693752374e-319 1.48219693752374e-319 1.48219693752374e-319 2.89789000553131e-05
1.48219693752374e-319 1.48219693752374e-319 1.48219693752374e-319 3.06234708952224e-07 259.067656279571 258.625285948868 227.118699649345 216.890999621595 10.4059619674005 4.99582720033125 7.33205864543017 15.7206460351319 26.6610147128367 NA NA NA NA 1.48219693752374e-319 1.48219693752374e-319 1.48219693752374e-319 2.55961926465248e-05 1.48219693752374e-319 1.48219693752374e-319 1.48219693752374e-319 0.00926101632206184 1.48219693752374e-319 1.48219693752374e-319 1.48219693752374e-319 9.05202947568291e-06 1.48219693752374e-319 1.48219693752374e-319 1.48219693752374e-319 2.01302986719728e-07
1.48219693752374e-319 1.48219693752374e-319 1.48219693752374e-319 1.84208522171065e-08 253.850152481657 224.892606137528 224.061243635101 203.509877190117 7.36255269682157 6.46841344773382 5.74097007406388 11.8520789534266 20.5339056697047 NA NA NA NA 1.48219693752374e-319 1.48219693752374e-319 1.48219693752374e-319 6.9316347118035e-06 1.48219693752374e-319 1.48219693752374e-319 1.48219693752374e-319 1.20193500446679e-05 1.48219693752374e-319 1.48219693752374e-319 1.48219693752374e-319 6.94854064726704e-11 1.48219693752374e-319 1.48219693752374e-319 1.48219693752374e-319 0.000321044409333806
1.48219693752374e-319 1.48219693752374e-319 1.48219693752374e-319 1.10978343108958e-06 255.587871433505 254.330125128704 223.645191823771 211.537602851054 9.20381930619387 14.8548150073733 6.41208157151903 17.2689919058796 27.0861891599824 NA NA NA NA 1.48219693752374e-319 1.48219693752374e-319 1.48219693752374e-319 1.34065544488979e-19 1.48219693752374e-319 1.48219693752374e-319 1.48219693752374e-319 0.000288476241654234 1.48219693752374e-319 1.48219693752374e-319 1.48219693752374e-319 0.00461368527931953 1.48219693752374e-319 1.48219693752374e-319 1.48219693752374e-319 1.0448114835564e-10
1.48219693752374e-319 1.48219693752374e-319 1.48219693752374e-319 2.85698818687705e-07 249.493582949561 263.196444289075 214.702254619594 207.643829525016 4.42297743817622 3.68634560757661 5.55518531924772 7.64734482676689 19.7005969484524 NA NA NA NA 1.48219693752374e-319 1.48219693752374e-319 1.48219693752374e-319 0.00915911747756898 1.48219693752374e-319 1.48219693752374e-319 1.48219693752374e-319 0.000384237741816174 1.48219693752374e-319 1.48219693752374e-319 1.48219693752374e-319 0.00139089840678306 1.48219693752374e-319 1.48219693752374e-319 1.48219693752374e-319 2.9090557322528e-07
1.48219693752374e-319 1.48219693752374e-319 1.48219693752374e-319 5.82300723903681e-08 252.82436088952 229.126920236376 235.718263515368 213.371406448217 7.33031957422446 5.24187153168421 13.452616924474 16.443039002303 27.3037093151689 NA NA NA NA 1.48219693752374e-319 1.48219693752374e-319 1.48219693752374e-319 0.0205747313172242 1.48219693752374e-319 1.48219693752374e-319 1.48219693752374e-319 0.000154271271015976 1.48219693752374e-319 1.48219693752374e-319 1.48219693752374e-319 2.30926833211275e-05 1.48219693752374e-319 1.48219693752374e-319 1.48219693752374e-319 0.00454916804395767
1.48219693752374e-319 1.48219693752374e-319 1.48219693752374e-319 2.33132855040379e-07 238.154968555003 243.670083708401 220.191844391083 203.084433892087 4.78679660268986 6.16991904340222 3.67771666366534 5.30513343594537 16.566884414141 NA NA NA NA 1.48219693752374e-319 1.48219693752374e-319 1.48219693752374e-319 0.000940808412079873 1.48219693752374e-319 1.48219693752374e-319 1.48219693752374e-319 2.79788049408314e-08 1.48219693752374e-319 1.48219693752374e-319 1.48219693752374e-319 5.06713728572701e-05 1.48219693752374e-319 1.48219693752374e-319 1.48219693752374e-319 0.00671281292072972
1.48219693752374e-319 1.48219693752374e-319 1.48219693752374e-319 0.0038208366300039 255.983612958644 227.697282418914 228.998692472483 200.93525445166 11.0959145445148 7.57417962629689 11.3627158441156 8.36411522032584 22.01051142618 NA NA NA NA 1.48219693752374e-319 1.48219693752374e-319 1.48219693752374e-319 1.32299662063805e-09 1.48219693752374e-319 1.48219693752374e-319 1.48219693752374e-319 6.19602247767121e-06 1.48219693752374e-319 1.48219693752374e-319 1.48219693752374e-319 4.14310311678063e-06 1.48219693752374e-319 1.48219693752374e-319 1.48219693752374e-319 1.35203744316061e-07
1.48219693752374e-319 1.48219693752374e-319 1.48219693752374e-319 0.170844765392497 243.754151544519 254.675459023711 241.407060483788 208.35596372991 7.96146838252415 4.00757453419197 4.91122165621706 11.2968156318674 23.9313078257759 NA NA NA NA 1.48219693752374e-319 1.48219693752374e-319 1.48219693752374e-319 0.00079238635896528 1.48219693752374e-319 1.48219693752374e-319 1.48219693752374e-319 1.32601137411642e-10 1.48219693752374e-319 1.48219693752374e-319 1.48219693752374e-319 1.0572768671683e-05 1.48219693752374e-319 1.48219693752374e-319 1.48219693752374e-319 1.84418844977789e-10
1.48219693752374e-319 1.48219693752374e-319 1.48219693752374e-319 7.4223197406148e-09 260.227075623925 265.246196108892 233.865360947511 213.853531747687 7.29446547826392 7.62588925565803 9.80692502105394 20.1264317995429 28.5248524485563 NA NA NA NA 1.48219693752374e-319 1.48219693752374e-319 1.48219693752374e-319 8.38302692995842e-08 1.48219693752374e-319 1.48219693752374e-319 1.48219693752374e-319 0.000909366863859807 1.48219693752374e-319 1.48219693752374e-319 1.48219693752374e-319 0.000203712930182679 1.48219693752374e-319 1.48219693752374e-319 1.48219693752374e-319 8.84231943201314e-08
1.48219693752374e-319 1.48219693752374e-319 1.48219693752374e-319 0.0164141594284349 229.91761708462 222.406550829383 228.311687914897 189.555203518581 2.92220123708377 4.66396887193743 3.44999401809912 5.86954408629145 14.5917695790936 NA NA NA NA 1.48219693752374e-319 1.48219693752374e-319 1.48219693752374e-319 3.63212269589257e-05 1.48219693752374e-319 1.48219693752374e-319 1.48219693752374e-319 0.000163211939603618 1.48219693752374e-319 1.48219693752374e-319 1.48219693752374e-319 1.37903871484702e-05 1.48219693752374e-319 1.48219693752374e-319 1.48219693752374e-319 3.73906200603427e-06
1.48219693752374e-319 1.48219693752374e-319 1.48219693752374e-319 0.0109269758812803 237.08028158502 235.170548765984 225.26297167507 202.470400485754 6.84948149551239 8.74553152857115 11.599535757144 25.4919479046704 28.1105705336278 NA NA NA NA 1.48219693752374e-319 1.48219693752374e-319 1.48219693752374e-319 0.00323177771691274 1.48219693752374e-319 1.48219693752374e-319 1.48219693752374e-319 4.38139873627755e-05 1.48219693752374e-319 1.48219693752374e-319 1.48219693752374e-319 7.52220319363956e-12 1.48219693752374e-319 1.48219693752374e-319 1.48219693752374e-319 3.53333092506328e-10
1.48219693752374e-319 1.48219693752374e-319 1.48219693752374e-319 0.0540439202111068 259.826525708444 237.956983445908 247.876347570991 199.346374960529 10.230200127671 13.5784038420216 15.8800809880961 28.0087603771419 31.3269817252291 NA NA NA NA 1.48219693752374e-319 1.48219693752374e-319 1.48219693752374e-319 2.64839575533781e-07 1.48219693752374e-319 1.48219693752374e-319 1.48219693752374e-319 0.0171606824196574 1.48219693752374e-319 1.48219693752374e-319 1.48219693752374e-319 5.28593136224623e-07 1.48219693752374e-319 1.48219693752374e-319 1.48219693752374e-319 4.67326035095532e-06
1.48219693752374e-319 1.48219693752374e-319 1.48219693752374e-319 0.000404240207797916 268.864967445696 218.648174660636 230.33592630692 212.922625463158 2.13729732151796 1.65845921019814 6.40389030073394 11.5327468980135 18.6774059731917 NA NA NA NA 1.48219693752374e-319 1.48219693752374e-319 1.48219693752374e-319 0.000590810390706922 1.48219693752374e-319 1.48219693752374e-319 1.48219693752374e-319 2.59672047002606e-05 1.48219693752374e-319 1.48219693752374e-319 1.48219693752374e-319 9.11600166583482e-07 1.48219693752374e-319 1.48219693752374e-319 1.48219693752374e-319 5.29335649978513e-09
1.48219693752374e-319 1.48219693752374e-319 1.48219693752374e-319 1.35419394478442e-09 247.969586755667 229.004524462471 235.984177831904 211.996659281852 7.05453340725379 7.05196605803934 14.0100142905072 16.6863873638506 25.0031709767886 NA NA NA NA 1.48219693752374e-319 1.48219693752374e-319 1.48219693752374e-319 0.00144392964101092 1.48219693752374e-319 1.48219693752374e-319 1.48219693752374e-319 3.60882744595541e-15 1.48219693752374e-319 1.48219693752374e-319 1.48219693752374e-319 0.00111076605557992 1.48219693752374e-319 1.48219693752374e-319 1.48219693752374e-319 4.38169694999715e-08
1.48219693752374e-319 1.48219693752374e-319 1.48219693752374e-319 1.46718577803074e-07 264.215981724067 237.646629683318 231.803552450032 203.379840754992 9.24580511630101 9.87682215091078 14.9725822977257 25.0574479479189 27.7754045705389 NA NA NA NA 1.48219693752374e-319 1.48219693752374e-319 1.48219693752374e-319 0.0387746679457836 1.48219693752374e-319 1.48219693752374e-319 1.48219693752374e-319 6.05915257094367e-06 1.48219693752374e-319 1.48219693752374e-319 1.48219693752374e-319 5.73234738310652e-05 1.48219693752374e-319 1.48219693752374e-319 1.48219693752374e-319 7.30257595628669e-05
1.48219693752374e-319 1.48219693752374e-319 1.48219693752374e-319 0.000289926874290643 257.350296518537 253.826852632681 233.820059297522 220.101964542196 7.97543085022879 0.914688745096099 6.25512442577294 11.6896606122008 22.811051593375 NA NA NA NA 1.48219693752374e-319 1.48219693752374e-319 1.48219693752374e-319 0.000696972050752376 1.48219693752374e-319 1.48219693752374e-319 1.48219693752374e-319 0.00218597266103884 1.48219693752374e-319 1.48219693752374e-319 1.48219693752374e-319 6.79582959069952e-08 1.48219693752374e-319 1.48219693752374e-319 1.48219693752374e-319 1.74856368332588e-10
1.48219693752374e-319 1.48219693752374e-319 1.48219693752374e-319 1.19252027351703e-07 261.7188164974 241.556942580517 231.203760446183 214.776302342743 0.967918034592594 3.7164913544224 2.19761444024216 6.86987742832047 14.8122112075002 NA NA NA NA 1.48219693752374e-319 1.48219693752374e-319 1.48219693752374e-319 0.00106913385368615 1.48219693752374e-319 1.48219693752374e-319 1.48219693752374e-319 9.62705556950758e-07 1.48219693752374e-319 1.48219693752374e-319 1.48219693752374e-319 0.013500071398992 1.48219693752374e-319 1.48219693752374e-319 1.48219693752374e-319 1.85237514459956e-05
