"U_1_Gam_alpha2F" "U_2_Gam_alpha2F" "U_5_Gam_alpha2F" "U_10_Gam_alpha2F" "U_1_Gam_alpha1F" "U_2_Gam_alpha1F" "U_5_Gam_alpha1F" "U_10_Gam_alpha1F" "U_1_Gam" "U_2_Gam" "U_5_Gam" "U_10_Gam" "Sylvia_Sparse" "FM_RevJump" "MBC" "DPM" "FM_Raffaele" "U_1_PC_alpha2F_01" "U_2_PC_alpha2F_01" "U_5_PC_alpha2F_01" "U_10_PC_alpha2F_01" "U_1_Gam_ProbKp_01" "U_2_Gam_ProbKp_01" "U_5_Gam_ProbKp_01" "U_10_Gam_ProbKp_01" "U_1_PC_alpha2F_09" "U_2_PC_alpha2F_09" "U_5_PC_alpha2F_09" "U_10_PC_alpha2F_09" "U_1_Gam_ProbKp_09" "U_2_Gam_ProbKp_09" "U_5_Gam_ProbKp_09" "U_10_Gam_ProbKp_09"
1.97626258336499e-319 1.97626258336499e-319 0.000184219564231604 0.467129072371389 342.676220032707 326.572528738783 259.515553948686 210.23285098864 0.00747902796987205 0.0186508333252993 0.252905548864518 1.0047197902874 0.841768920568322 NA NA NA NA 7.70618048806166e-248 1.97626258336499e-319 0.00769639649984289 15.8414726501414 1.97626258336499e-319 1.97626258336499e-319 1.52818853819896e-07 225.098353211402 1.97626258336499e-319 1.17146148080805e-73 7.61430536862393e-19 0.149255024719097 1.97626258336499e-319 2.87742032271911e-105 7.89307952429951e-05 0.164523613412043
1.97626258336499e-319 1.97626258336499e-319 0.018830048613791 2.62083457209209 366.685504363857 378.06124615935 361.243242660088 296.536246759808 0.295708924705724 0.227113431553274 1.22598833603359 4.60615137128546 5.92428584099671 NA NA NA NA 1.97626258336499e-319 5.88871807095291e-222 0.000648013752149148 139.619626188866 1.97626258336499e-319 1.97626258336499e-319 0.000543863113096478 245.48514887128 1.97626258336499e-319 1.97626258336499e-319 0.000605753744209816 6.61680958610378 1.97626258336499e-319 1.97626258336499e-319 5.08942125810109e-07 7.82588841550285
1.97626258336499e-319 1.97626258336499e-319 1.44268679175166e-05 0.465304680169081 398.777267470788 362.167104822738 361.869190130861 326.595826491722 0.00165547302052001 0.0054388169408358 0.409442259766647 0.725569863179582 0.884673121724644 NA NA NA NA 1.97626258336499e-319 1.97626258336499e-319 3.90053706805434e-05 233.191030395399 1.97626258336499e-319 1.97626258336499e-319 4.32734174976473e-07 274.042112563662 1.97626258336499e-319 1.97626258336499e-319 1.17901591369895e-14 0.0686865822714941 1.97626258336499e-319 1.97626258336499e-319 9.0875013301603e-15 0.0431845760119733
1.97626258336499e-319 1.97626258336499e-319 4.09711750667417e-06 0.340340230768886 332.090145316393 317.231930758223 255.945796704159 250.433940314946 0.0130352085574493 0.00478204834006993 0.215360692465427 0.565379169638418 0.484595989959707 NA NA NA NA 1.97626258336499e-319 1.97626258336499e-319 0.00127472904430115 17.6579606116664 1.97626258336499e-319 1.97626258336499e-319 7.34448865963074e-05 241.45956310272 1.97626258336499e-319 1.97626258336499e-319 1.02429283604929e-13 0.167494540139556 1.97626258336499e-319 6.04706132095462e-139 1.96052591630543e-10 0.0701400408951149
1.97626258336499e-319 1.97626258336499e-319 4.86774303771328e-06 0.906625081624999 293.152968726483 314.177604781126 285.640202034191 289.355071149046 0.133385280309573 0.0700805448581904 0.598059619334406 1.70522099312978 1.92161652029756 NA NA NA NA 1.97626258336499e-319 1.97626258336499e-319 4.41402063843973e-06 24.5018105255044 1.97626258336499e-319 1.97626258336499e-319 0.017301130278153 239.790421715328 2.14736336053305e-141 1.97626258336499e-319 9.31475329775377e-07 0.929872648415769 1.97626258336499e-319 4.54469745891567e-208 0.00687121969964678 0.614362337063884
1.97626258336499e-319 5.10649310743049e-186 1.07000977690813e-05 0.778748954274386 225.947454320009 240.666918822889 187.255806625346 160.336754000053 0.0710931259432245 0.0296480384967231 0.629661819828502 1.21716073446051 1.33338015059159 NA NA NA NA 1.97626258336499e-319 1.97626258336499e-319 0.00023150595929635 9.85192332054107 2.4084630122482e-235 8.0854912712344e-70 8.89589657018834e-06 141.463378993616 1.43626082898731e-245 9.99129001710129e-74 2.00078972351377e-07 0.387265889693861 1.0054274302205e-184 1.97626258336499e-319 0.0649163346451213 0.103380799847922
2.01814247206987e-236 2.61172036590938e-185 2.44794719703066e-06 6.97364294986725 270.996969720554 318.507225861106 284.450394963808 261.659620166889 0.802286463137506 0.272884765274292 3.01028007778867 10.1602767507925 10.8551118398663 NA NA NA NA 1.97626258336499e-319 6.73715923667188e-199 0.000811214373699498 102.782081947437 1.97626258336499e-319 3.58931990594193e-192 0.00558592392711301 202.213209862914 1.97626258336499e-319 1.97626258336499e-319 0.000430532340589738 16.8099359346379 1.52034376055563e-238 9.1354826059891e-146 0.265213042184175 18.7169157555515
1.97626258336499e-319 1.97626258336499e-319 0.00122445440912868 5.22133777966849 358.815796062803 380.119592493159 322.153912568371 291.445116771688 0.69825949100045 1.11616913640085 2.96824820637846 8.15197827294811 9.62274802099249 NA NA NA NA 1.97626258336499e-319 1.97626258336499e-319 0.0178310751420412 183.802005802181 1.97626258336499e-319 1.97626258336499e-319 5.90713633209164e-05 257.038285138323 1.97626258336499e-319 1.97626258336499e-319 0.00211266627981156 9.48589690106542 1.97626258336499e-319 1.97626258336499e-319 3.67246546375948e-12 18.5207823458302
1.97626258336499e-319 1.97626258336499e-319 5.0778749164985e-07 0.45615413945733 351.893538985068 316.137207177338 305.42894276112 279.078036292045 0.0502725192645472 0.00235001489517685 0.403770289900068 0.787504699629548 1.00144921516792 NA NA NA NA 1.97626258336499e-319 1.97626258336499e-319 0.0080843728417756 31.9459055535864 1.97626258336499e-319 1.97626258336499e-319 0.00105444380465194 237.760963990912 1.97626258336499e-319 1.97626258336499e-319 9.26826020980033e-17 0.129513863534548 1.97626258336499e-319 4.01008711861966e-110 0.000441111024112215 0.207801193825242
1.97626258336499e-319 1.97626258336499e-319 0.0459783392787364 0.183981304962778 250.527331854761 218.101610065383 185.326247498048 181.536242152054 0.01401711199067 0.0358060814553732 0.311791905981248 0.420611276416314 0.537752155273745 NA NA NA NA 1.97626258336499e-319 1.97626258336499e-319 0.259615304702187 4.49786652732351 1.97626258336499e-319 1.97626258336499e-319 0.00070539711896492 146.504235417536 1.97626258336499e-319 1.54567820658737e-174 3.9156984930394e-05 0.0289051454607122 1.97626258336499e-319 5.42832022650942e-210 0.000774037674262564 0.00695743854305634
1.97626258336499e-319 1.97626258336499e-319 0.000157102570968335 2.18182865015187 435.401065208943 381.873794860705 387.903123649321 380.069282134025 0.0667748037706693 0.13824139044783 2.79108698685712 6.23978737916296 4.19261528448521 NA NA NA NA 1.97626258336499e-319 1.97626258336499e-319 1.2531088628149e-07 275.498433602133 1.97626258336499e-319 1.97626258336499e-319 1.95302200497775e-05 283.838246176052 1.97626258336499e-319 1.97626258336499e-319 0.000155746837314279 1.74096919831936 1.97626258336499e-319 1.97626258336499e-319 1.08595629318862e-06 7.86985687945321
1.86731657998879e-309 1.00891493796766e-178 9.63420853120459e-06 1.88921589261673 348.218723964168 342.163676766692 309.526295879691 325.689024174138 0.355731586918051 0.192352227102409 1.97273196538991 3.53592010644497 4.94915229878152 NA NA NA NA 1.68056817993335e-110 1.97626258336499e-319 0.0004940013053374 112.73307916501 6.70315336206116e-163 9.67767455281813e-276 6.85688313435737e-06 260.830108096237 4.64458405442814e-210 1.97626258336499e-319 1.62222897432382e-07 3.7078099888323 1.19973405906341e-179 1.97626258336499e-319 2.9370072371948e-06 4.41344026755576
1.97626258336499e-319 2.178113948832e-247 5.23137543469434e-05 3.09970487780741 280.526571697028 247.1951198803 276.321553690141 238.945022420046 0.490210909120289 2.81527564311821 0.971034091201352 4.53596101779153 5.80736775208861 NA NA NA NA 3.89825460189096e-214 1.97626258336499e-319 0.000929091721251467 45.8492641398135 1.97626258336499e-319 1.08027403899566e-254 0.000436715448106847 170.066828935447 1.97626258336499e-319 2.69790153412375e-91 0.00424606328730188 5.27523105513672 5.39778783093698e-286 2.30387247159184e-305 0.000467858279522566 2.33046283717699
1.97626258336499e-319 1.97626258336499e-319 2.65847437050703e-08 0.697594921337759 367.53684522668 374.539498185321 318.535249601654 271.193295308106 0.0174233183298926 0.00940598903902252 0.269260119594622 1.36368700289477 0.908105649100729 NA NA NA NA 1.97626258336499e-319 1.97626258336499e-319 0.00160888697381511 114.171560039623 1.97626258336499e-319 1.97626258336499e-319 3.54949250522705e-07 262.791892314313 1.97626258336499e-319 2.85349676883942e-225 1.29840929766381e-05 0.236306439337752 1.97626258336499e-319 1.97626258336499e-319 0.000601575384132958 0.656932316169429
1.97626258336499e-319 1.97626258336499e-319 0.00068097956272075 1.43409435656038 250.850745463568 279.257247878078 285.322107413154 226.156923594763 0.321220950667055 0.179975917913315 1.37434747885606 2.54406483577794 2.99510269404298 NA NA NA NA 1.97626258336499e-319 1.97626258336499e-319 4.60109362262329e-05 27.2398364787563 1.97626258336499e-319 1.97873291159419e-319 8.9626140951763e-07 191.823492361318 1.97626258336499e-319 1.97626258336499e-319 1.24998942611873e-05 1.73557121944402 1.97626258336499e-319 3.55353591246525e-267 2.31483147200745e-05 2.33432222087738
1.97626258336499e-319 1.97626258336499e-319 7.26862775593118e-05 6.02105638185367 370.178822967601 406.704904490489 391.676559896573 372.496042849965 0.429866031120523 0.559253660068477 5.75383190688371 7.95665579982954 11.1006780630177 NA NA NA NA 3.54186080324864e-121 5.70334311371179e-314 6.21233614163653e-05 281.600482276913 2.63127854689082e-174 2.68428003573832e-235 0.201327222369189 273.458168634466 5.88109760614134e-120 5.94725897256218e-148 0.00275354339087664 23.7635274983556 9.58035157892142e-86 2.38433378778032e-307 0.0142756897922213 54.1478187704811
1.97626258336499e-319 1.97626258336499e-319 4.74128840954888e-07 4.41389513888385 350.629990680421 343.876014328175 346.65884788282 300.680907654214 0.527957526352894 0.835004408137515 4.19710858484591 7.10775416844327 7.75454295435199 NA NA NA NA 6.25239081533702e-258 1.97626258336499e-319 3.33312290005032e-08 159.544841543516 7.88303931537603e-113 1.97626258336499e-319 0.00146290964698343 240.136449136231 3.65129890928911e-236 1.97626258336499e-319 0.00155843624568511 14.4032773251214 1.97626258336499e-319 1.66534329733203e-155 0.000220475031307548 16.214317994499
3.28529342830139e-289 1.57755082613899e-303 4.65413537229306e-06 3.2775215581324 418.651497863216 457.196565346248 425.614229717125 377.595427221925 0.219457898011013 0.28493262935341 1.40521742066438 7.897872123219 7.56470238737722 NA NA NA NA 2.06808422900341e-101 3.31642941121432e-256 1.47503293894609e-07 293.933882238368 1.97626258336499e-319 1.16860305669066e-312 3.29971777807863e-06 283.842125338328 1.97626258336499e-319 2.86430984100426e-28 7.55435387464212e-06 8.74353186461302 4.90604521823543e-232 9.37107961754912e-44 1.51428150272328e-06 19.2229535712261
1.97626258336499e-319 1.97626258336499e-319 2.69724810046143e-05 0.267890036546756 187.83731079677 183.221698163734 181.937346446787 172.46557266935 0.0106742178747881 0.00526497319466435 0.26550478848014 0.423053352584258 0.400798844219904 NA NA NA NA 1.97626258336499e-319 1.97626258336499e-319 0.00218762989851841 4.83426147151622 1.97626258336499e-319 1.97626258336499e-319 4.0564393021881e-05 144.1957639729 1.97626258336499e-319 1.97626258336499e-319 1.05656420473864e-14 0.00473232354100454 1.97626258336499e-319 1.97626258336499e-319 0.00159583221025784 1.41042739597569e-09
1.97626258336499e-319 3.09138804234231e-219 0.931244745735132 3.543475431025 273.462954111528 262.609356809273 274.10466859838 231.048650919513 0.315877713888918 0.477930809393343 3.52835872789773 5.60711694591315 5.38657507840895 NA NA NA NA 1.47661677435093e-314 1.97626258336499e-319 2.98337143618821e-05 53.4061835419199 1.97626258336499e-319 1.97626258336499e-319 0.000318957261852901 199.790169589866 1.97626258336499e-319 4.82196688715183e-104 0.00252370697666004 0.822070899140545 2.4245252928604e-83 1.97626258336499e-319 0.00104163901188236 7.6911986837893
1.97626258336499e-319 1.97626258336499e-319 1.37372178997119e-05 0.579504589711266 314.860635369377 341.202316218913 341.82705601039 285.791176931159 0.00791554093538443 0.0111063163383663 0.254690399564335 0.847761428417015 1.37310452567285 NA NA NA NA 1.97626258336499e-319 1.97626258336499e-319 0.000679870607379935 100.003276116889 6.36420938185141e-226 1.97626258336499e-319 2.20968022631397e-06 256.160792248454 1.97626258336499e-319 9.00650048185939e-213 3.71351989383517e-08 0.228796507970885 1.97626258336499e-319 1.97626258336499e-319 1.48875860030596e-12 0.754774797149173
4.50914234760674e-298 1.97626258336499e-319 0.000720102364660003 3.03465413339752 337.497487646625 346.68832420604 312.792037703732 270.008680793581 0.601229037462231 0.27236670931963 3.39256306485843 6.4242434317419 6.22959603758903 NA NA NA NA 1.34348423347936e-281 1.16287920206073e-151 8.98103144507116e-06 95.0742448888369 1.97626258336499e-319 1.97626258336499e-319 0.0779344242234291 216.900204413979 1.97626258336499e-319 1.97626258336499e-319 3.41959117128174e-05 5.45810079457153 1.97626258336499e-319 1.97626258336499e-319 0.000557823387170097 10.7017010914546
1.97626258336499e-319 1.97626258336499e-319 2.60807755749971e-05 1.17514780576757 334.844668703241 340.548894447162 329.902005167214 318.611494714895 0.0350178751503887 0.0479943338896075 0.673506432327119 3.02446186745636 2.95332238245872 NA NA NA NA 1.97626258336499e-319 1.97626258336499e-319 0.040935105380367 125.313230789444 1.97626258336499e-319 1.97626258336499e-319 0.0017523047719726 252.86002789959 1.97626258336499e-319 7.2091652102385e-97 2.57616579349551e-09 1.64894599539421 1.97626258336499e-319 1.97626258336499e-319 9.50464387095689e-05 1.86603854063236
1.56760895768195e-35 2.19773605277993e-69 0.0545711038261043 5.12089764442129 303.670278408769 315.136204250702 324.048135814027 279.880239511798 1.24524034885124 0.947436966943111 2.23252822903389 7.09736565335394 9.38440078346037 NA NA NA NA 1.97626258336499e-319 4.02317120029787e-113 1.09387169328847e-05 78.111179533546 3.73214060229134e-70 1.42694163016433e-69 0.000105908403544485 217.127085888726 6.56073456211557e-22 7.64101904606779e-09 0.00309305386374512 11.6028520551716 2.66691218974434e-109 1.72950261963533e-50 0.00146179323181346 16.5033522677455
1.97626258336499e-319 1.97626258336499e-319 4.99490028035002e-09 0.300252527233739 296.835368505428 297.669543940037 249.376714994083 217.732396437669 0.00181008936661591 0.0119259046719495 0.134088370718 0.730157042901693 0.885216850473535 NA NA NA NA 1.97626258336499e-319 1.97626258336499e-319 7.25701289556786e-05 12.0973048587206 1.97626258336499e-319 1.97626258336499e-319 4.36270533807556e-12 223.541317203149 1.97626258336499e-319 1.09011878602608e-153 9.82152847484446e-13 0.123558788324998 1.97626258336499e-319 1.97626258336499e-319 8.58932599538106e-42 0.24745147107689
1.97626258336499e-319 8.02923645620374e-166 0.167665349748642 0.888909655838406 220.394231074787 267.609335877558 235.324363285758 221.088168252234 0.0140366828967003 0.0639909637886084 0.347263380225247 1.47068119522503 1.60751323022523 NA NA NA NA 1.97626258336499e-319 1.97626258336499e-319 3.79169579319392e-07 23.5538630462933 1.97626258336499e-319 1.97626258336499e-319 4.25650841656423e-07 147.393359276912 5.23221527130808e-255 9.67980410068837e-293 0.0108562880842112 0.425275088400621 1.97626258336499e-319 1.32673090293128e-191 0.000286468399050365 0.00200932879709202
1.97626258336499e-319 1.97626258336499e-319 3.74618501304822e-07 0.33867487415938 276.75264133863 236.47607966007 235.722062017429 214.882177916576 0.0181495252455475 0.00268669330371158 0.222341386239517 0.919513421918095 1.04914086536099 NA NA NA NA 1.97626258336499e-319 1.97626258336499e-319 0.00113055424721432 14.9928240899627 1.97626258336499e-319 1.97626258336499e-319 3.36547408707512e-09 200.232609848849 1.97626258336499e-319 1.97626258336499e-319 0.00190629952514711 0.161449970718557 3.17173546186884e-245 1.97626258336499e-319 2.9956321228428e-08 0.140704939249373
3.19735624249367e-237 1.40381033270055e-142 9.94244408443466e-07 3.79120087108786 261.006990696156 283.890729694063 312.603834974049 277.543713732512 0.931233206659814 0.534549566891348 4.06374164272763 6.14016437562978 5.23325346949487 NA NA NA NA 5.13309480161135e-90 9.4504747740103e-235 0.0268953937168311 42.4275457783864 1.43696570995398e-183 1.97626258336499e-319 8.72552924722891e-07 211.989061591128 1.97626258336499e-319 1.97626258336499e-319 3.35337974802434e-09 2.39225820676273 7.94076970085509e-200 1.97626258336499e-319 0.0155923620007566 3.68601064640574
1.97626258336499e-319 1.97626258336499e-319 1.90530899013202 6.46519293420839 352.99078555116 329.671666438956 326.186868861932 290.814656730396 0.9738970556201 1.42795873254117 9.11281921775732 10.9467560255408 14.7051161007228 NA NA NA NA 1.97626258336499e-319 6.28797984234377e-234 4.96172958845896e-08 137.811760400626 1.97626258336499e-319 1.09801678094452e-310 18.294452084712 226.299272386585 5.0149392282647e-318 1.97626258336499e-319 2.90925820216786 7.53579866374433 5.10947654369775e-232 1.1557105428402e-123 5.06771353831283 6.05073231489568
1.97626258336499e-319 1.97626258336499e-319 3.10241278972446e-05 4.00983191624741 350.639234167585 299.104170218973 302.663934711615 275.960528445222 0.451294293680829 0.373117147374158 3.80760405404176 4.60857206949141 6.45859139049983 NA NA NA NA 1.97626258336499e-319 1.97626258336499e-319 1.02580560715929e-06 112.739832579804 1.97626258336499e-319 1.15320884242674e-148 0.000838902976079058 235.359362289818 1.36100409585016e-199 1.22422295640037e-55 0.00225726535833789 7.86932594355013 1.88793356392151e-286 3.83647632144788e-249 1.54703802664053 12.7126236711722
1.24381456292919e-235 7.02396506257237e-293 0.00193931945341215 2.85268420920815 391.444944610414 385.930974059902 337.905322177887 310.931510004423 0.573930627203042 0.318733343500667 2.04628522904769 7.9350982915829 6.71548425492222 NA NA NA NA 2.07451718883545e-308 6.75470695908808e-313 0.000140470710387495 174.196210862997 4.54469246502987e-195 1.97626258336499e-319 1.7522508126665e-05 253.19898567729 1.15423941231617e-202 1.97626258336499e-319 1.39201255638108e-05 6.81635337291242 1.71596688325867e-258 4.8026953543839e-262 2.8374002133741e-06 11.8229600774503
1.97626258336499e-319 1.97626258336499e-319 2.29859850739889e-08 0.530512020824917 264.577188847783 218.758349225863 276.530140343708 219.123073782938 0.006460537492064 0.00667046061334386 0.475199915673031 1.18077488829555 1.22789571724175 NA NA NA NA 9.80359956757621e-315 1.97626258336499e-319 0.00109863922031915 15.5983030949843 1.97626258336499e-319 1.97626258336499e-319 7.03817100795333e-05 172.134350655997 1.97626258336499e-319 1.65202097464024e-239 2.54520405373485e-14 0.00869957565994523 1.97626258336499e-319 1.97626258336499e-319 0.00035810536906847 0.231388364866271
1.97626258336499e-319 1.97626258336499e-319 1.96751992842439e-05 0.581645381426792 340.859984833196 354.157700825644 285.743985321422 261.290283244522 0.0222064791709333 0.0852536765049245 1.27246740450249 1.40359832855065 1.33784103772505 NA NA NA NA 1.97626258336499e-319 1.97626258336499e-319 0.000148320823100013 65.2497553046183 1.97626258336499e-319 1.97626258336499e-319 0.00243133536012137 238.627590239367 4.02345238665326e-106 7.65202235484857e-111 1.70098753729935e-10 0.0228170877806965 1.97626258336499e-319 1.97626258336499e-319 7.09332133235384e-05 0.940801250556472
1.97626258336499e-319 7.39998993489472e-299 6.31025604782011e-06 2.26768145800061 388.671436207878 332.528515932423 374.848632803328 340.996112706948 0.0732722953850622 0.306222189465739 0.752863123852161 3.57475627472999 3.28718051442559 NA NA NA NA 6.76632014595053e-80 1.97626258336499e-319 3.60971168676592e-05 248.02014000535 1.97626258336499e-319 1.97626258336499e-319 8.59938776533236e-09 280.280791849655 1.97626258336499e-319 5.60029727738105e-263 1.91671149022978e-05 5.99418993580676 1.97626258336499e-319 1.97626258336499e-319 0.00041070347877628 3.17541251116809
1.97626258336499e-319 1.97626258336499e-319 2.04320284680271e-05 0.520735404917107 239.019287269526 304.320624693159 237.763426204271 244.612849886407 0.00540296832584608 0.00391398227718557 0.310702039050669 0.926217422797428 1.19966490265347 NA NA NA NA 5.57339149204465e-175 1.97626258336499e-319 5.95862896594302e-05 17.0419143542479 1.97626258336499e-319 1.97626258336499e-319 0.00111908969420896 221.68599439659 1.97626258336499e-319 1.97626258336499e-319 7.56121458251438e-09 0.213934939900534 9.02323380145697e-240 5.04536017559312e-236 6.81631406790913e-10 0.190895325040524
1.97626258336499e-319 1.97626258336499e-319 5.71619251026078e-10 1.7389259234955 319.486499778368 332.467234038996 302.568643984947 278.109731936841 0.247716446639313 0.244888061127909 0.600094973670026 3.08252021740573 4.04274452385601 NA NA NA NA 9.09550372851444e-295 1.97626258336499e-319 0.00247560622582491 73.5319926141712 3.65337618246362e-120 1.97626258336499e-319 0.000154271960935788 225.322362565752 9.06295820633577e-81 3.40788009798267e-39 0.00257752273412288 4.03761148026627 1.97626258336499e-319 8.99289672414346e-31 0.000267407323296405 3.58704103648463
1.97626258336499e-319 6.33913689933888e-274 0.177976192022729 1.06716421498362 218.43773256921 235.045182884987 259.679273432473 232.023982141614 0.0734334206552953 0.235414458333608 0.421351304395428 1.9388970647765 1.60741060512471 NA NA NA NA 1.97626258336499e-319 1.97626258336499e-319 0.00169803902889264 18.1563845955954 1.97626258336499e-319 1.39927709389932e-289 0.653820755447911 160.244372365914 1.97626258336499e-319 4.25411388917431e-149 0.000191431316910727 0.790162796093959 1.97626258336499e-319 1.97626258336499e-319 1.3053974980488e-06 0.905817323562596
1.97626258336499e-319 3.33236157228067e-298 4.78722085627134e-11 7.15311105081745 440.528291258972 424.863279551402 386.346671442997 384.462413269695 1.06472173588085 0.109365271821505 3.33856834342467 16.0850978483314 13.5810877183749 NA NA NA NA 1.97626258336499e-319 1.85933855491745e-211 0.001135262477143 323.489289546698 1.97626258336499e-319 1.97626258336499e-319 2.77606563156606e-08 289.311942231592 7.97761454456843e-233 5.48220161254056e-191 0.0153098766412138 67.7906872328556 2.11085954918342e-195 1.97626258336499e-319 0.000275609303605672 90.5790824569037
1.97626258336499e-319 1.97626258336499e-319 0.00115825192174038 2.57961688506138 421.39571567369 395.795996741457 375.425538446693 324.682240945914 0.102274009568881 0.149869498976748 1.87596814981522 4.1183835314382 5.19168104778368 NA NA NA NA 1.97626258336499e-319 1.97626258336499e-319 0.000516784149253348 179.851524372978 1.97626258336499e-319 1.97626258336499e-319 0.0109037507058016 263.545588063901 1.97626258336499e-319 1.97626258336499e-319 0.00152165563262161 2.40723437020117 1.97626258336499e-319 1.97626258336499e-319 0.00153678218577227 10.1403482121462
2.8822268320615e-198 1.97626258336499e-319 0.000279714037956458 14.464771679451 457.496035536095 465.757589803777 420.202451786834 407.848485636497 4.20335678299247 6.43861511781991 7.27735177050997 24.8746915429334 24.1789199085739 NA NA NA NA 1.97626258336499e-319 1.97626258336499e-319 0.000425477122774159 330.189842173502 1.97626258336499e-319 6.71505333640137e-200 9.7229968372645e-05 294.93028224402 1.97626258336499e-319 1.97626258336499e-319 1.89554759578493e-06 147.659116104199 1.97626258336499e-319 1.97626258336499e-319 2.82844570576236e-05 296.431770621242
1.97626258336499e-319 1.97626258336499e-319 7.89000221416207e-05 3.93500425412304 412.214897117642 369.847427410678 375.102936669886 314.173774805914 0.401799799680149 0.459776460725019 3.65807317819457 8.18467536768296 6.45952754307181 NA NA NA NA 2.79837068853457e-59 1.02023184465394e-105 0.0053592295514449 214.162656192256 1.97675664901083e-319 1.01447887581199e-196 3.75668589230299e-08 266.382945507972 1.05303611699747e-152 1.97626258336499e-319 0.00155289975536016 10.1262008468819 1.11957466383866e-150 1.97626258336499e-319 0.00438109748514598 20.4289773364309
1.97626258336499e-319 1.35937044115477e-177 1.98166032358701e-05 0.521881258073864 321.947894801684 348.367241839439 312.623661963695 287.319109408938 0.00507298644699868 0.00649173718183358 0.265079393220056 1.15596909297595 0.961263336083659 NA NA NA NA 1.97626258336499e-319 1.97626258336499e-319 7.4073191883346e-05 45.964865331604 1.97626258336499e-319 1.97626258336499e-319 0.000163393107476569 248.335301364262 1.97626258336499e-319 2.40124621207288e-246 8.94995799758829e-05 0.15673334548626 1.97626258336499e-319 7.55970315229678e-178 9.55135280312088e-17 0.240178276024421
3.5341799063911e-88 7.66606043339634e-104 1.80877207286743e-06 3.71114773423895 268.086226247445 269.631642987742 279.016577855425 235.526305896197 1.33405376728338 1.40925543933262 3.17081440420819 6.31039241360699 6.55379237020542 NA NA NA NA 1.95654933764846e-62 1.50605686255225e-110 1.07401535917565e-07 54.5134119296798 1.95951594538866e-81 1.02171759745825e-97 0.00177534050191028 191.879585006296 5.32480226969814e-18 2.23245363668539e-48 6.83970984298563e-09 8.65996242269242 4.82310729890802e-138 4.08923127876223e-40 0.00214057579552264 10.5400612250284
1.97626258336499e-319 1.97626258336499e-319 2.84675334722838e-06 1.14064374126634 289.492896224945 348.829311206644 246.405113705317 227.417688246563 0.23303198852902 0.10439067065329 0.918523815292996 2.00073285670903 2.33443142765094 NA NA NA NA 1.97626258336499e-319 1.97626258336499e-319 0.00119640317137361 27.7884819870771 1.97626258336499e-319 1.97626258336499e-319 0.00073207458964661 221.910428675815 1.97626258336499e-319 1.97626258336499e-319 4.60668868826971e-06 1.54969665565806 1.97626258336499e-319 1.97626258336499e-319 0.000847982328990483 1.39358045648527
1.97626258336499e-319 1.97626258336499e-319 0.00105450230290492 3.32869089207848 373.069417141208 415.436561258387 370.134611288845 350.250977268548 0.419281061558135 0.607727132310628 2.0053507676513 4.22031556966104 6.8015574241585 NA NA NA NA 1.97626258336499e-319 1.97626258336499e-319 0.00315044826074764 221.884450427697 1.97626258336499e-319 1.97626258336499e-319 0.000701687308394335 273.117375284923 1.98816956542976e-319 1.97626258336499e-319 0.00871675518053003 7.60341527778012 1.97626258336499e-319 4.90935766146327e-240 5.95604789803563e-05 14.2287004686638
1.97626258336499e-319 1.97626258336499e-319 2.12451030517098e-07 2.90024727927014 409.25208185181 380.247389403529 346.282116536288 314.182650233473 0.338513677852461 0.331766613503845 2.072549498912 6.67722582230416 7.11866850649938 NA NA NA NA 1.97626258336499e-319 1.56729951609211e-311 0.00368511150285002 215.341206598329 1.97626258336499e-319 1.97626258336499e-319 6.53977439000924e-05 265.183706456316 1.97626258336499e-319 2.61511423894943e-299 0.0485501062098892 7.21957688703683 1.97626258336499e-319 4.88955146908761e-177 0.000400171290541685 9.58125953807411
1.97626258336499e-319 1.97626258336499e-319 8.00428777912929e-05 3.0174075362374 379.036854843372 357.643507083981 350.229300773688 329.799500868637 0.269556790542435 0.242575267975386 2.82780092353411 5.49182994425074 5.22183656684597 NA NA NA NA 1.97626258336499e-319 1.97626258336499e-319 5.99536071113924e-08 171.107076535363 1.97626258336499e-319 1.97626258336499e-319 0.00383353732614265 259.14623897766 3.32751653716879e-111 1.97626258336499e-319 4.30820415381707e-06 6.1576272568895 2.73612047522285e-138 1.97626258336499e-319 0.009201209719596 7.17149210360949
1.97626258336499e-319 1.97626258336499e-319 0.108769401671685 1.07295616283235 239.924962250568 273.954074893115 263.451725025457 236.54756904133 0.227000008443891 0.201235070486278 1.63118034931849 2.13052440691037 2.59755000489498 NA NA NA NA 1.97626258336499e-319 1.97626258336499e-319 0.00258038686444529 27.5256592816711 1.97626258336499e-319 4.21503452980962e-174 0.00893129874510304 164.864804900321 1.97626258336499e-319 1.97626258336499e-319 3.46072565872111e-06 1.25157559588264 1.97626258336499e-319 1.97626258336499e-319 0.0701587498007235 1.34005710171505
1.97626258336499e-319 1.23426820031237e-260 0.35421611257207 0.635133784987862 159.542858369673 183.790337951457 157.069842369005 142.360192045591 0.0806316001270504 0.0421192984670368 0.289242119108449 1.428118975286 1.39167866156862 NA NA NA NA 1.4690106708412e-176 1.97626258336499e-319 0.000449734044564152 7.14351007517403 1.60347981942082e-154 1.97626258336499e-319 0.371586554002328 84.0911815352254 1.97626258336499e-319 4.77188878383548e-75 0.0503950270674624 0.107024424223804 1.31899416815261e-138 4.57124077547155e-110 0.0646848181620951 0.274916172070766
1.97626258336499e-319 1.97626258336499e-319 0.000690596804719568 1.31515695512284 411.763757402955 375.791119043437 331.609881309149 304.15434609666 0.18002036835257 0.0487036813449583 1.05291978473763 1.84396779339367 2.95168580265179 NA NA NA NA 1.97626258336499e-319 1.97626258336499e-319 0.000540843741475306 93.2874030969083 1.97626258336499e-319 1.97626258336499e-319 0.00942074009719281 252.715560657787 1.97626258336499e-319 1.97626258336499e-319 5.15073787349532e-07 2.15506716303633 1.97626258336499e-319 1.97626258336499e-319 0.0146209110255356 1.28166108552522
7.42697796699752e-249 1.97626258336499e-319 1.9270078143531e-06 0.64749889115227 206.806958998424 203.815300568645 185.705314870037 183.604261344535 0.0936899768469705 0.0383459330140527 0.826353279088994 1.0270797051535 1.1741788894695 NA NA NA NA 5.78105963676057e-185 1.77929900099515e-217 5.90504881954887e-05 8.99151960727054 8.47789959565375e-124 5.31432471792267e-09 6.77569379026878e-05 116.337770318691 1.41056948339659e-179 1.31538412462097e-24 0.0245513857896026 0.478065712558485 8.25443620400517e-167 1.22117898035126e-159 0.0141184754693949 0.620727476275447
1.51357410382458e-60 1.75146622898809e-111 4.02078602066973e-10 4.19479476422082 334.254756064517 342.646012093165 310.512285223399 257.250452112961 0.660593411111542 1.55156654086261 1.6140730612406 6.70616925644359 8.7564504340373 NA NA NA NA 1.63453571191159e-92 3.4428856384505e-165 0.0060072182081725 75.4877384854667 4.34565328352752e-77 1.79698636023291e-130 1.64715146581623e-08 228.359373824869 3.63292670153104e-44 1.68350147208064e-128 0.00120101652880414 10.2168376456467 2.48014969540588e-22 3.73357307000095e-90 0.0109315593457897 11.7097786396748
1.97626258336499e-319 1.97626258336499e-319 0.00152564733336668 4.54356541774452 297.905878948216 250.561334026992 267.441844576024 246.235563961416 0.445765213305595 1.35338169824888 4.34812460891901 5.94278822413673 8.02397032307066 NA NA NA NA 1.97626258336499e-319 1.97626258336499e-319 0.000517370644282636 51.5399070287904 1.97626258336499e-319 1.97626258336499e-319 5.44803666822716 160.136314087642 1.97626258336499e-319 8.66031507804659e-223 0.745847042512813 8.04879252628541 1.97626258336499e-319 1.97626258336499e-319 0.000151474529333336 10.3212036375158
7.71339858549894e-282 1.97626258336499e-319 0.658267799477775 3.37326002712147 210.354146363407 241.377921902263 208.894450353901 194.462962555856 0.391428371926641 0.509371242986576 2.34707924847179 4.9622069707657 4.56355123897067 NA NA NA NA 1.97626258336499e-319 1.97626258336499e-319 0.898985640347859 38.0306535000697 1.25111915626577e-272 8.12947459724085e-310 3.43311387029665e-07 126.046390612038 1.97626258336499e-319 1.97626258336499e-319 0.195660904399243 1.23521503014777 2.75575536768754e-105 1.97626258336499e-319 0.428097233639971 4.58845522377771
4.7949958836627e-228 1.19146571607106e-293 0.000219468413144018 6.86580182164492 411.745386496738 431.232616337114 416.620297818552 357.964479004255 0.798927561698023 1.00767657019264 3.18459449560672 10.1043357539765 12.9699713226567 NA NA NA NA 1.5655284486031e-285 1.82818556840324e-301 0.016567301962381 313.975902818667 1.7917296721646e-173 1.97626258336499e-319 1.45973779940771e-09 286.869249972381 1.97626258336499e-319 2.85632313750129e-223 0.0642064888360076 48.6224794267535 1.14114797687395e-178 1.97626258336499e-319 0.000308747263116936 87.1669137614601
1.97626258336499e-319 1.97626258336499e-319 0.000400849643336994 1.30749676389344 239.179037207822 290.308664522298 238.79254007311 241.70032197846 0.0520344654441096 0.0470746649732432 0.492019088973732 1.95333463140309 2.84517965265481 NA NA NA NA 3.6144494217557e-283 1.97626258336499e-319 1.32752742931787e-06 29.4591223470983 1.97626258336499e-319 1.97626258336499e-319 3.41493751707203e-07 196.059998638642 1.97626258336499e-319 1.97626258336499e-319 3.5355519998898e-08 1.45426271551417 1.97626258336499e-319 2.68527920882638e-269 9.04239497948128e-05 1.05644410505338
1.97626258336499e-319 1.86082786298391e-160 0.785257110927835 2.58617254703163 363.273741752519 375.308449244222 303.766014163455 271.162147116952 0.811860053288456 0.343772148063748 1.27382983901249 6.50356268693089 4.9745542780849 NA NA NA NA 1.97626258336499e-319 1.97626258336499e-319 0.0178320900111819 77.2402031040147 1.24802827255313e-239 7.45704751757471e-286 3.66188231924013e-07 222.032755417925 1.97626258336499e-319 1.97626258336499e-319 0.819952356153279 4.24838441838803 1.97626258336499e-319 8.86277638402181e-289 1.10210014819546 7.60345694557739
1.97626258336499e-319 1.97626258336499e-319 4.44211995888566e-06 2.9689337399174 350.294530887342 287.91595383285 295.243511908952 271.32089357507 0.204857559494725 0.151506773369923 1.545578113204 4.61959735420495 4.74304223355219 NA NA NA NA 1.97626258336499e-319 1.97626258336499e-319 0.0439695911534973 69.8144446004078 1.97626258336499e-319 1.97626258336499e-319 6.85664404470919e-07 220.898616259671 1.97626258336499e-319 1.5048002829949e-66 0.000577941336786369 4.59088467961382 5.60084376843354e-247 3.78585420792872e-86 0.000311919098971019 6.86205564321143
1.97626258336499e-319 1.97626258336499e-319 6.91992085451594e-07 0.700353439343982 229.211922634336 239.453564797839 275.896231151249 224.587862673004 0.00844922886067126 0.0258453332957859 0.771384860140819 1.88909944099416 1.48771088472419 NA NA NA NA 1.97626258336499e-319 1.97626258336499e-319 0.00022092344600732 26.3675858384281 1.94114254796455e-295 1.97626258336499e-319 8.04168318993637e-08 205.588107663589 1.97626258336499e-319 1.97626258336499e-319 4.29390274246649e-07 0.399555284359723 1.97626258336499e-319 1.97626258336499e-319 7.46191687642352e-06 0.46926554431756
1.97626258336499e-319 1.97626258336499e-319 1.76226753325486e-07 0.193561943823028 274.230518453338 213.004313978157 183.678437799439 206.249129888976 0.00714955995280121 0.0105499618659943 0.0643728064040957 0.306464998859824 0.265981047797432 NA NA NA NA 1.97626258336499e-319 1.97626258336499e-319 0.000158307331837973 6.90428963694583 1.97626258336499e-319 1.97626258336499e-319 2.24202721392544e-05 183.660295748908 1.97626258336499e-319 1.97626258336499e-319 3.6371823247852e-12 0.00616519495638183 1.97626258336499e-319 1.97626258336499e-319 2.76659633762189e-12 0.00475269616311247
1.97626258336499e-319 1.97626258336499e-319 0.139887066182507 0.820907292671151 262.304319061796 209.018356946568 202.301439312516 226.674192697608 0.0111523576356695 0.0753702213892041 0.397030940625707 1.23800782464806 1.53525032821976 NA NA NA NA 1.97626258336499e-319 3.32757733723633e-226 5.07498277472065e-08 22.4018211483319 1.97626258336499e-319 1.97626258336499e-319 0.882740481581673 165.37811608543 1.97626258336499e-319 1.28293592284183e-118 0.00267450289839518 0.0938629757115796 1.97626258336499e-319 1.97626258336499e-319 0.0144156659464285 0.490926484982378
1.97626258336499e-319 1.97626258336499e-319 0.00129254770927928 1.67801420639673 341.307044704629 341.450841782122 297.081369193698 243.587206331222 0.190546157259717 0.12436644690038 0.871538774925432 3.11496150332633 3.31426790930773 NA NA NA NA 3.90797056132337e-79 1.97626258336499e-319 3.8466521031579e-05 67.6066846485796 1.97626258336499e-319 1.97626258336499e-319 0.000250756514927119 226.775851817794 1.97626258336499e-319 1.97626258336499e-319 0.156381200176292 1.35535404553275 2.90563054604255e-291 5.03562487469198e-312 0.0574138927425278 0.567743381771621
1.97626258336499e-319 1.97626258336499e-319 0.000425455816288764 3.62973679627312 444.012991326342 398.427468421593 377.861067883447 328.27887586268 0.423636349033702 0.187166445088415 1.64234596084689 6.89185385143886 6.51360000731485 NA NA NA NA 1.97626258336499e-319 1.97626258336499e-319 0.000424285053711068 195.028129917824 3.12460645825095e-284 1.97626258336499e-319 0.00115816202234225 273.957544877374 1.97626258336499e-319 1.97626258336499e-319 1.35620838891939e-05 11.3359370444967 1.97626258336499e-319 5.73297720354181e-244 3.74224884314402e-08 9.09288694580827
1.97626258336499e-319 2.26362003975996e-102 1.05623943395865 3.63969628389069 341.999941237758 265.199971043556 250.440500900397 247.916399315529 0.644078564650115 0.613108325044851 2.4377544341873 4.38882457670347 4.34977351224274 NA NA NA NA 1.97626258336499e-319 3.45464995102821e-143 0.0141371976214049 43.3565084703505 1.97626258336499e-319 1.97626258336499e-319 3.38437705522658e-07 187.158628016983 6.42675552986552e-313 1.23847241408169e-59 0.980821820956939 4.29206113972032 1.97626258336499e-319 1.97626258336499e-319 1.98797435866475 3.00043411274291
1.97626258336499e-319 1.97626258336499e-319 8.41808900959667e-05 4.83527910019297 381.334499094406 393.558118451914 345.197069058876 352.191070279156 0.664700535881604 1.39493149226912 4.27684204683015 8.83890039191185 11.5176950923339 NA NA NA NA 1.97626258336499e-319 1.97626258336499e-319 5.56289574968904e-07 250.523458406742 1.97626258336499e-319 1.97626258336499e-319 8.19928637990508e-06 274.171185236458 1.97626258336499e-319 1.97626258336499e-319 0.0116985603094585 21.3401625712264 1.97626258336499e-319 1.97626258336499e-319 0.00231151359154007 39.8203986799938
1.97626258336499e-319 1.97626258336499e-319 5.72292691567178e-09 2.12306155336775 274.93090200876 316.052635514977 320.335613060546 246.808418729209 0.113152960159697 0.0834917733075471 1.40653130980557 3.22495034376215 4.51664992597768 NA NA NA NA 6.99002395702938e-184 6.97263230492418e-316 0.000210897724146701 59.492291226252 1.97626258336499e-319 1.97626258336499e-319 2.11343849612928e-05 227.684421250222 1.97626258336499e-319 4.19153514436595e-149 3.52340550932777e-08 5.12471148681712 1.97626258336499e-319 1.52199101823869e-186 6.2048038610108e-05 4.23586007338775
1.97626258336499e-319 1.97626258336499e-319 2.24228093813995e-05 7.47936254223768 331.582669823194 409.410817889922 417.822864153424 356.839335766895 2.21612238267925 1.43152960244492 9.91896956224442 11.7656092027575 15.7753097527162 NA NA NA NA 1.97626258336499e-319 4.49110553127526e-138 3.98578632824896e-05 260.670568516791 1.97626258336499e-319 1.97626258336499e-319 2.09729317400648e-09 275.873768426312 1.97626258336499e-319 1.03032779032577e-284 0.00318089779026499 37.3506536911191 1.97626258336499e-319 1.97626258336499e-319 6.35742136677261e-05 65.6523617492443
1.97626258336499e-319 1.97626258336499e-319 3.37408443345227e-07 0.82175309195118 293.683469485689 279.456159114696 298.157854632437 261.03083405925 0.126469884995508 0.11097470985043 1.10877729150997 1.73960449902573 1.66139719561129 NA NA NA NA 1.97626258336499e-319 1.97626258336499e-319 0.000286378141656235 33.8308485398438 4.31993671738966e-219 1.97626258336499e-319 0.000289359665433938 217.981432164402 1.47831758107266e-185 4.43636092259961e-160 8.94416903408648e-05 1.31725028464989 4.11976448362829e-213 2.70787883693278e-13 0.10756493443822 0.281018821936506
5.83144597696669e-40 3.24916299732294e-94 0.682468439499868 3.23371901608403 278.943843025309 262.608510837118 266.904617904177 235.347967890395 0.6036854758882 0.812446701897494 1.79123697185463 3.60233221317375 5.00748509987107 NA NA NA NA 6.66043767718328e-90 3.70401161874968e-80 1.2850173986785e-05 41.1510972335168 3.30152703758228e-70 4.46187333571715e-36 0.00184653502466191 181.805758770335 7.60213548538193e-161 1.42491734863484e-06 0.484839314372956 4.2275448436397 5.61756476568794e-19 0.000714490772853604 0.00254575537178433 5.37225283553137
1.97626258336499e-319 1.97626258336499e-319 5.55934189018914e-09 0.510589690491686 277.693717716894 322.949417931016 325.518669548068 299.694574478571 0.0529658981104055 0.00651923958954317 0.428359584987122 0.891062160974072 1.2822082644141 NA NA NA NA 1.97626258336499e-319 1.97626258336499e-319 8.07735090194076e-05 81.8118196896663 1.97626258336499e-319 1.97626258336499e-319 3.69002153010867e-06 257.125132757964 1.97626258336499e-319 1.97626258336499e-319 1.6456004168152e-10 0.0440040130530419 1.97626258336499e-319 1.97626258336499e-319 6.12553524284534e-10 0.348801639415985
1.97626258336499e-319 1.97626258336499e-319 2.01331880077864e-05 1.38350762026595 339.844549278028 295.713363581145 281.242029719532 215.776755135838 0.186890043166042 0.110551707863342 0.804807038353514 2.49962733925891 2.4630643378973 NA NA NA NA 1.97626258336499e-319 1.97626258336499e-319 0.000529581637287857 46.1877514261754 1.97626258336499e-319 1.97626258336499e-319 1.08690635587786e-05 208.082792930592 2.66978170892904e-48 6.56683657137235e-135 1.80754162921549e-07 1.82212714078403 2.25520938942664e-98 1.97626258336499e-319 0.000344762057237761 1.68047331052961
2.36901440002622e-294 1.97626258336499e-319 0.00211378648265363 0.662094384833193 239.232657917543 156.394595179695 168.74918038311 176.997310452282 0.147329943514666 0.13272398052992 0.685194904366634 1.0687886559916 1.4156721326822 NA NA NA NA 2.3087507277095e-96 1.97626258336499e-319 0.719761798423459 9.55073078838472 1.94460257205249e-298 2.0697466404465e-75 0.472097986709453 140.658694558768 1.97626258336499e-319 1.3199085857182e-26 1.93725757845312e-08 0.600403536382122 1.97626258336499e-319 4.11594837525589e-304 0.0627389971795144 0.589500819590597
1.97626258336499e-319 1.97626258336499e-319 3.14749466409724e-06 1.81910987701543 396.644853256482 392.088112863558 294.782394907679 329.179470691369 0.0662084286341569 0.0902611338026161 0.691346779433964 3.52954827363578 2.03835227489258 NA NA NA NA 1.97626258336499e-319 1.97626258336499e-319 1.70146992057672e-06 211.563590789556 1.97626258336499e-319 1.97626258336499e-319 0.0025965817492299 270.826977243259 1.97626258336499e-319 8.56317169329555e-195 2.40680156924709e-06 3.76857256614586 1.97626258336499e-319 1.55371319206335e-52 0.000220342101529596 6.61948609329206
6.28379114960602e-308 1.97626258336499e-319 3.81920898110167e-05 3.36283463911499 356.703236805568 286.59877349913 300.429250791142 271.204387421329 0.279547852817441 0.334798274410086 3.53237015183154 5.98777757125891 6.88988145039087 NA NA NA NA 8.32918194631675e-147 1.97626258336499e-319 0.000875222837300476 88.151726659278 1.38471234779234e-228 1.97626258336499e-319 0.00900626066935692 212.258562645131 1.97626258336499e-319 4.38756611488402e-137 0.259234229586642 8.55210509034992 2.72573314108112e-223 2.83009793142985e-150 0.0221148278883952 8.43278467573445
1.97626258336499e-319 1.97626258336499e-319 0.00023305942268838 6.76421319514804 343.000985576048 371.201909600476 344.30868350437 296.079244315506 0.779976174700826 1.3692428402685 4.26749990561529 11.8598787982834 13.3173219052612 NA NA NA NA 1.97626258336499e-319 1.97626258336499e-319 3.94226481009154e-08 132.515270787388 1.97626258336499e-319 1.97626258336499e-319 0.00254718252555653 242.857700161553 1.97626258336499e-319 1.97626258336499e-319 0.036396685148417 21.8310142304608 1.97626258336499e-319 1.97626258336499e-319 0.00335967370753079 30.1349515217139
1.97626258336499e-319 1.97626258336499e-319 7.60628384646885e-05 0.975419160206353 338.969659856575 357.319281763556 310.420579417589 287.205112845137 0.00716218992717857 0.036397968163116 0.430441545130301 1.67901198787562 1.83286454657414 NA NA NA NA 1.97626258336499e-319 1.97626258336499e-319 6.18608243829272e-09 89.6481262650633 1.97626258336499e-319 1.97626258336499e-319 0.00138843765718607 256.936766628933 1.97626258336499e-319 1.97626258336499e-319 2.89450380442e-12 1.35482269555583 1.97626258336499e-319 1.97626258336499e-319 2.69106266581893e-10 0.293407554371768
1.97626258336499e-319 1.97626258336499e-319 1.34842293918201e-08 2.46126185734156 356.412970176389 331.934744410388 371.252541645165 310.159352862493 0.377920575181754 0.279978605744989 1.71455527041864 3.96187423336407 5.24488336369492 NA NA NA NA 1.97626258336499e-319 1.97626258336499e-319 0.00873873354532911 108.119494368145 1.97626258336499e-319 1.97626258336499e-319 0.000310619069632239 255.305859109622 1.97626258336499e-319 1.97626258336499e-319 0.000128529201035807 4.84436714039852 1.97626258336499e-319 2.14108288281763e-319 5.92293042534722e-05 5.40337371351829
1.97626258336499e-319 1.97626258336499e-319 0.115553469627299 0.643316860922262 294.416159082462 263.735066122076 217.234088145633 243.728888455503 0.0377471077951427 0.0229691872427814 0.212861240548179 1.07262770538508 1.3311385860134 NA NA NA NA 1.97626258336499e-319 1.97626258336499e-319 9.38482609960194e-05 35.1677865721837 1.97626258336499e-319 1.97626258336499e-319 7.4573095032477e-07 207.383455780603 1.97626258336499e-319 1.97626258336499e-319 9.99341357180626e-08 0.440264807626177 1.97626258336499e-319 1.97626258336499e-319 2.51618730509739e-13 0.53562569406075
1.31105437396028e-184 1.97626258336499e-319 1.32220347890863e-08 1.1592801372455 193.060474060798 197.407864922205 222.341251276815 173.233072729989 0.183784697580956 0.0332520102307412 1.0348904379382 1.99212496861149 2.30970557935158 NA NA NA NA 6.62613113706828e-115 1.97626258336499e-319 0.000680986313260496 20.7001093821123 3.36134364040724e-147 1.97626258336499e-319 0.000758436825877039 131.239699638222 2.70318210888561e-182 2.75911282151356e-72 1.89519178448031e-07 1.44965450442714 1.0723203129677e-149 5.28353241405358e-07 0.040288287718313 1.41181202556547
1.97626258336499e-319 1.97626258336499e-319 0.000429172963540265 0.276260953961584 308.13388969263 302.670707442242 318.179283184712 293.056403606172 0.00080449319180283 0.0620205039836173 0.255635190581108 0.827085459722967 0.894629937004997 NA NA NA NA 1.97626258336499e-319 1.97626258336499e-319 0.0210257040546187 80.5892875577 1.97626258336499e-319 1.97626258336499e-319 5.4939756392426e-06 252.634643629459 1.97626258336499e-319 1.97626258336499e-319 1.48528537994222e-11 0.079758202392221 1.97626258336499e-319 1.97626258336499e-319 6.80546980903771e-22 0.0418004117829762
1.58659916423713e-209 1.4889358663864e-157 0.000451555736709735 2.71227176249455 324.096269072003 347.587932738766 336.749906772096 316.562353960248 0.251742202841244 0.0987182696867858 0.72796816529506 4.38195650451253 4.2509477604471 NA NA NA NA 1.30541614453922e-82 1.97626258336499e-319 0.041823556713306 130.894684449161 4.57768276448147e-86 1.97626258336499e-319 2.23191225970358e-05 252.676240645512 3.76129482360609e-88 2.95224719782443e-37 6.30509187901089e-06 5.20326705769964 5.15858938272357e-136 1.97636139649415e-319 0.000349951387535286 5.15238507777555
2.02534244206691e-258 1.97626258336499e-319 1.80247220851706e-07 1.16488356367013 283.374912288192 273.155925968092 245.214791336674 224.743633821919 0.0295805333281972 0.149910736257206 0.960396099601526 2.1227336134687 3.01240606820099 NA NA NA NA 1.7957500055336e-247 2.06114075658299e-284 0.0852247324900735 24.1940593561106 1.89596055182301e-307 1.97626258336499e-319 0.000447880671617233 208.500886450309 1.19611975418083e-118 1.97626258336499e-319 0.000201452048949758 1.23178649788664 1.34842254850713e-267 1.97626258336499e-319 0.00126583478258509 1.35222372383812
1.97626258336499e-319 1.97626258336499e-319 1.48249846860126e-05 2.02238495995292 376.801303863614 316.687678429638 296.368324453772 257.004738779904 0.274781006066606 0.0503339399581721 0.644767734042675 2.84040694124569 2.66542849368971 NA NA NA NA 1.97626258336499e-319 1.97626258336499e-319 1.50565606604906e-09 96.2242177636953 1.97626258336499e-319 1.97626258336499e-319 5.47554364644579e-09 236.510601027394 1.97626258336499e-319 1.97626258336499e-319 0.00240812699572759 2.34270322752452 1.97626258336499e-319 2.08414415003856e-293 0.000454767366916237 1.29060590270445
1.30287148805251e-148 6.96146856980698e-57 0.000166115227970933 7.14421292676561 359.738824431003 330.029482539967 328.739725945945 297.795057398677 3.44390480709794 1.25472497264613 4.23539853822256 10.9454594855026 13.7054685252113 NA NA NA NA 1.82031095572328e-136 2.32722712446288e-234 6.94941225984436e-08 160.269907889529 5.22593425243015e-248 6.61425293259516e-55 2.36182537165382e-06 251.144233516935 1.64318753097456e-71 3.3581266187092e-89 0.000267515023658305 27.8016183842234 1.97626258336499e-319 1.67239803241801e-47 0.000342197044717299 21.0520939701951
1.97626258336499e-319 2.36265560215883e-112 0.000310743213016691 1.43988540166996 329.808321402343 308.592650328529 267.53757753555 272.523063100687 0.242527709206708 0.0767224142899939 1.26958373749403 2.84567228734291 2.99770651579019 NA NA NA NA 1.97626258336499e-319 1.97626258336499e-319 0.000300614364654951 89.2561074977392 1.97626258336499e-319 1.97626258336499e-319 0.000210314418428734 246.968206860277 1.97626258336499e-319 9.74055485526998e-147 0.00273072887191815 1.41283920110439 1.97626258336499e-319 4.1876221054067e-285 3.1048874075816e-06 2.34976422052277
1.97626258336499e-319 1.97626258336499e-319 1.8181308394022e-05 0.456850136110713 353.997573423472 331.142362874073 330.23873860997 234.95721199622 0.00850855175418175 0.00268799139847825 0.20553709008118 0.83563868869898 1.01684829674029 NA NA NA NA 1.97626258336499e-319 1.97626258336499e-319 2.12736302747698e-06 22.2146071726367 7.39475473048152e-190 1.97626258336499e-319 0.000853084322452894 229.189511900553 8.01189526701138e-272 1.97626258336499e-319 2.71635379080176e-08 0.112006507224453 1.97626258336499e-319 1.97626258336499e-319 1.22382960272032e-07 0.248385702611342
1.12833678222571e-106 6.10528772150185e-156 0.000871918943765958 3.56188021405463 322.847987491983 273.123709776982 299.326023507111 254.532470752565 0.845701651395179 0.57388609599858 1.18953953560996 6.47877955948012 5.97965993760491 NA NA NA NA 2.75807719047403e-57 3.44229037643088e-44 0.000587094761717633 54.2963314590092 3.56516168313341e-09 3.75458313759692e-73 6.60290910830144e-05 204.619838438236 6.11814286713608e-07 9.37921975242477e-13 0.000261624053681098 5.72491015805923 1.88356028337805e-45 1.71197718692675e-25 0.000116635927266989 4.12835765756413
3.06983190800797e-279 9.67714862993878e-261 3.62458486204794e-05 1.23302746492298 285.793886700236 281.583927933768 289.319882577216 248.718265884025 0.105427606788071 0.192342902144839 0.474340185277995 1.99994617996526 2.36906573648068 NA NA NA NA 6.00386718947441e-262 1.97626258336499e-319 6.28660208192583e-10 33.7799502492931 3.59710217382399e-237 1.97626258336499e-319 0.000236369792056345 217.222118382823 2.83026609610197e-229 1.06605419719942e-296 3.58835785854337e-11 1.34541510896976 3.08226404702651e-81 2.1369991310719e-36 0.00116817084918482 1.62398107099854
1.97626258336499e-319 1.97626258336499e-319 0.152473070241093 0.645946720379289 116.698677677635 176.213586128288 154.573053013849 162.450978059536 0.105800925071687 0.0335146391498383 0.57429223850695 1.00570835074814 1.29295768728904 NA NA NA NA 1.58305499499114e-207 3.53350656789156e-278 0.000365530811595125 8.31080379649909 4.89378533557192e-36 1.97626258336499e-319 0.412875344682299 81.3195259177847 8.55450841157028e-129 6.96965791950136e-57 0.023517266662649 0.0658266452454297 1.11913485224356e-222 8.28659438907189e-38 0.0006415716794703 0.00655273901674872
1.97626258336499e-319 1.97626258336499e-319 0.00287816907549164 1.38271107954632 403.292704720569 349.733542655578 402.482387755811 341.584646953089 0.0860521847835912 0.0610752226979607 1.21666796666145 2.92993625358262 3.15814250160265 NA NA NA NA 1.97626258336499e-319 1.97626258336499e-319 0.00773869133634928 237.117947655157 1.97626258336499e-319 1.97626258336499e-319 0.00347558338004898 273.416306873198 1.97626258336499e-319 1.97626258336499e-319 2.6512419902427e-07 1.18519682562439 1.97626258336499e-319 4.68358445794563e-258 0.000290204447165592 1.74987434006107
1.29182157668618e-97 1.97626258336499e-319 0.000293127057946029 1.2526011371388 326.702411891028 275.873319521558 281.630661188485 263.569184014476 0.0847113637889847 0.0313584010556544 0.581357413558148 2.08360132973875 2.78681568687441 NA NA NA NA 1.06932502906752e-187 1.97626258336499e-319 0.00889197847150484 72.2017686228025 1.97626258336499e-319 1.97626258336499e-319 0.00242143216074517 239.362813506007 1.97626258336499e-319 5.41735288531811e-32 2.21250219311028e-06 1.43834154285192 3.22041976197537e-124 1.73513121154008e-55 0.000926502062652502 1.66589788791342
1.97626258336499e-319 6.92334492591216e-309 0.0268563838508072 2.98059701445588 263.118929781064 249.986241591604 226.548601396061 205.249882273269 0.930774571566344 0.938296208650708 1.09768285050534 3.83034054688228 5.53417317311836 NA NA NA NA 1.84153493464977e-82 2.59238455062692e-258 1.51438050497604e-09 30.6033583217613 2.49781156377332e-269 1.97626258336499e-319 3.79813997856641e-08 159.609263585229 1.97626258336499e-319 5.47025300502076e-85 4.65814898157514e-06 5.53398126577208 1.97626258336499e-319 1.97626258336499e-319 0.0101842329286018 0.745691803937605
1.97626258336499e-319 1.97626258336499e-319 8.09239272179751e-07 0.286618697697316 205.615655772973 232.212669291998 193.550020312895 209.304198639723 0.00915152035860738 0.0119887125540406 0.295274054740628 0.595669881456246 0.813600824950438 NA NA NA NA 1.17434762505124e-226 1.97626258336499e-319 0.000556848992357614 7.54790600150708 1.97626258336499e-319 1.97626258336499e-319 5.73773785578737e-09 180.289696165914 1.97626258336499e-319 4.32218705069316e-221 4.00644357357264e-07 0.164667376502037 2.11330676880959e-254 9.04891374247177e-144 4.42632040059446e-15 0.111130382416442
1.37483680263709e-263 1.53696667306801e-124 9.69130378221582e-06 1.05167126438429 192.466686052518 211.123685443196 198.945991140271 172.789415226127 0.0648795714662263 0.0758917595648335 0.451553975066772 1.4400835485262 1.49628854434743 NA NA NA NA 7.70041369450595e-219 1.97626258336499e-319 5.80943079729386e-05 10.4373098922158 1.97626258336499e-319 1.64215116986981e-256 0.624357426455266 117.972809440323 1.40934162429012e-216 8.85841867744529e-47 2.06887334983314e-06 0.270131712873814 1.25239119554231e-317 4.14180857892227e-284 0.0591642211838762 0.470116435745167
1.97626258336499e-319 8.61344425661339e-248 0.560402204304843 2.15816518474586 214.7295538935 268.625354751288 252.259142719807 224.978675582079 0.289660957247129 0.636169054553328 0.66493173521889 3.37792118738867 4.93459485845036 NA NA NA NA 1.28527010046988e-307 1.97626258336499e-319 0.0138686677957781 33.2337429666386 1.97626258336499e-319 1.97626258336499e-319 2.13799550797518e-07 149.008591667205 1.97626258336499e-319 3.15985036859519e-243 0.165562889333008 2.55661319561887 7.458705578885e-233 2.18061640728797e-109 4.42214416428755e-06 1.04055196224787
1.97626258336499e-319 6.39664493010375e-152 4.8929411104392e-05 1.08516296504972 281.585696025402 254.4393945734 245.140710432077 229.961334426941 0.183604294680364 0.0463044419112277 1.33930386989648 1.76688648875194 1.69365830325822 NA NA NA NA 2.06449120861065e-270 8.32735608148156e-293 2.83718446975054 37.6120122444505 1.97626258336499e-319 2.89306580018594e-156 6.12412821584906e-05 195.342462177171 1.97626258336499e-319 1.97626258336499e-319 0.00207874781385343 0.136191639080041 1.97626258336499e-319 1.97626258336499e-319 3.50053756365454e-08 0.289843530321651
8.09496197560157e-239 7.54121901950341e-220 0.00381809159453237 2.38890177263721 343.231850892622 339.753684530519 305.238548221004 283.576459652899 0.617672500778603 0.364668167800895 2.36852921294152 4.06729450462959 4.78993713874658 NA NA NA NA 2.19010846295454e-140 1.43140537874328e-150 0.000177405547579798 74.1310619369209 2.18811793230171e-319 1.97626258336499e-319 1.14229783845426e-06 238.7831662523 1.97626258336499e-319 5.30780185972201e-180 0.000122665421750988 3.3658639149564 1.97626258336499e-319 1.43115841790255e-222 7.97239109354512e-07 5.98824356051962
1.40498471235676e-90 4.73027180789605e-09 0.0363559882922311 12.2002829096752 366.256949261066 353.710521608402 314.837496597768 307.244406622664 6.94723735413243 2.31077525890428 5.45843640492962 16.5982280362923 20.0202479248349 NA NA NA NA 2.44950775318244e-122 1.2779124591558e-37 3.47547419339987e-06 164.771037606337 4.69907867700431e-166 2.12946378078804e-50 3.85322534422131e-05 244.027168164999 5.35313777181397e-36 1.36674536229472e-85 8.80611679991468e-07 35.6522150341069 4.7682692795115e-20 9.5665125101635e-22 9.05819059289292e-07 37.4214341716439
1.97626258336499e-319 1.83604546876833e-292 0.561157972147233 1.55191616828889 239.094190261384 251.752894923801 191.202762707489 192.684833960251 0.481520796309228 0.278530745265476 0.561739868397318 3.1130564879858 3.49495367179274 NA NA NA NA 6.78464901577938e-304 1.97626258336499e-319 0.000983906618468321 19.0167973273675 1.86353588587731e-168 1.97626258336499e-319 0.00426294080071093 136.950403446955 1.98698733461866e-194 1.97626258336499e-319 0.149927423081626 1.66549485126844 1.97626258336499e-319 1.20585100095869e-235 0.339684447141777 2.37616605729018
8.36705285850003e-179 4.04078330373571e-152 1.44641120492175 6.70466925184094 283.664519667411 315.131245304875 288.842070209562 251.013951790592 1.38763099478971 1.83952162735858 2.45070707360664 8.93009440296186 11.4032332851531 NA NA NA NA 3.15954026763752e-92 7.85182597134755e-65 9.42069393594682e-08 111.149500616495 8.21921629388021e-24 4.10561288006224e-89 0.001108804359233 218.964019419092 1.12925574762765e-205 1.87600755864222e-08 1.21001793245865e-05 22.4853585433069 1.70293642823163e-39 1.1434609529673e-28 0.000853599991277695 24.2662765601847
