"U_1_Gam_alpha2F" "U_2_Gam_alpha2F" "U_5_Gam_alpha2F" "U_10_Gam_alpha2F" "U_1_Gam_alpha1F" "U_2_Gam_alpha1F" "U_5_Gam_alpha1F" "U_10_Gam_alpha1F" "U_1_Gam" "U_2_Gam" "U_5_Gam" "U_10_Gam" "Sylvia_Sparse" "FM_RevJump" "MBC" "DPM" "FM_Raffaele" "U_1_PC_alpha2F_01" "U_2_PC_alpha2F_01" "U_5_PC_alpha2F_01" "U_10_PC_alpha2F_01" "U_1_Gam_ProbKp_01" "U_2_Gam_ProbKp_01" "U_5_Gam_ProbKp_01" "U_10_Gam_ProbKp_01" "U_1_PC_alpha2F_09" "U_2_PC_alpha2F_09" "U_5_PC_alpha2F_09" "U_10_PC_alpha2F_09" "U_1_Gam_ProbKp_09" "U_2_Gam_ProbKp_09" "U_5_Gam_ProbKp_09" "U_10_Gam_ProbKp_09"
6.83051881468059 4.36014403782465 6.20521118548767 6.55316606890256 165.208223019018 162.116651713156 171.554741159839 158.165318202038 8.46929669176335 8.65933767463814 8.37789919738907 8.48847086723968 7.33264510463315 NA NA NA NA 0.0370440772646787 2.82789405629053 7.50385309212412 16.1023686691705 0.0597137919572728 0.217570766081638 2.0992554343273 72.5782806431723 0.00640168590786334 0.00608998975511043 0.154274033434187 0.776297913956904 0.000191405278954959 0.0312746642339834 0.154647281558618 0.327661307299246
6.50131758816627e-08 6.92171838556916 8.28337958177473 8.91315049285839 252.254169142865 264.41063410126 266.760051488202 266.59722819502 2.01178170257877 11.4168664524557 11.3644784116972 9.95564151469658 8.92773854109819 NA NA NA NA 0.030159348589293 4.56563521802699 8.97634926119192 28.2390035240406 0.027052587921014 0.167482832137345 1.79482316884501 187.628003750062 0.0797399072080985 0.0137170469589148 1.39007647520088 1.03947519621858 2.82931564751605e-07 0.067476145382751 0.523342081800175 1.16280794546722
6.87659546604625e-06 77.7686780143042 67.7119211935877 67.3622271074369 699.262792430497 709.61514737628 676.479527460172 687.990510735645 15.5700261892393 83.5494249387953 69.9508070630756 73.697677865087 41.8388244169035 NA NA NA NA 0.047563666433182 139.387791170604 149.126534408235 220.521384454256 0.0233201865417777 200.28080562604 71.5903530914995 746.678447859927 0.0254279420024047 0.0620084086565347 9.04935458775254 25.2331128833803 0.020761363056652 0.150811067972007 1.45123019474645 2.91431852863792
0.00838146163028948 24.9531808226466 16.9588041426093 11.8303115795261 621.612030013511 545.773729543657 593.8605848212 528.842849319827 3.31865167182805 24.290390166513 20.8422173629299 20.8453662487264 17.3400468831506 NA NA NA NA 0.0206603351286141 27.3794718890143 32.8151123541867 63.2360015733066 0.0626307382399181 0.484856353795058 8.86985700110471 624.847761663701 0.0738699419786584 0.176940271140578 0.82813020191364 2.5924578361736 0.0129290494770623 0.0280176980078113 0.406636069040755 0.511943389009053
0.00946704294588777 172.064678682015 176.99821303448 167.398668615413 771.778492909217 769.016061283033 749.191658336244 741.826463798945 31.6156612746294 163.410025584998 219.825399476897 147.070960208579 187.007039329089 NA NA NA NA 2.83731632949606 194.048891198384 404.669565541868 387.556216242367 0.000989331822815622 235.663603969911 205.958331598671 770.244720314942 0.0901835173619022 5.64484618992207 14.3695212069105 10.2446837593074 0.339055446109469 132.076344429277 11.0129449950692 22.250172468245
0.000352926653405617 35.9098112720889 21.8765068051964 21.7481528443496 622.538754007648 615.461220165327 632.085044452371 602.022655298947 2.50523640919137 29.9978012669568 18.8449657990062 19.5203325320612 24.5503095197588 NA NA NA NA 1.77557416570396e-05 49.7980940452999 32.2240103247744 88.1897610862179 0.125285518516924 64.1204301220693 18.8209281398706 655.699902411843 0.00215788293738234 0.0735214306516437 0.317934548452712 3.51239391295785 0.018874723233058 0.176924940843897 1.03364751757603 1.51945413957768
6.26200457005452 6.60038781430522 6.11646299824197 6.64435124340317 176.65579747059 128.884812425302 142.246561294274 145.435757693286 8.29168892822448 8.25176710919995 7.8455004841192 7.83191075549317 6.60825025157867 NA NA NA NA 0.0825867491669613 3.00247395788257 8.46891462814695 15.8717011077259 0.0153925991135208 0.349221502369379 1.43130611453356 59.2845949681241 0.051739109470213 0.0863303811633734 0.168302516188331 0.617890224405281 0.0114518306137276 0.000787290504769714 0.732753230814068 1.05048909821826
1.84291516165115e-05 16.7448864220364 20.4432976216817 9.68992575336466 549.802080596495 424.022596894536 538.481411143096 499.695554498653 2.50368791109771 17.7382992792222 19.1095350614924 11.8050746151646 12.266231254802 NA NA NA NA 0.0035454106560595 24.738724307879 25.1701917025947 48.5249363160477 0.00581728463854666 0.501188225543662 9.22475192712145 490.098644702522 0.333431413062457 0.0811032687440198 0.170610938006161 3.66242791986946 0.0253412357460815 0.0356171689831312 0.216921470517089 0.419715094815693
0.006564420004962 87.5992927030076 47.8844804068448 55.6902694350948 617.506097044417 726.049006957715 734.590625853612 673.285678862266 10.9954207261664 64.4336366452271 52.086860383999 54.431805142032 52.0598641813071 NA NA NA NA 0.0189975860158168 81.3167330061175 149.377844765197 202.784149154677 0.107019487305741 116.901434793924 60.0823474660864 753.686965133483 0.00722312636773348 0.0596251375914995 22.0044038039763 4.45556895660588 0.0141346685310378 0.0323656963459202 6.85223571038887 5.25320898952874
0.0145969957148494 31.528400002232 27.2763679002682 20.7529096760789 625.651894213881 580.691407007535 604.712898191064 607.632013490297 3.68465879603296 22.4688603318715 24.1826770410923 21.9529627183565 19.5481868909527 NA NA NA NA 0.0286487763498023 44.8990751319006 41.0179368072498 68.3456813764928 0.0278638681106361 51.4643606562166 10.3401249500455 652.687878134229 0.010677875643313 0.021172685982198 0.318720839560788 4.46471700073243 0.120314063980535 0.0233999931803465 1.18891803383862 0.969565929470964
87.6853510886304 87.3900207835744 85.9759814430512 87.2934488715112 229.378691289943 255.652130307837 231.410815388539 236.857137544415 89.7919991548898 86.8839585001479 88.5045894566106 89.2767712709188 86.2582232573889 NA NA NA NA 81.0301629535124 82.8592770741355 89.9619021834236 102.269426004293 78.4554435224477 81.9870307083606 84.1190732326651 161.915827183731 78.5017456704492 80.1281582493073 80.6473594516238 81.7839586513365 80.6818284562618 81.3848043024809 79.3487000657845 79.699225379336
0.0019489433070685 8.00298424703778 9.67287114800939 10.1860550106569 474.762451410066 468.637046349829 469.846193734133 409.579577777639 2.09058223872732 11.8313140246217 14.8488167254853 13.4423114435162 11.3986722568788 NA NA NA NA 0.0213681989030553 7.39136841098925 17.7513851652966 34.4000618876812 0.0266710620787849 0.249769989146489 9.32602728751963 336.137822510341 0.00927014512192561 0.058498497875733 0.561634222976396 0.880639708556856 0.00259855592092234 0.029671674950561 0.152383930263795 0.932123734260235
3.83249049837924e-05 71.4230354185036 77.8362413724596 69.7775081892591 748.566636916783 714.700855143814 701.31445659752 708.790467941463 10.7768730858337 88.0274141548859 82.8085124392836 71.0684534118925 85.7342300142584 NA NA NA NA 0.249310923373382 91.1479491389864 193.334182936402 288.775210008541 0.031713764825145 109.87726782258 108.282739779838 751.301521742645 0.03769769191136 7.82978942869097 7.91618585171898 16.9080868625616 0.00758045701118795 0.447074813907632 9.39962305108397 5.73342753950203
0.000851852920288962 27.2863476076439 16.5737765655617 33.7463953144442 668.127850545476 632.943656460296 650.300588954161 584.56597683559 5.25790764321771 47.3495503972585 39.8840254289325 29.951510044431 33.4332936979091 NA NA NA NA 0.0330315465695109 57.1227188002724 92.4681057351154 112.353825014407 1.87118492677786e-07 69.9192682776459 20.2929498258298 707.089753461519 0.0398897342267974 0.0685679132464769 4.3660298985789 10.4626713387713 0.0220565914548132 0.100731340247705 3.8338407246094 8.47705678901999
0.0128644076629421 7.35561120611162 8.3596597062493 7.93010472900242 246.283348316199 346.186178726762 277.893324388252 262.161529935666 1.6479405589507 10.1868233622615 10.9929980244636 10.7815138539665 9.03275118769775 NA NA NA NA 0.0196005025073513 5.76055309256602 14.6186138466018 30.6114465521395 2.50927934568445e-06 0.227988672979475 5.82232719376244 176.170970118662 0.045331243664961 0.0181444541993771 0.474858627432163 1.23883803052357 0.0482551182853003 0.0235827203002366 0.135217227734443 1.28574766037693
0.0192677113379197 67.8082264430495 67.4737487464383 64.3419663512522 747.446843365745 733.09944352923 734.961359539098 727.292787763809 7.44752325607139 96.9315293641106 71.4083680145094 74.6721879951197 55.7943145355289 NA NA NA NA 3.97285387676491 115.382506875666 298.973896712339 264.144841468638 0.0234744805011378 158.322685086927 75.2476436074655 764.229323293095 0.108721766283371 0.0273869267217774 8.4560488343293 3.15179378518533 1.48501572911025 0.163404174931646 16.5838665509088 12.9245240768314
0.00364112321852569 19.9447794117942 20.3633434178946 27.9889304406849 560.93143200704 639.97050304526 613.518767389153 591.166914097489 2.25688865214422 39.5755811729733 21.2627997520626 29.495825137442 26.3121732498424 NA NA NA NA 0.00546200597017872 38.6159405038777 56.6986746568477 75.3638139799561 0.000784069599628762 37.1523343185603 18.4277833762943 632.510961835669 0.035277770066046 0.0763660882907195 0.328060827239698 1.75404665693561 0.0396457476000106 4.45514193432595 6.68674561215944 1.32243119801924
0.00319072490344993 112.63402850443 56.6658570880187 80.753268702846 721.967969880096 726.70324310153 736.842211296421 688.680149343111 5.92476723518146 70.4197905685352 85.6387092982702 80.3082347161445 58.6106540220663 NA NA NA NA 0.017634420612701 117.419715014661 193.788422722917 286.922975185105 0.0221755905206222 116.455927065633 147.692552022154 745.674331123022 0.0273149667650882 0.0503011377006036 7.19373280350233 3.93903487615676 0.00751792681053163 0.361677622857684 7.99724051119756 5.95976111667164
3.17442917585488e-07 9.77374973056047 8.72136197220891 11.7690954995508 378.188341067677 331.573348003042 384.900156908613 302.570265018017 2.20979773301794 10.0214034944667 10.0027284557983 10.4884247039876 8.32334431840434 NA NA NA NA 0.0679508458917672 4.92987763963874 10.8469906144276 28.3261759285727 0.026471504471043 0.45389102979408 6.60619707056276 326.549710382468 0.0141566088424378 0.0380613638685735 0.352868084478544 3.46057781048622 0.0101351274975548 0.00165018986044443 0.308005266227082 0.369754112212876
4.63315046900903e-06 9.12309537417855 11.5200866863254 12.4704953896606 435.212061325433 447.170847910657 396.944575625403 394.071964659184 2.02244589225166 12.9982439807001 12.3462049512008 19.5022660419729 14.0607418774028 NA NA NA NA 0.0288991668833372 9.62869754027273 32.8905940874871 33.408329261961 0.00133689838071847 0.390991656202091 8.95601732463418 410.62396750515 0.078523380025834 0.112462934450889 1.06476931874986 1.32486973765425 0.00506243056494173 0.113914204284371 0.398748738716485 2.86518034673566
4.70289694848919e-11 44.7728864210133 34.0198161660094 38.0429829716813 525.387370536074 623.93183959974 514.88046741174 453.288059687094 8.5071703581988 39.0706410852057 34.4617168549338 36.4879099234123 33.5122156406278 NA NA NA NA 0.00623975719874956 39.5622304644868 63.4141097629957 105.337665694391 0.188797930324486 1.03132677286567 25.0212151233624 590.646004495212 0.0770758621506076 1.30011328798358 4.10122241130247 4.92289229479141 0.0241651626953919 0.152099446674766 2.04612492898787 1.05618990925961
6.476419699345 6.40509119902934 6.51654602441895 6.91340383139627 138.047472180824 158.965564825414 141.878670557792 128.903024368054 7.93639452175548 8.25436362661226 8.15368998621155 8.0000625883491 7.60678319742891 NA NA NA NA 4.01430007092713e-08 2.41717617673327 9.20352102602336 17.497507360729 0.0189288557158899 0.264350221159426 1.97367992414663 59.28203866411 0.0009218872140762 0.0123228972346912 0.613557872181693 0.606530871048207 0.00963172286194884 0.0390120190240364 0.246886747216512 0.518283584439259
0.00843184330420828 10.9049803474221 9.6274622391766 12.5453893532436 319.084689699717 301.143097390781 286.996036102582 366.721169426093 1.8702928072999 10.8517372686708 11.0759548003116 12.2000463716737 12.1477385899154 NA NA NA NA 0.0133593779476959 6.46817714295816 19.3938588202847 34.5870489446065 0.0206930206976814 0.243385229690778 3.02712215360063 218.030690217542 0.0139327727406148 0.0915280304735668 0.494217993440433 2.61279185517915 0.0117431461675977 0.0803960751774013 0.2254980423395 0.639242465234165
4.11317333468791e-06 6.61437361956695 10.0076721749208 8.94314519602437 351.211979322101 258.746757365944 288.59198337014 335.819538866849 1.61018412094758 8.52962052072697 11.2274392662729 10.5330746766338 8.95939700761651 NA NA NA NA 0.0399601890638117 4.10310282408012 15.1923308798579 27.5283887256739 0.111933442120087 0.469285764992407 6.92140391858709 215.566081424875 0.0491560836252343 0.164759446745935 0.156832333469155 0.995458825372944 0.0304543659065957 0.021718289455068 0.160187824116895 0.460589017146158
7.99068060128373 7.47271209752122 7.10041280750993 7.01546492392599 198.38653656259 228.766192215159 195.880977862023 176.670823920404 9.30850352391921 9.59119769599246 9.22206229059305 8.63836869937807 7.70748401416423 NA NA NA NA 0.0337075769717251 3.08101371597328 9.89967792066667 17.16232347634 0.0124065966215944 0.252245359760699 1.64011134783545 76.1766960311308 0.0394420828954964 0.0665615590196862 0.566640403071592 0.591500290376287 0.0167725269436808 0.0207439424438309 0.972835901692029 0.805485417629222
6.56148684241062 6.56666438577318 6.84005809497839 6.56002681947167 142.354326105411 159.822288949866 139.154225954583 150.176748025859 8.52923370550136 8.30485950302696 7.83864159617935 8.41287944694274 6.92333428249691 NA NA NA NA 0.0270644950419583 2.7005344589529 9.22556356411783 16.6452601770419 0.0433395478201438 0.229836008643958 4.20324606884835 57.5986643280233 0.0137943453984526 0.0533804254658857 0.409539038713915 2.09528646622793 0.0106717703115276 0.0423331694623117 0.119150413868554 0.218184562643504
0.0216729080499444 94.8520796447114 74.4562221894968 65.4100051405545 735.345177215496 736.183612919734 735.8807669641 750.003400847378 13.5093853186555 76.1403517135272 104.110596456969 74.1065865397429 95.4482117603808 NA NA NA NA 0.0496094369414286 133.378965633814 262.516691508032 296.109283777616 0.0120936748386963 127.518551199583 156.722760211447 767.006996242301 0.0267441821314623 0.0565966839880509 1.67741485012641 17.1935965100141 0.0070805794483121 0.0129312252839776 4.4836485097923 9.23261085610829
0.00102961508628957 6.35184983509933 6.29310107670332 6.34488670413555 187.398279656953 135.341156229736 173.341080163681 131.55451416608 1.47729104103555 8.37580038838263 7.85035589933511 8.8535447744732 7.19621848598719 NA NA NA NA 0.0839998806803209 2.68031473566233 9.49241659572014 16.8317702913737 0.000790583023519645 0.279335347654157 2.2065345496522 60.4940576790755 0.0180779334344062 0.0363255245504858 0.530047543121343 1.01381825875271 0.00160077311971436 0.0402767279718894 0.826798486363009 0.844699675234749
3.93946136952177e-05 54.9328343247608 56.4706264364917 57.428486518252 706.135264907059 702.615064305309 701.65481968512 662.142208942002 9.9471214326561 73.1497313099896 63.7093695671946 46.1464475543304 57.0878923274614 NA NA NA NA 0.151848227212248 92.2436317494764 145.829753125638 206.396249491008 4.99910341383587e-05 131.391511125953 79.2668008073518 750.80915604448 0.00222827400566585 3.51623857240009 7.68861639926727 20.7540127106054 0.0225586531449224 137.277136108553 0.408914638344273 15.4078793609723
18.3514617469093 15.666673672071 18.4075292984948 18.9306251639976 177.002042393024 178.824773367768 133.948694632059 151.251947577019 20.7677427243691 20.7312926977752 19.2762022048771 19.993057200885 18.571888474883 NA NA NA NA 10.4559243092068 15.0989916302069 21.9192156043904 31.8111938270701 10.6095609412667 12.4194380579828 15.566770123809 86.8563714514342 10.5700259823377 11.1545296992459 12.9825013971662 12.0250846026825 11.3409844324841 11.2927311547126 11.1349240896479 13.9799916072604
6.33906819155222 6.35283332492721 6.62901447260876 5.98056196618376 162.05375751091 146.758236145207 172.35727853666 150.977368351721 8.69923468692336 5.67588814569964 8.11367095050049 7.29921202138739 7.06362560337999 NA NA NA NA 0.028465061366502 2.7944000706873 8.47500050267176 15.5107497040656 0.00670310062491458 0.26630702078022 1.47542511571323 59.7581474754827 0.0207644882793294 0.051839072865034 0.246850595545609 0.799821334398947 0.0605109989679512 0.0339166835603925 0.116322934232435 0.436335271388191
6.18955865388907 6.48050934150057 6.73451553359077 6.27199239760212 150.96916945396 149.527525178256 168.361986797833 148.058527395985 8.15499339301307 8.12321603418638 7.33800116832163 7.75295910257147 7.08508053674186 NA NA NA NA 0.0207730735627672 3.53914338283823 6.76725684831664 16.690129042038 0.0261356768379825 0.291040306145713 2.04837697181528 66.702835271646 0.0015917656061258 0.0216819748470774 0.307129399224014 0.557432553817892 0.0350997689324648 0.496423475689378 0.155394708706909 0.206891190821161
6.6601858339804 6.76296871495881 6.01548513767222 6.05149460444092 134.906352722835 180.333185187481 177.401428307397 160.336085211085 7.76510968015386 5.87083241523675 7.54698187948928 7.53795161688458 7.47933366380068 NA NA NA NA 0.0128938820109042 2.68801479729331 7.26434397444279 16.2906315744106 0.0651504030013572 0.260734661134777 2.14072904174921 58.6077581007986 0.00294783662450409 0.0733409999401127 0.289592007948064 1.19903877968591 1.50093127368787e-07 0.0512727772231139 0.279763827304983 0.347323825417664
5.88166754513226e-05 32.1502309240694 20.8952405386256 35.627789622265 682.043983334149 641.907198685645 599.478102632933 587.425672696918 5.8447968650415 55.900242137962 43.6620760597043 32.9025284374002 14.5137444619375 NA NA NA NA 0.0738385630341645 61.7555067423702 77.2163031281271 91.0338802778354 0.00977241848936018 62.2687427673333 10.7686520738036 703.547205895412 0.0154547869627747 0.0483744584305095 2.31317113378632 2.54347425547374 0.000681213941657002 0.0452396237848831 0.308668975817578 0.752005001411548
1.46375216350246e-06 103.441520913053 118.441299903821 79.6292972918785 731.275355605869 733.925695634761 749.001177767639 714.942786838526 5.97608582977881 142.13730336037 117.151778005501 103.756837407739 90.2511642907765 NA NA NA NA 4.08495509391802 186.66866092728 172.294928236753 339.453102764869 0.123247125124046 147.66708507546 161.341719443186 761.145111179982 0.132763663859009 0.639388492957075 16.3808921698889 33.1575919581675 0.0397240748848094 34.0320531321974 0.664302077508819 13.0897418245393
6.35461997040264 6.74161712754731 6.03150111903798 6.5761096838558 141.452380500024 178.793662466909 146.26855596859 140.858904323036 7.93152845744704 8.54817316794432 8.56615662404129 8.48744502215022 7.71613265059231 NA NA NA NA 0.0104105224879317 2.77961183318749 7.30920461870522 18.1476293353995 0.0114806937873388 0.287455683915081 1.87476152308236 66.4023730572819 0.0128209645420901 0.0329493256620305 0.3879897409553 0.868556295279335 0.00489628494111273 0.0413814816046033 0.791118814496565 0.289739999353253
3.15260801999036e-05 33.6840692648496 24.4030673052921 15.0879215695172 593.467050154731 511.01692288402 549.157049662505 549.233877414538 3.03843516913587 33.2464514314132 23.516599841198 19.4220561268239 27.7496257419301 NA NA NA NA 0.0962715864687817 29.4892768373986 56.9306004005242 78.5203663105859 0.0532091268263771 76.3789815557345 25.186464202682 651.413651788985 0.015396343121397 0.0699456231081229 1.74249871225607 2.58408813633174 0.00813396421027206 0.143285917696054 4.05102030484985 6.02090365546975
0.0180802597426853 52.7577132758232 44.0519095607796 50.0419930967669 629.385127952336 673.331149760661 657.480945834511 620.23987158392 8.53450935049998 70.6539460557768 61.7274375418677 57.3245526421335 35.4368390759631 NA NA NA NA 0.0667037814962724 104.056003736564 167.846130870556 187.175957002366 0.0570444826818018 142.947787988037 64.8608453191071 708.758973400937 0.210556185677996 0.293801260471981 4.52113341316415 22.3952127045225 0.00288110926063839 0.134097483714127 5.78173334739175 5.5361824570731
1.69097366416611e-06 18.0493659108717 22.5610139265525 15.5837280356291 456.951514601171 553.429544894909 556.370710174833 560.440969382096 1.95130670830764 21.1783209879649 18.1013756826609 17.1727354542367 14.7809183069889 NA NA NA NA 0.065603511639525 26.1524564596013 35.3141689944499 73.8165104766692 0.0152042060500826 26.3714235243387 16.7312601749613 603.014752629729 0.0281694830426703 0.0566137098413813 1.71151360463983 0.907211371293754 0.0284725681103748 0.0497604013474198 1.51016330807209 1.53166808463627
0.000305971398929084 37.7266071560272 36.5525181668659 24.8306790027009 698.682116969087 671.842572275145 625.457160861913 624.442901016802 3.24868371958711 56.4130717436524 47.0244238863511 39.7044425144378 20.2363929154021 NA NA NA NA 0.166981201600291 68.124134474477 84.6029509165482 130.679571406284 0.00467096818847253 0.419204409195918 44.4357110078044 697.753436491279 0.0280831787781724 0.0197586239219295 8.78187008524256 8.79195016529757 0.000479573266433066 0.0331853292566675 1.02093464556293 6.08554335028152
237.352942533803 242.044601706376 295.905146530328 289.234615245119 763.241813451992 764.508835317083 759.187606648256 702.869579290293 252.309796693842 269.767677757613 308.756155382191 299.271177404677 323.427249802607 NA NA NA NA 241.145652368822 242.869260766731 492.011682473011 518.415891580244 238.04614191249 251.503090733269 480.09877851408 758.896801926619 239.543444572527 239.211255429084 267.26822549168 264.278218799952 240.408955378446 253.464396739889 289.978986970042 273.075071564997
0.0128676087110341 21.0102226681055 12.9719666829631 18.9800594338655 478.975840840816 566.256039715063 447.322808116251 479.104362226256 5.06790238333104 18.9990337610064 14.4628088796937 16.4752611390862 16.8543558556897 NA NA NA NA 0.000312725049356671 20.978712200473 33.5384573122596 55.0160885577834 0.0445444763473481 0.417798182497949 2.59008212519623 539.929315020339 0.106768046020017 0.134663348169036 2.32135441753433 2.79769111137444 0.00967353988484122 0.0334990134027963 0.130457445231182 3.02032355817695
6.6938273759715 6.94742860245189 6.11569237371467 6.57376907024382 160.546635651395 147.927088923564 153.442136857807 150.150229084429 8.45290423359146 8.58840668160614 7.76980581548971 8.11427247599521 7.18208881251963 NA NA NA NA 0.0385444214318469 2.99586621830103 7.35334304988274 18.1204410803599 2.89772811015306e-05 0.392591588217606 2.4482922562861 62.6410497559416 0.00940933696929418 0.0576163123142795 0.373652912060989 0.654017735230804 0.0377960398150003 0.0408339325129537 0.349194575796063 1.24317869119702
17.5507302688963 16.546951033843 17.2274663195443 17.0024879202129 134.692983191489 156.239067061278 187.18271466939 163.185883806538 18.6902639532566 18.5021221502015 19.3121476434215 18.939202824288 18.3726115048391 NA NA NA NA 10.5974414160957 13.6675115712763 18.1268747334736 28.4992493358265 10.766220014804 11.7270136775491 14.0177213330248 85.5632225087219 10.3634447742304 10.2833481519778 12.1868856292551 12.8786040405198 10.7268946253615 10.3856538200208 10.7597790616888 13.1126580940293
0.00100089262776453 71.7445103416182 65.2523079460355 65.5467031850169 688.641553206282 698.2819833322 684.457852531937 679.881536575401 14.6098903820885 83.1161693472816 63.986461987295 95.3742899418274 62.7623247668417 NA NA NA NA 0.0581333653323468 89.1386759613092 188.912251966897 227.324566728822 0.000998665290039354 150.491748350886 59.4087817729883 742.52881161651 0.0728659465702555 12.295833282369 4.90233564686044 10.8220927491998 0.109659530885431 2.22280329140939 5.02795924766838 7.91534661984951
6.77468720564642 6.11550494574987 6.51561478527181 7.01795015963032 177.303121804352 178.430105270119 151.336358812194 131.195128780872 7.97020825961243 8.08907422467429 7.83861350429141 8.10923536742161 6.25778709919245 NA NA NA NA 0.0126981372619655 2.55729119381208 8.23245880596634 17.5814467766638 0.0406063125361723 0.314833664227325 1.97334183327243 67.4983046559908 0.0251030920656619 0.086878765998175 0.306684291707021 1.32344565481405 0.0753172573048643 0.0835227840077956 0.212361514686508 1.21050586073746
6.6437122606955 6.33581317239676 6.05022920907547 6.16175977560737 149.557962122733 138.24385592812 162.322767610192 157.858825802616 8.17881814990898 7.92125637571224 8.95416712762257 7.17377048824093 6.3869261728139 NA NA NA NA 0.0378309228086851 2.4955766663095 9.13178169440468 17.2215995192719 0.00147728580815019 0.304979734137736 1.82475001532171 69.9783304021546 0.0227409776687522 0.0111864686989268 0.245485518064883 0.706137803974559 0.0276373303470666 0.0849911757782799 0.735547349723992 1.72281780077963
7.83187247792296 7.37407786808088 7.11233245623536 7.18475059314767 202.756718303368 207.182954668332 227.948076478272 190.747531751239 10.4511746112194 9.61507395256013 9.76594695335325 8.87451795716618 7.74332843456073 NA NA NA NA 0.00858277062445589 2.89153926089417 9.11949062349756 20.8774311303871 0.00705487551974841 0.602605727651587 2.21984693266966 85.0170530475285 0.124917272522752 0.061854239130788 0.442950266154711 1.46478267864628 0.000145428496210333 0.028711490200095 0.223245183905654 0.547575203119688
6.28623134328471 6.36030103792138 6.52717536787961 6.46263559073572 156.097311366513 172.174907689021 128.053436483209 147.94818691012 8.15357390925591 9.17348445355909 8.05691207648291 7.82708021781901 7.2441337881955 NA NA NA NA 1.60382989836235e-07 2.74616925751637 7.52988519508595 15.505437538591 0.00731331440823053 0.433981919910842 2.2512847061108 60.4181669587494 0.0314683820747692 0.0106641914682831 0.354811088359923 1.28710689482191 0.045746839765026 0.0439569364914436 0.422599706970272 0.29148837091416
3.81507935009846e-06 6.02668832325237 7.02524562723564 9.41380935280558 315.501344719541 314.435467938445 250.987288189862 258.846971004673 13.6610317355973 7.92817179641323 10.7834438931856 8.80147498804168 9.6138273566066 NA NA NA NA 0.0162577229557736 7.48537713480335 9.74307440425219 25.4216673612908 0.055912180155133 0.472164942571838 5.43727027138722 144.368130134439 0.0425670484434626 0.0258671648698994 0.0876889044538165 1.10631471717415 0.000255373017927346 0.011428914639632 0.107291614739409 0.416377951048764
1.1928439302239e-06 9.15116481543767 7.4009340346751 8.5903581663648 239.116387476923 223.602763502992 220.57570635085 182.63770971213 9.79902890225246 7.17816181972758 8.90660754884609 8.80078567534282 8.12446029817398 NA NA NA NA 0.0233541975018883 3.76238336076932 8.99575198198498 19.0868311176325 0.0148124980012405 0.555699120834311 3.0916935884955 114.22777806205 0.00598936205687283 0.0537286643100172 0.219485304666711 1.14075857603752 0.0114711378730013 0.474854349041683 0.341842841839712 0.396899699104533
6.15797175452074 6.80959361384105 5.89105534499927 6.29002470241539 186.18726590614 197.674450674154 160.874088720161 153.642456550316 8.9906307420637 8.39786065464603 8.32616479418262 8.35983007523387 6.86198198835646 NA NA NA NA 0.0233248763815187 3.37192977769339 9.37725330071832 16.899398909523 0.00259353762515576 0.28395177234998 0.574819106036375 61.8120319374623 0.0143035633563203 0.0520406805525677 0.189335325352033 0.855693644520161 0.0352382186111314 0.0051600939136374 0.126003972989157 1.67134857590054
6.59221576986945 6.12832650086279 6.59945644093046 6.82542714936746 162.870143185486 171.181759179162 150.07781010964 153.141287234678 8.59165256097762 8.4100069698482 7.47524057665767 7.26324810014498 6.79640555413871 NA NA NA NA 0.0333665143411241 2.86336666518676 7.84608166625796 16.2005667873815 0.0116521401819188 0.207590326304771 1.02300480884239 67.2748302188822 0.0117547462720486 0.0465701734473614 0.239118807476337 0.886139730685652 0.0175881949275421 0.0286187238276203 0.23992280938018 0.334812924558938
0.000603530611641005 31.6471796314137 36.1691640113759 34.6387274560641 640.238836802547 652.600106953756 682.850782022756 633.338116234926 10.0766005985993 64.9132520353984 36.6648003146162 38.5661028554298 26.2346592990292 NA NA NA NA 0.0176357097817826 70.428345712672 121.475440744099 148.947751717684 0.056057439419228 127.281067637469 32.2933463141884 711.848643837615 0.040873199554322 1.3913649472776 1.50280736808279 5.36874134414233 0.00286872515003294 0.131790790776453 1.84229577100969 5.26810555137035
131.249332179395 137.198563209403 209.141705273691 197.925898306992 771.879943296901 732.61091078635 731.147852642264 688.71873360885 137.628386560139 161.133921818998 215.686171262652 198.812595685691 197.690366314021 NA NA NA NA 133.464465720148 140.96885468517 437.642544947485 414.895093341422 133.448314570426 145.356278728187 382.682052487296 758.588074579015 132.415615328855 134.667281791037 150.062628435454 169.816126644531 132.067321907481 142.52108150661 207.393744186005 156.725658491035
0.000288811136225085 38.1425262085787 23.1602552839105 23.2197399749537 567.259017414453 531.071575031846 565.815329816535 541.965885032536 3.1874455402078 24.3832729900998 25.5443628824973 23.9949828941901 27.142566797838 NA NA NA NA 0.0189003711309907 28.2240717843688 34.2225074499317 64.1135483358612 0.0634446969519522 1.16818520590445 19.0591474653423 610.737576462638 0.00259514545158344 0.526851115437641 0.387103616018792 3.93358402043048 0.0488044986107232 0.104709191977449 0.397203073132082 1.79591200263801
376.641200438339 377.987714256488 375.328175134661 372.822512434141 479.05688925883 477.9089879708 449.373269699094 476.004777695784 367.134953200694 376.372632132473 375.226866520664 376.95859347709 374.345167883339 NA NA NA NA 368.840223265959 373.769518655267 378.748838794605 387.939909245978 369.030370175389 370.861037069902 374.768363298223 445.578424627624 373.546347245692 369.470948084854 370.012919737283 370.021415945423 370.367374327619 370.178528264758 371.326172093778 373.376894488948
6.35930875415509e-05 7.62300727682623 12.1937365590822 9.17999836239234 342.803708737264 408.243058686272 422.799279527996 406.88505195307 1.56931890764367 9.44643336705763 10.6260962190401 17.5341076628699 9.84118153077203 NA NA NA NA 0.0456664049315913 12.7025405316683 15.5925669985207 36.8322584071924 0.0381699543328234 0.437571967096679 8.13500184070205 296.834773575556 0.0390108792498116 0.0793745223166606 1.11364453771797 1.04290406734629 0.021642748911479 0.0240523518990056 0.363178114824008 0.371878268949607
0.0771516638437856 72.176500154499 51.801340460767 57.2991125032841 733.775721173271 770.704143307484 736.978594556362 714.106223847019 18.6023969902017 85.2759449962111 90.0525529862609 58.7417326224839 72.6440094051025 NA NA NA NA 0.0186969980327946 117.615781572241 280.214606104626 278.13282670976 0.0379746942912354 138.052960908849 105.437455078605 757.395918662846 0.00249979960935289 1.09063946018619 4.10002345402926 10.8240703680203 0.0637745826712425 0.0176101506122305 5.74143286461921 7.01558009254723
0.0219910921356605 129.627087249014 203.513777719574 172.889996954796 697.95822339009 727.184787953569 671.203165512939 669.66335189054 30.1809633991507 182.465257249628 197.997032450048 169.472429576181 148.974142606205 NA NA NA NA 0.0355246601167721 195.270299184233 370.303304266182 369.8898262999 0.0825480889416765 238.250476848143 297.637213703178 734.34340259555 0.0256761820106917 3.26707467771974 11.8419918879234 34.5018603902389 0.22953897324976 175.637796210528 18.1250361317439 15.8431971873368
3.2120650989074 5.10930524287343 7.31532033652047 7.55794670658087 220.797665795714 291.997882035968 243.963651891666 177.927334342428 11.8451384073397 10.3478527450173 10.7035678767236 9.26755184076829 7.41498760832419 NA NA NA NA 0.00589989360729266 2.99243768502219 10.1831027648856 22.952653942662 0.0765293422697133 0.102312737812108 1.64827588362343 105.831718996902 0.0726045329795222 0.0251839270928509 0.217432289355373 0.606942904333837 0.0275830674258119 0.0481623099581867 0.154708104136461 0.437706117425031
6.43830469356426 6.46960913623769 6.3220210660777 6.76676540200193 141.821034991947 178.465660912599 171.884030389822 146.433580765589 8.94528537686204 9.23797693525876 8.36982963785346 8.5995178563974 7.16884031058371 NA NA NA NA 0.0078283954714816 3.17299057250137 8.02425840858687 19.5887973254608 0.00392504977611894 0.211021399512847 4.50626613968409 72.8297818900829 0.0166344125310807 0.0609719870739217 0.571136334877906 0.756092184570574 0.0278740829753371 0.0658792486736765 0.576793322793087 1.28194964997425
6.83977358175741e-07 137.338995030884 106.29796641906 98.6522196696814 697.795314046544 647.298462832259 698.162583820502 680.282470945614 36.0490012301581 140.171082965578 147.939548320448 109.689544917878 81.8920631251574 NA NA NA NA 0.0579177901206306 148.139916600416 227.346647697446 265.975715134296 0.0732427616368652 152.039080631936 102.608108314946 736.280837572718 0.0900515768397046 0.0223457175238158 20.5668478933768 37.2180116609797 0.00628575576825434 0.059928203926414 10.9293280585103 5.16577268942702
78.8089726746823 74.5672218906865 79.5403392732296 80.0353877962731 471.52470525755 413.73901775082 433.818897256306 398.868773609987 82.8816983122715 75.9081333983893 84.3645475986248 82.4961816790533 82.9291059313571 NA NA NA NA 67.6323577556603 80.6679432316022 90.9754049077787 109.725400148955 65.0813130465803 81.707119258548 86.886860536746 474.003841104387 68.6943970971283 70.4535923715491 65.8436960999537 72.3519371222712 67.0058611778265 68.219356327507 69.2470857778585 70.7119892359135
7.02860841772721 6.47149580082819 6.55932008267107 6.34048196493007 181.51313785249 169.950476487704 185.648381711168 157.482129041965 8.92511034486723 7.80580176033171 7.98586266221266 8.39580936877768 7.38901934807047 NA NA NA NA 0.0360502948161821 2.99350255595736 7.77872192288893 16.6907297998377 0.00982444193480792 0.258037905799486 2.18295105337361 75.3634315448508 0.039761397736364 0.059880010489964 0.569544452918279 2.0760780351695 0.0102030935712807 0.0957117927330925 0.125474076711119 1.22976051610866
5.1598698303783e-08 133.073385749879 86.4609072592896 60.0630984483676 466.576341789706 468.370716848883 457.039366726985 439.532390776735 14.4566764674848 165.179804219384 80.739790454615 70.08181275596 84.7507536237893 NA NA NA NA 0.0120754492198234 184.688841507227 144.631491577249 208.038295574559 0.047901453968708 201.745309287898 129.251671206048 444.505572514769 14.1411844048986 0.0935657593980687 31.6047378444669 3.65754142471908 0.00156700086030854 0.0107723880332196 5.28005541894348 37.1593413494634
0.00164480345159287 51.9425783004821 69.9192374598151 79.0773695771008 674.58654349293 726.464876477424 734.816640149285 678.96914476509 6.22209185200848 113.926601662483 70.313580554709 51.290362919138 52.320552154025 NA NA NA NA 0.015980322641231 82.891836333716 158.388441968696 225.476220545008 0.100568932215549 118.134656744765 145.089280988398 747.128126380124 0.00365488659522801 0.0894544631578454 3.14110857047759 10.5945492284079 0.0248885974696226 14.3722570317532 0.600529703662244 10.7795200790783
0.00040865583103523 80.7060730029147 106.073720517218 97.9717160430596 708.179632765139 706.447330183865 660.942357274338 636.975996586987 59.9743379880609 98.459147224634 105.868066304844 131.108748045329 113.138492433031 NA NA NA NA 7.62508372413242 100.665526582476 218.029487832288 267.419753088775 0.00130124040666098 150.139080043259 199.224832661089 725.300108273635 0.00104813501255778 40.7988589378731 78.4496246442412 75.717977481263 13.3296315327488 88.6947313331048 88.7637946591423 82.6822733708986
3.55850246255869e-05 6.31879543841105 9.45249914445179 7.29439141040712 196.892313297188 249.204231388856 278.095993658648 221.599376747692 1.69666021984648 6.52915630307376 10.4525625998891 9.42378899348948 7.93985697649433 NA NA NA NA 0.0296459914250174 5.07010555248946 12.3991624524584 24.2132644110806 0.0501287630902448 0.449919180156864 4.89890990539099 133.061655262376 0.0213809474334308 0.175404420554835 0.884794505646143 0.873922793902808 0.00755457712726307 0.0687284335136158 0.162148386491632 0.749853612069745
0.000107539499459783 7.75626166500583 7.43616007975359 7.93942670706149 221.254329097292 254.731682645333 332.257865103839 192.183659342578 1.62127200882725 7.65295639819199 10.4963691971292 9.48423495778193 8.52314495308259 NA NA NA NA 0.0122946396300506 4.39845471039778 14.7811220653074 22.8943171947339 0.00438257593990462 0.255660060828013 2.21852252790754 140.573831578757 0.0105392390439874 0.0370696297236625 0.293586020113774 1.85050961003253 0.0322887719924282 0.0738000188963426 0.385821780260877 1.18474722521026
0.0127847615790479 110.080247273785 85.4694123238692 76.4291258555816 707.804584422461 690.115718194446 674.419125998531 662.506969951241 24.9705014077755 115.678869291184 92.7146716810473 84.0062343301799 79.5473511087824 NA NA NA NA 0.0246899497170545 113.314184991471 174.510636512044 235.752662256699 0.00040069179083005 139.365594151302 120.328484493723 729.563647021693 0.131250911641422 1.18741207471408 2.22430065919702 9.47674646244474 0.000858427716541422 0.336978784463653 19.065048720437 7.53651667558737
0.0043292660282494 83.7410888546921 66.8762580664328 61.3849831783393 759.871971022833 714.15271498837 739.26654248301 638.044493476943 20.4777385879723 66.5560414020322 54.2720082989124 66.11456939211 52.3498751394379 NA NA NA NA 0.119058585497285 90.23045248228 142.543591094997 229.070336319754 0.563755988030734 86.9027879116374 100.796481443074 753.617682109272 0.00443988277746959 0.111509024024695 2.4411833061599 12.6149944328761 0.0146951008088391 0.018025952930163 11.339774578409 9.05943198246417
2.05079460179728e-06 85.8297284890661 42.5946184935062 43.7285679241825 678.187907591497 631.13382952228 685.009630709863 657.491611426721 14.6781576644331 104.778044665996 84.7599847219039 66.8678633993336 56.2025666377469 NA NA NA NA 0.00419042666547276 60.3663428956438 185.446661692116 216.837858974886 0.328203988209187 197.991284472788 52.5656741076831 746.88115736245 0.0108790314270378 0.879392696124764 13.3998786888351 4.04603944193661 0.00251676622388845 5.50605746950551 3.3308956673422 11.4718756726252
347.368833641263 380.427115941663 389.46416882198 381.971990460802 701.621022758758 715.492905853258 691.051601976479 692.627555676654 354.684222865743 399.526889427874 379.475741794256 386.147156978245 386.080510427446 NA NA NA NA 349.894597713934 354.285612609659 500.73215620794 495.549638223593 351.661058347358 362.52431418017 442.003861802859 697.505684723161 348.287801361282 349.643555456654 357.584067657836 359.209768649427 349.646562075325 352.869827180424 356.485465010724 365.031223498646
0.00791468545529636 52.8210840946563 47.2404933245183 40.0750218301976 652.480993011387 598.620486658786 689.397389779881 632.654464440335 6.18652640148855 69.8672586422423 66.6337550562656 52.8765382779097 50.5057708773115 NA NA NA NA 0.061800693636543 83.1894744820976 102.132953188151 186.75181364819 0.0324616406430928 145.311455637442 37.9032242731529 715.585077115413 0.126051671218302 0.133737801695071 9.84589080920565 6.45944074395056 0.129640906482475 0.418785178018898 0.527902939737136 7.58761751426763
0.0264488915340314 65.7916031672828 74.8063199320619 63.998925380571 772.456740532966 764.988999950436 741.341390001522 725.254759029916 18.0873125758181 120.761710864835 112.060928705726 80.2970429033459 69.8371738899779 NA NA NA NA 0.00111701040141851 149.586654800172 268.413672936095 315.94533141828 0.000561264148183551 125.816065345236 89.3878387030317 769.381374166142 0.0347356747650979 0.0453562292742365 13.0162737624938 17.5943818238212 0.0202309686353949 0.170068870386346 0.31261696241041 20.1390546363685
0.00229631182733771 19.8344226218338 17.496384748264 11.4681808493098 510.289988670235 429.445398691816 479.65875834986 410.871913259153 1.99512167179849 16.7329556116785 13.0801727207178 12.3813443706415 14.2290376140746 NA NA NA NA 0.0362005124514018 13.7673733058327 35.2858037998098 43.0737379769262 0.0138070573645955 0.594610023647216 1.61055895915253 507.426185389741 0.0414338838259865 0.0788790986262627 1.24217201768734 0.951179520112002 0.0212813508934855 0.0387512801962647 0.827375686428255 0.309079259233126
6.06792940885824 6.10104414003898 6.58481496533723 6.60876492036246 147.389488199911 150.315231372764 146.885778104424 151.652242599706 8.30763720446138 8.10258803898118 8.2685354240586 8.2436783872355 6.80489353389445 NA NA NA NA 0.136739591117693 2.922908320789 8.71006098898037 15.7153084067819 0.0308840102257685 0.240987373203841 1.74855001084888 59.4248075656647 0.00827805650385522 0.0772199561333637 0.194218131718698 0.724442300210674 0.0111603773769087 0.0497334693172627 0.254452543899073 0.548439940476945
0.00207532819151966 7.46353221185198 6.94038010524529 6.72341632749606 172.946109637466 208.146675637746 191.696887923204 192.815127639449 10.0895174593915 8.64773710412597 9.68124106584963 8.09948597981988 7.07128277598191 NA NA NA NA 0.0199609408954742 3.31204123311402 8.4572548636072 20.8371344753305 0.0474622950974201 0.261420962400606 1.99498181397389 90.7356011093569 0.0172428517516324 0.0608477251638806 0.223322146792712 1.4913887093496 0.107028706284824 0.0788513440035779 0.207741908002332 0.785186743092838
0.00342785121784213 12.4764062364282 15.0819033565183 18.6583816739575 532.375755319759 498.955069565054 463.709575262677 409.662885072644 2.22543729018444 22.0028654549318 20.8072941246311 21.1840232386627 16.7285816165423 NA NA NA NA 0.0185184834497625 37.8432934867751 28.3410065476429 50.5984829085632 0.00507250017549144 0.361892627185649 16.7186843725446 552.816451114098 0.0486304031010752 0.116989195270524 0.394615837524767 1.40278954794659 0.157537434050463 0.0994674806921456 0.996980652016003 5.45225857872018
6.575433770362 6.34442658811441 6.5425817918274 7.01581472031857 141.354263955648 132.022732949217 137.97087703332 153.695262217874 1.3252884208995 9.20149753607466 7.17364923294511 7.95608566190441 7.46864895757409 NA NA NA NA 0.0184845584168757 2.83437500011535 7.65593702953449 15.8081907977531 0.0228244559594298 0.237662639231548 2.15497548194843 60.8144584326029 0.0204891862464072 0.0248994071600266 0.229866269424198 0.55633745054568 0.0542817199045948 0.14628715159801 0.0954290989904914 1.70010755329289
7.25534830374678 7.18207170462867 6.53467759806951 6.79475953076416 183.425514703341 198.368439657724 156.336684960359 162.962352611397 8.88786484662005 8.9695966894072 8.56915012770003 8.63030391287501 7.22139937100132 NA NA NA NA 0.0598737992649246 3.1005752707727 8.56885290185965 16.8609962503826 0.0354892932869147 0.154793094906214 4.34874333816934 66.5110084324926 0.0291493973597276 0.0245979258043545 0.24046298924909 1.5541441113919 0.00604591289830121 0.0285908712898939 0.082035729820599 0.332851289689851
76.8715670841635 73.3958273344167 87.0350445043344 87.0664178572313 581.369280509543 542.632668553822 620.093720777725 540.129973085558 71.3013105972951 80.5806922532691 89.4875450522454 85.7377948133562 87.809037202106 NA NA NA NA 71.3426954319018 78.5434028263382 122.20019045502 151.918587668268 70.3523335036216 77.2772018878764 101.141329655695 645.778109351364 69.9593205499148 71.1405499844438 73.8029564019509 74.6602434663471 70.3191342179299 71.6249377822118 73.4910600996415 77.2059143127533
0.00271426142803777 155.010642212045 113.348778652575 108.594315728632 753.868147509333 742.202269018487 749.419849306779 744.417145559859 33.0075791374295 139.542159433482 166.889500455521 137.405489792354 102.483951887328 NA NA NA NA 0.0126483340657304 186.793382930791 383.286454843771 373.137487315584 0.0284481735048732 218.044418401442 279.583165391011 773.435919973305 0.0770344761009593 2.41756962632615 18.7910058524673 20.921244647274 0.132344677825708 106.186905229876 11.9246774742331 22.614306475809
7.23837240958325 7.08310808760458 7.60840686817831 7.66965906352673 199.724004569318 234.295594198287 219.56674434286 186.111658867356 1.8827848513656 9.75684870419065 9.1016891737539 9.06356566122951 8.80851386707521 NA NA NA NA 0.000495871915678613 3.00401081009521 8.2821438073655 20.4908523243328 0.00688140156738516 0.196486448633705 2.79370563179033 96.7323478850901 0.0340558663640146 0.0248274944976876 0.353735089978192 1.64892742658302 0.00305871100806132 0.637522877792962 0.194248619523283 1.56685042334248
4.77062565674587e-07 82.2695525409119 71.4091103402578 96.277443705063 751.953034498955 780.147590484841 721.442582292046 722.822795787634 15.657699901937 100.682538515272 91.2884001958344 79.4832651117496 85.6752617394336 NA NA NA NA 0.0277716645793984 107.618935098472 284.836918892827 304.146037897335 0.0281444879682706 171.645813555581 182.170823899585 773.150202859486 0.0177214528465197 0.113802987000638 4.23174235980555 28.570726629266 0.0250435877922928 0.202248628677836 6.72685791386902 2.0708084655714
0.000375155869866772 85.7550723802043 70.5370223394398 87.0694758952109 751.00207295516 757.487333366542 734.635330348742 704.593481028903 12.6290350408072 81.9013756687501 82.1124103446831 58.9215363015555 67.259728273677 NA NA NA NA 0.0462039701701365 104.724216195549 221.622369506681 271.84866685226 0.0781186620008999 153.646505192061 55.2916813743279 756.473919616801 0.0439751097730046 0.0651603940962396 4.88202897988614 2.01378756991236 0.00616701508802167 9.678920556507 11.4511140372598 31.6203248362187
0.00770212227467854 12.0583361811819 8.20354534524121 8.87668857907996 428.331809106702 311.957348199824 313.86740188723 305.126828759821 2.14445049510812 10.3169660369192 9.68877392720509 11.5261849071056 9.59109214424819 NA NA NA NA 0.0078450356256591 6.86867378179006 15.3986838706681 26.2509526505623 0.00126584706346377 0.294815434312141 2.75619876859316 246.965567763909 0.00283458760382181 0.169224160428383 0.256579399810196 1.28338768587283 0.00699507580017684 0.00829858254685396 0.163986029934843 1.65880589934995
6.52189696435367 4.56191297091092 6.26932487323596 6.30515220963001 169.91707655862 173.761781949031 151.43651939191 154.316714776124 8.33740826914893 8.54295831120563 7.78450193145126 8.3000596755981 6.97704354053 NA NA NA NA 0.0470871626780961 2.68612893361744 7.7073562045196 16.0046344893951 0.0614900566251262 0.256954473354015 3.29595108053443 61.4324896553102 0.0336006947843573 0.0154497680974827 0.247844308476104 0.838081318911796 4.43679795163144e-06 0.0532636971300036 0.163242937917401 0.66189706855846
0.0130985268081709 20.698798395172 19.8391851587601 22.5354199484281 590.99355579789 571.918832828922 515.621685179417 504.56534880464 3.17358114570774 25.8008516150918 20.9506474987845 28.4772581553101 16.6485084924306 NA NA NA NA 0.0280562753758449 35.3502975391961 39.4361100621502 76.2431910783474 0.110197219335585 29.0703322110449 14.9760660827144 611.74688154748 0.00528881323993868 0.312206936753329 0.547880546069737 6.53318869450965 0.100328813894449 0.044984466964522 0.125435661361212 2.6714871224371
8.88000366336103e-08 52.1613060601355 55.2398492320553 48.0876264584136 692.058085455958 657.92718635595 662.202112113859 648.57728444295 3.85314011603 62.97423772912 46.4082037413039 60.3905571494991 28.9168123233647 NA NA NA NA 3.45325332016672 87.637545939537 144.150836820652 208.618444910462 0.0572975503997211 131.038716989367 76.6838470270811 726.717417612725 0.000561285565969155 0.0113421186546811 0.671644113004356 12.0448960350923 0.00950948836467685 0.382953179182743 2.22870011699917 5.09339645655042
8.48503761950649 7.3731442462092 7.18222712878675 6.95065624255645 202.469509761337 227.866618597421 165.737822916293 163.740355946429 1.71725155541263 9.54164532368745 9.68678207744249 8.72808483545174 7.21758128467465 NA NA NA NA 0.0028164877468766 3.55427724544511 9.32087865295733 20.6998980701967 0.0297658039250408 0.504763193394519 4.60845422157122 96.8105505755628 0.0566306737836926 0.122795359660247 0.16914114603516 1.14598943753409 0.0279649880725073 0.0132020388192446 0.393221344851641 0.960235390599269
5.63375481403193 7.98875802217251 7.95767090750476 7.62315267181641 192.271144272628 250.751457376104 256.83029013472 160.115111875936 10.0443011438398 9.96230906806401 9.47437575046484 9.42907530872584 7.51422508464745 NA NA NA NA 0.035640819791852 2.97936042322773 11.3487672167107 21.5982374459396 0.00413870288932735 0.191825129716897 5.1972064258299 100.005365775805 0.0605321299768753 0.00959924133444624 0.395714424656444 1.10053664676504 6.94300812992067e-06 0.0306664388035631 0.777382394001511 0.557962688842335
49.6920172036667 56.9723460848523 57.7251030727019 57.6462743117418 214.217614885726 194.701592181077 214.64674354283 200.532624130338 58.4109811902589 55.4318215953143 58.7702587239253 57.9773729737603 57.1790025583763 NA NA NA NA 49.0602821207383 54.0865688727803 59.1496706713165 70.6296266613104 50.4063430833291 51.0804273713475 55.7743450851043 121.239144087502 50.1667429366549 48.8609389197719 52.1053684612868 51.7860066140612 49.7865884337631 50.2965172157405 50.5006548544714 51.5645820343779
8.43904823540633 7.50508804253274 6.98797796148089 6.733055606983 219.842279455853 199.126173369716 166.073534988211 185.785106296841 10.2356942339494 9.08939139054956 8.85410632279344 8.71814336005672 7.84631413239239 NA NA NA NA 0.0267202818172747 3.73431217064363 10.5762702676153 18.7562329533262 0.0161629658788661 0.429726535820442 1.88008469577726 91.498971237547 0.0410429923695549 0.0842404013705749 0.94736822664409 1.86898138859064 0.0151457849969723 0.0752852329180834 0.853580913084353 2.09592554021514
7.17442560699475 6.85565041935307 7.14409393427893 8.17652496332773 148.284539529806 182.454924548123 163.989967883973 174.305032412753 9.02625185797985 9.30277316860514 8.16178345013082 8.67742926365942 8.98128369886422 NA NA NA NA 0.0248566658154657 3.36273135359782 7.97838967430791 20.0605019193623 0.0182242175675697 0.379091700990176 2.35479728906851 79.551522209229 0.0176846380495158 0.106283489612906 0.571805665732059 1.30820765043201 0.0164926646059586 0.0177811867604647 0.724355912606861 0.607004134664678
0.001466935870872 19.5375539358635 22.5575929372959 19.09522783348 638.646160773068 589.175739894664 629.36266806906 557.664861495517 3.4931463316933 32.3428906898672 23.3021670341558 23.6188033056341 17.0137273308095 NA NA NA NA 0.0342860659823192 31.1988938361581 41.0494886679814 61.5417163415357 0.0611120404110369 0.750540779563619 17.5088201060469 634.422276276057 0.02024127392432 0.0196963463405391 0.228833377810022 7.23705727337427 0.0328017069666474 0.393811299350852 1.02862554583096 3.38976369421167
0.00752567959311798 47.4767934319635 21.7319303124992 20.8519804649148 658.667435224176 607.104850120877 601.140036185032 608.596280124814 9.78837000656789 43.2746842200783 30.5344437007983 21.7616997284835 17.9258375258759 NA NA NA NA 0.0125933779940194 54.8562119015988 78.9389801165723 130.532026567821 3.89967498075574 0.365622471668518 23.7824048916793 680.030857163822 1.15528554416518e-07 0.0113829369704351 2.66509135000845 3.22801666809084 0.0108676388515584 0.0738632825560613 0.152003549496156 2.42177649815906
0.0812381425561999 26.5319157767154 19.0362677120786 25.7128672294485 611.610222081129 675.325659095667 568.494076412666 563.519962178283 3.49051723354399 46.1189479183421 31.1318171286173 38.6845719935833 24.5995447118015 NA NA NA NA 0.0281004147264061 48.5278150746916 45.8960184023203 89.2266499242671 0.00959805678075082 0.449928347788555 29.6424296698402 688.057426102537 0.0341880921377751 0.122975131489169 1.26891138255199 7.41349575830309 0.0156387615086972 0.234426258677158 7.69482646470583 2.55836731991375
7.03155077322961 6.57525048805613 6.67126927482208 6.93295849642754 186.416669646176 135.665079879378 134.467607848978 146.668658603856 8.30459370738362 7.7026375711497 7.84065562814137 7.05416527911196 7.58979710489057 NA NA NA NA 0.0365059986199566 2.65118914286477 7.96118862981047 17.3425053671052 0.00638987284425531 0.169150917148254 3.7442981731129 58.5668120740005 0.0298250837754117 0.01120725595406 0.204975466049856 1.23083311054314 0.00184662040833127 0.0519928473197498 0.116045738993609 0.360947651274393
