"U_1_Gam_alpha2F" "U_2_Gam_alpha2F" "U_5_Gam_alpha2F" "U_10_Gam_alpha2F" "U_1_Gam_alpha1F" "U_2_Gam_alpha1F" "U_5_Gam_alpha1F" "U_10_Gam_alpha1F" "U_1_Gam" "U_2_Gam" "U_5_Gam" "U_10_Gam" "Sylvia_Sparse" "FM_RevJump" "MBC" "DPM" "FM_Raffaele" "U_1_PC_alpha2F_01" "U_2_PC_alpha2F_01" "U_5_PC_alpha2F_01" "U_10_PC_alpha2F_01" "U_1_Gam_ProbKp_01" "U_2_Gam_ProbKp_01" "U_5_Gam_ProbKp_01" "U_10_Gam_ProbKp_01" "U_1_PC_alpha2F_09" "U_2_PC_alpha2F_09" "U_5_PC_alpha2F_09" "U_10_PC_alpha2F_09" "U_1_Gam_ProbKp_09" "U_2_Gam_ProbKp_09" "U_5_Gam_ProbKp_09" "U_10_Gam_ProbKp_09"
9.15437568935915e-11 0.00114852274818064 5.71408222771878 7.31959072147696 223.449883440644 221.695926601101 170.91089725462 178.803244621632 2.82959793638826 2.40233164007525 7.53072983421146 8.71108586664672 10.5664073998744 NA NA NA NA 0.000838070942742563 0.00019091661782906 7.41089622191072 12.9240557552468 0.000969025452153675 0.922073678996209 1.35632384919161 10.8841589493537 0.0149525263234626 0.0583657798053078 0.107049962560097 3.78594051590011 9.57507827924506e-07 0.0485696534963358 0.000738399179916062 7.56384954654111
0.000118443719017414 4.75852221554751e-05 2.83245248460045 5.81761509809542 168.310229613091 136.980431858134 193.300458739971 185.64036229555 3.55945573287816 3.77516107038914 6.2909807897339 10.0118299108893 12.1941460222012 NA NA NA NA 0.00567356345992802 0.000863127735082014 5.52709416954056e-05 24.8348933879263 0.0801600070830701 0.249776557229951 0.000797232484921661 29.6845298986996 0.00118998655198141 0.146156351545598 0.152806889323781 3.11765218199759 0.00615051884377208 0.410976134292097 4.54117422725249e-05 13.6209451301537
3.87919259921896e-14 0.217278486848057 2.26280504389955 7.34774905193238 223.207831449743 168.529926558499 211.443767549048 176.36084319279 3.09280877435257 5.80152247121493 4.2312297722112 9.33892339212928 9.68373762174991 NA NA NA NA 0.00336376367056353 1.15173408576736 4.87894858614341 15.6179053803843 0.00142359916466276 0.0630254668020903 2.39082767053575 20.7441879380126 0.000769354807306995 0.0810829413874787 4.94076496535869 6.4622247825623 0.0598375356609569 0.0616444286783369 2.37081491300601e-08 9.33710579442809
1.33521680655473e-10 9.08698642248549e-05 6.80795028329109 5.88893857964126 150.492930620544 186.413121299161 163.750832915809 161.417533059914 1.81781892050216 2.62716269138357 3.57239887887002 6.00058729804153 6.42474262239355 NA NA NA NA 0.0107555006424962 3.31630513092203 4.87201665902147 8.78431751806631 0.000172794189840413 1.05755951427725 3.3829926215353 6.93873273641624 0.00754257427617836 0.0164158525471488 0.662922141559506 2.46003521424841 0.0100235249683142 0.00724584835649819 8.85846840162151e-06 6.84559203735065
0.00100397900984632 2.25609597545176e-05 3.75410356061496 5.20409616403961 173.086668877543 206.217183161376 224.26185843277 174.429483486786 2.63993216407394 1.73995526477816 3.46833749100964 7.87766539115004 7.77408794754043 NA NA NA NA 0.00522050971658143 6.96425064253475e-06 11.9405624790498 21.7225990312773 0.000143374259313584 0.134165822544095 0.643824013984146 5.56979619598783 0.0144477502422069 0.0241818623709386 0.103910467618326 7.36587840160525 0.0157548417899872 0.0183588031848689 2.84769657907846 2.03540529895803
0.000189521833246066 2.27534072199688e-14 3.85179340402145 8.15280766800949 230.217283792498 191.304281764764 173.431454664378 162.505501643384 3.50536101005102 2.73453373879546 10.2268562242221 9.48795136642021 10.1606780419164 NA NA NA NA 0.0183184589666472 1.77442193183588e-05 12.9571216184403 17.4479112986785 0.00534053538220296 0.293072634910312 6.40276455559126 17.9775017395457 0.00368436249770297 0.1196851297738 0.777091945898007 7.31375439730246 0.00166851395864023 0.000593344118788659 2.59049573043176 0.87217932176805
0.0211704923658161 2.77925074008664e-12 4.38232449424734 6.92987722524196 182.763245208257 160.355635905971 156.867265037532 147.946849213218 2.93729235344425 4.71467960806688 7.78875523928935 7.55529301144583 7.32681878479748 NA NA NA NA 0.00912237175390003 2.25273230590195 1.22444238765705e-05 20.1237005467201 0.00746836457620106 0.148532456724435 4.17820168580769 11.8304850738484 3.83244067276696e-05 0.0410744416949264 1.44709528464676 3.26963995788261 0.0145738779567799 0.0078170197566257 0.214829009788505 3.73697429068412
2.45944952017489e-09 0.000171742491837271 6.78041931771267 6.81929094610912 174.0412145232 205.14105120933 203.735803922584 160.4513046178 2.55609720974349 3.07564173779629 9.11123230886948 10.0184614111534 8.30848105511398 NA NA NA NA 0.0237362058152537 0.000725942896588846 0.00564043316707117 21.6234997948425 0.00166481251331661 0.190133688751261 2.36271250773978 13.321888950186 0.00334303302925523 0.0967778519943513 0.875489441482555 1.93323446611939 2.09612505671613e-13 0.639016814611033 1.79810989823375 1.60471846676593
1.41450725595233e-05 3.67728004599661e-13 3.47245783932278 8.61514040436463 207.538011254433 182.570495537329 189.269299903279 184.754910414232 2.18286913108179 5.50954868811569 7.51633149086645 10.7145410341499 10.7463442017588 NA NA NA NA 0.000383257658671633 2.449750871161 1.98673609029991e-08 24.6429127698256 2.77659548221153e-05 0.403830070140739 3.10826500704854 8.31611515697119 0.00629654234454042 0.0361710891794513 1.47854063537819 0.655875038531807 4.5789711546501e-05 0.00634011824840567 0.725832823831978 12.8451378370883
0.000809631758086834 1.87616646911377e-06 6.29939281486051 6.48207748590674 203.806479398654 187.272407295882 189.618288871846 184.842391904857 2.09747509912081 4.4289022245443 5.86407619913701 13.2450425795335 8.15815109143111 NA NA NA NA 1.07340043015228e-09 0.000128885718422921 3.30143091418437e-08 23.1422475289225 7.52326681370355e-07 1.10698591381484e-08 0.000390332802581411 26.3691787818224 0.0413431844661577 0.0553433337829482 0.386735970097918 6.08996399520071 5.38609538079209e-06 0.365018438646472 9.63978643863187 11.6047447397802
0.00108074570790344 0.00310645382614558 5.02120730259407 5.39558665295847 184.770663496601 175.654755816393 199.56997319035 142.639739261678 2.5650906323285 7.33074685646611 6.36398724480691 6.91404019803365 7.03544995692014 NA NA NA NA 3.23123026332017e-08 0.000769198157333667 0.000526228340973281 16.4703678660696 0.000161996162215047 0.569350563147971 2.59368055946001 12.5403013759189 0.0105277584854931 0.00366219212609634 0.0483709117776255 3.83771908002886 0.0103067341235033 0.00524240186559621 2.17010751191618e-07 4.08463235822739
2.36434534469136e-05 5.25661084597608 5.88325183270835 10.017248575561 161.301856143147 171.869135110948 200.391365319511 179.739607351497 5.57681842329074 2.85751466723178 5.90006794078491 9.04994121128601 8.71473867464708 NA NA NA NA 0.0131639827184504 9.87441530606725e-05 0.00626302393506331 20.5404767254432 0.00261354055937935 0.444643791202522 12.7100106658082 25.2967795820607 0.0105902881345136 0.0427906422594068 3.41570840272101 13.1699463538871 5.95705180463654e-06 0.0257144006760729 0.820632280757436 8.28004625623109
0.00357127723548449 0.00647299051562924 3.86850245539631 6.61005941574202 169.927316382432 216.845941123296 162.535099590784 166.820359252679 2.68876140632714 2.09422831492967 6.28198548589518 9.58426809018574 8.60366994161294 NA NA NA NA 0.00641309085482368 8.8071352176482e-05 0.000154166229782152 10.4135658757324 0.0058549899663702 0.156150620581453 0.401801614346957 9.24952460158755 0.00279726392707 0.0466858988477692 0.819818574686275 9.07920751782354 0.00121896732258888 0.00316754083520012 0.0935540778944206 9.0217096456955
3.85960371768826e-06 2.35087307814194e-06 2.630459783624 4.50771033359372 190.26707040849 189.201870347605 143.877958664595 191.950699166526 1.80074401267359 1.82933823095342 3.59641253904416 5.8269269204035 5.85375815585678 NA NA NA NA 0.00870792826166961 0.980719426193795 5.94354253525493 15.0025616492871 0.00938267742185117 4.29863353499145e-05 4.15816795730955 12.086818930636 0.00134995816361218 0.00226697095622386 3.22793271084393e-05 1.27571688487473 0.0264657030473304 0.00739591767320951 0.187181239913749 2.49490029361177
1.92229568942684e-10 0.0013410028672343 0.000647304601131039 6.70730972017745 191.935760729121 187.648513657674 212.46867792711 179.712693082001 2.55741606438786 1.82553470588774 5.85224836364421 8.78412247275033 9.08714828653997 NA NA NA NA 0.0043890564713167 3.05530031263524e-05 0.000170597651744717 20.2162934727657 2.4750337945585e-06 3.08147903252908e-05 0.511021926402475 3.6390736426793 0.0258990288987411 0.173031342603547 0.271544087396768 0.553805281045854 0.00223435156118817 0.256522720598147 0.438317989506246 1.55485913645436
0.000359288117420247 7.49225824747365e-07 6.68218121473772 6.32703360598597 142.172651308171 168.362611337296 106.3367002098 129.404407645334 3.90005722884174 2.05415349956553 8.51681080596346 11.0016274696618 8.64387196350149 NA NA NA NA 0.0447963496227492 1.98700552808921 0.907886402169963 18.3087138457993 0.0667886072808606 0.00388011866300531 0.484776874357871 11.1775490113241 0.00496609788539089 0.0889817487242898 0.217022212719131 1.7036966274662 0.0143588044761839 0.333321436842774 6.47612551183616 1.58966814160027
4.19460532034181e-06 0.00553992550530357 2.19766979397627 9.63285839743081 202.008683876632 191.002138370343 194.250258481626 151.088889875046 3.46927838819866 2.5879124826147 5.81655777666029 8.88036324700777 9.92500366053887 NA NA NA NA 0.0347684495873962 1.12581935585404e-05 8.9104704996353 28.3176756514714 0.00551488999555078 0.00511155444716973 3.30689142372518 23.8596749229276 0.010488374232845 0.0431355875775634 2.21913050172344 2.73424079845799 0.161937150385886 0.0836552637344193 0.112927086025341 5.20246648421408
0.000138449483952342 2.93825477824224e-09 6.06050281535787 7.97405301024643 186.915869733523 188.679605883991 202.071303228065 147.74756903616 5.55726877567805 2.6270323580262 7.53069771628791 7.15291682085203 8.45099571713128 NA NA NA NA 0.00669133896876978 2.14876177393791 19.4542988632482 18.875141856015 0.00153621654995702 6.31137816761819e-10 2.77120642520271 25.2745478220944 0.0136379819841178 0.0595935777763133 0.177854048286211 5.08788484913637 0.00325951729314281 1.16281559323114e-05 0.186055650185661 3.10012382818182
5.21386907832611e-07 0.0011243779605435 5.81505545671509 7.20330026311217 194.206440587288 168.005174450977 166.660895040975 171.763020907383 1.86870261153312 2.03529626599504 7.27837503004457 9.63890587185342 6.37486613509436 NA NA NA NA 0.00131052640382913 2.18431055936255 6.73469404852872 10.0085178975786 0.011607476931035 0.173894362987085 11.4830719709626 10.2483063461332 2.93814329571845e-05 0.0376416830864619 0.476412666790421 2.00439767834751 0.00985713539132591 0.0333774670909028 0.0906744124975252 5.44890091154234
0.00123997624281647 0.00211544545296386 6.75881776039238 12.0942547530847 211.256017063829 207.337113212933 200.569708086808 176.29210124321 4.25173843812558 1.85328153777519 14.0377920513984 11.892292744779 16.0887306179832 NA NA NA NA 0.00304048915257909 0.000970795378462446 10.4597135271073 31.0403817893727 0.004677276267183 0.895336834570298 3.17816369360101e-15 16.1100468343829 0.00533463890614595 0.0279781396703617 6.18005612622112 3.80485900930897 0.0170457616864594 0.000118602804238209 0.120635757997768 15.1401731134542
5.5895014721857e-07 2.43995993401533e-06 3.0872497532296 4.64760518317285 227.942346680042 167.955568158221 187.261540374129 185.669951181835 1.93524882767856 1.51313339242668 3.79284691887449 7.31501927161182 9.80488490500552 NA NA NA NA 0.00462928659759449 2.12568896399124e-08 3.89933528755675 10.5621021442143 5.08036522193849e-05 0.103621769894434 0.00034678334572034 9.19843706543372 0.00915022176018933 0.00183932062917804 0.241683367479769 9.39580915881977 0.00129616959261393 0.0105423240957584 4.66387756247284 6.90124082083137
7.76328950215485e-07 5.0530128751488e-10 4.90293589970184 7.52345892266993 158.557757510463 210.871890272309 161.654754499718 166.618411649572 2.92805985488747 1.75930085193539 5.41020283181122 8.70951981746589 9.65830155289951 NA NA NA NA 1.3103302837044e-07 1.91375947446254 0.000599564743254233 21.3546816587732 0.00321268432243512 1.5622586150243 1.6758968766545e-07 17.4667976260217 0.00403619786134164 0.0334744660630635 0.293325246177176 1.17899232865461 0.00617897283571393 0.000223959578778518 0.112595324551274 7.96179475452832
0.000781766418987267 6.45982877335269e-05 5.96479043402146 7.59662605162322 196.28900949235 131.490651788707 184.549973763329 151.978062388009 2.90691475845438 7.60503290777137 6.63442439523844 7.49836018575287 7.32116999914884 NA NA NA NA 0.00672474042222373 2.70502737366057 2.35667898098364e-08 17.1336918542053 0.000899550860795175 0.134783627443645 3.84555977443222 20.4035776084966 2.06073167127501e-05 0.203750980330337 0.447716461756749 3.16252369091563 0.0050713102532699 0.022596499114129 1.33950065660629 2.29092548773433
0.00018378052277229 2.30166208817644e-06 4.34399862916502 4.92786464821421 131.190691443523 199.022902739712 181.056885675928 134.014976746377 1.69631706711104 2.38117321603841 2.94689808449096 7.81589164267852 6.35443461424776 NA NA NA NA 0.00657175223697271 3.33605738006216 0.000608493133202402 11.2614196265514 0.000202199327849514 0.0793128170758529 0.330996550341799 18.4566304593353 0.005027653565226 0.145311195184502 0.256081929295736 3.93806029269735 0.00135076655946234 1.79581343244922e-08 0.376813482051688 0.42857085721889
0.00014193527773685 0.000926575083996127 3.12908332982153e-05 8.00225135508415 203.720908051446 258.292970790572 223.58687237487 184.127765404807 2.28690246792805 4.14288580402567 4.75907738443606 11.8596004453574 10.7246173239143 NA NA NA NA 0.00137683069367499 0.000418109918700504 0.000568046195102899 34.4187275704587 0.0216208479353708 0.00227720838630442 0.000559910973931714 25.8051447759167 0.022182878043872 0.0117759305294523 0.0001481517769381 2.86231596367737 0.00070494638703014 1.11096960729525 3.06527662187764 8.12827407900432
1.08122371170308e-07 0.00116505884229663 5.81998148407034 6.81081951247595 198.170862573428 192.0847680397 180.75604406552 179.598481480902 3.3239322516992 2.32435701138284 4.51234206009209 8.55589569226119 8.06636977219416 NA NA NA NA 0.0115747215666951 2.26528091728609 7.69729984549024 20.5832549269833 2.68569733061634e-11 0.10894328664717 3.21855074511703e-08 1.92231029456945 0.46478063074712 0.0206651477631606 1.57387426728821 9.30835867823499 0.00122630862899812 0.409635369408178 1.74291581311912 17.2741815178227
2.08900781043135e-05 3.71006438862653e-05 4.60500476745501 6.77542066556239 191.360914394118 172.021427591929 168.639547089041 184.771435552591 3.35108840898598 2.31527423874117 6.73986707036772 11.7292481342918 8.28108663049752 NA NA NA NA 0.00129660110632148 0.0064788378520606 9.53467153875169e-07 13.520492083389 0.00522321647992312 4.70251268695723e-06 4.25338011414091 14.0848554666051 8.31049828830412e-08 0.0361888971145753 0.501468234168735 1.65629439395027 0.00181029671408375 0.000949397388831021 0.383213395802475 4.82283754941907
2.74581096570599e-06 4.93728534023999e-05 9.96598723817923 11.8900310863759 195.59930832559 204.072495305082 207.723550978129 152.320144188342 5.38547819427363 4.24131653227628 14.8644953021312 13.1216895486117 15.4290555178343 NA NA NA NA 0.00492606330249226 0.000343907043900388 6.26724026947476e-06 30.2557712627607 0.0003628424796252 1.57028815882308e-06 0.396151505866257 31.7084752822043 0.00274873390219829 0.367208916071229 6.84081702199969 14.3035519482301 0.000189530268005665 0.0278983622637113 0.78596759740764 3.86022626830929
1.18373765114071e-06 0.000491711641674535 3.74816757291377 4.60077492270962 206.348313148787 163.949445034151 171.711846296633 166.175887998069 1.30667962916468 1.92449269113587 7.84057727922575 6.26276300757488 8.42106685629923 NA NA NA NA 0.00667493241813657 0.00413461090203247 0.00446557888541685 16.1551795411824 6.04238855176189e-07 0.235722291817472 3.5898860486671 6.73691181429936 0.00842096156334522 0.0111401489975332 0.358091828246875 0.769019561089735 5.6881821874988e-06 0.298570626446293 0.00031591078044577 3.69588963742442
0.000606327368944961 2.94102946355647e-05 7.2848646538634 9.00737205761168 167.290879777969 139.039107427189 177.546555283981 167.8987969088 3.17955139464218 3.75551776570907 4.02512243578736 8.64802561257872 10.4856109674521 NA NA NA NA 0.00422767972145153 0.0101836354152503 1.07426364066867e-09 20.7118249488363 0.0299718221211254 0.0566950661745708 6.33050706689647 8.6348108279615 0.0055030161508906 0.0583985998046065 2.61531591744505 0.2562759780134 0.000463581785421499 0.00850916312742793 0.000538643868582391 7.284875785764
0.000678728362690275 8.38181887036932e-05 8.33342348870205 10.2353493713671 211.379473337031 192.131335038924 161.076552205681 175.503479062553 4.90809095132864 3.64401051719873 7.31371784155408 15.3421834607839 14.325351454678 NA NA NA NA 0.0132113306444862 0.0206120772338528 1.96590985235451e-09 27.5999011325418 7.46148131802724e-07 0.0285419690863126 0.000125763844022019 28.7890200916595 3.52282205589678e-05 0.592758541943845 4.76239196813895 4.86407398085128 5.10855560411647e-10 0.311024079788294 1.49291926646781 2.91974067792302
3.7101522010989e-05 0.000239608466809453 5.15183842422591 5.51633988961193 159.567973622982 171.190893382226 157.427516177993 147.499491776984 1.91231473290485 3.01096563945394 3.07363539180261 6.42568751949709 7.53437321248831 NA NA NA NA 0.00135991369099898 0.0016557349572019 16.6039643287583 18.1808685704898 0.014623938492426 7.8428313820883e-05 2.09933205958697 20.383961045827 0.000451948617066445 1.93677221430173e-16 0.143066560273806 3.89379264404189 0.0255730928765128 4.27922659923809e-06 1.13698275172759 1.57873923655433
2.09649391274569e-05 7.57981277058871e-06 7.04199629868756 8.84582961219334 273.769014828894 198.501185590283 236.687775984923 201.306679182398 4.08083196295348 3.55504082525039 15.2694965809015 11.149398541029 11.8300904299455 NA NA NA NA 0.0165868279702 0.000264530540647249 2.74264829684345e-05 46.6147507768782 0.000498690362087444 0.168351793180726 16.5757444693974 51.9275669231481 6.54525574975818e-05 0.0675917469724756 2.54567429438836e-11 1.84587221388324 3.80827958182959e-05 0.080899118987305 2.26639260607133 21.5276646400095
4.60518053795628e-05 1.14281196021657e-06 4.11749827364547 5.06374062191998 168.360565574527 171.120073841098 195.491433520799 151.390477144541 2.17345818720287 1.5724464412219 7.12391860780637 6.31022684619377 6.49455792201451 NA NA NA NA 0.010749507337908 0.346957203441884 17.2943483166556 10.9435464726088 0.14448350452481 0.168933392508345 1.88400527463161 13.3822158531013 1.01220791155989e-05 0.0191827161487351 0.389918061667208 9.49577655381554 0.00683337460833449 0.00998735943701781 0.236366186480687 8.26508957367197
0.000166585348623106 0.00360586993265068 4.04694772063787 6.31933772704862 198.0158580277 245.790767282479 180.602935007656 203.285922870103 2.1596771276179 6.26724392286138 10.5909911259448 7.51075475415483 8.4540531679216 NA NA NA NA 8.28717413888095e-09 0.0183821793794334 0.00207563845197549 21.6310610134373 9.46043380687158e-05 0.203175761760915 2.03894463568369 3.96413745053781 0.00522026540037831 0.278893386002262 0.354825208295236 2.10919254168009 0.00692957099055109 0.0290234942923074 0.00138201962472714 1.23769345635752
0.000100285068833164 0.000172180756212006 4.86293981949135 4.32110278258241 202.265626701429 140.157311914068 180.274901313288 157.610836131909 3.33917383204198 1.57035280294867 3.28269745286692 7.12864058629865 7.72638390250448 NA NA NA NA 1.9187644506541e-07 0.00190988299467008 2.60789832385866 18.3315769087925 0.0125635471552481 0.100686617818959 16.9426058570329 13.4331201604313 0.000849163006315382 0.0918483502951572 0.207094510207963 4.67862633916674 0.11252408732539 0.46474069330297 0.0303759034226345 0.818561254477722
0.000498027626477861 6.62434987970516e-05 6.09475253828699 7.24335013193414 178.174893868099 183.786714345437 174.819112691238 171.083047954762 3.35835246661828 2.1757619001152 7.03160956364068 10.3415333245066 12.1009240817869 NA NA NA NA 0.021659647559835 3.74820656533778 0.000503446139417983 20.7447872138221 0.000212700901725957 0.182922564241784 2.53965329471569 6.31194415643572 0.00245592545506598 0.0805660790225174 0.718970845889825 2.61618229609902 7.25578029091209e-10 0.414349949599702 0.176896338475887 13.3426436156091
0.000163713531532326 7.31546403489804e-07 7.33573102100761 7.04931445297143 172.205749889173 221.232514728067 179.571260987668 182.022173958583 2.73442132847561 1.26897378666235 6.80479473358462 7.77390603844646 10.2170865456641 NA NA NA NA 0.0072293730881571 1.89033236016206 0.000676514259276174 16.7605543755611 0.0122780802126629 0.00107265785006621 0.000549311391276652 19.7563131453197 0.0239814090235954 0.112425938303065 1.65897284566165e-07 12.9166709062714 1.24180762720171e-05 0.315138272940578 4.16449158791543 1.61943434598333
0.00218326022640256 0.000484365784661649 4.55674050501082 7.23330069538941 213.398686012449 218.867296552479 216.750640533694 152.834828365056 2.74675556368014 1.11968370369291 8.81991927426056 8.75861419898268 9.81165774121408 NA NA NA NA 0.0649490706925431 0.854741082409201 2.82075327357749e-06 20.7748618571514 0.000346967189282539 0.498820542620183 0.268294356697002 8.18588488242608 0.0161344141957261 0.0070419602420727 0.99005570815814 8.45698559494817 0.000239765558158637 0.241889217403694 0.771758286614188 3.55299050932629
1.54481454394284e-06 6.84495296042708e-16 7.20016286344359 6.27594851818496 178.310371582181 213.497430648981 170.317017847625 164.160547830455 7.90255667102188 4.97059658346753 9.17415965162414 11.7264566706292 10.1230198834191 NA NA NA NA 0.0274333819405859 6.95387200467985e-06 0.000320756764524696 25.1992114822741 0.000310802039606891 5.29318444367922e-07 3.2127476733585 23.0632599083752 8.70488957632634e-05 0.293141672799863 1.51554384984951 13.6497787841888 0.0732104682996261 0.538510516913364 0.384499730801324 10.1043249398207
5.81010789041098e-07 7.66961018942926e-06 3.41942124138585 7.09239130450704 197.269319816937 185.49575396114 198.166169496598 155.727766823444 3.76542069318051 8.28126452344106 9.1971074641472 8.80575386268736 9.34801722091226 NA NA NA NA 0.00273145753819447 0.000186746904760743 9.19041895249561e-05 33.2222517328852 0.0223101892949502 0.102182808701637 0.381033378440935 26.297168983108 0.0321220956461829 0.0272883582833109 0.286577801998349 8.50744466551995 0.00199378756641889 0.116498483457799 6.7987087482621e-10 15.3328736923197
6.78702190578542e-07 0.000199055756128761 5.46117243357171 10.4417923849075 188.833557232304 211.933981035709 167.959971661883 178.862838386244 5.26657860138097 5.51094859874525 11.8164118460612 14.3036612670998 14.1046080984651 NA NA NA NA 0.00946072849913035 3.87738031502348 2.83103730338449e-05 25.4928181636664 3.87307783244009e-05 3.01713139403177 1.36488204960339 30.1054548703922 0.0135726740349979 0.0368329454507778 1.42517672745657 2.92382950812455 0.00505555718587319 0.0507967058380552 5.53608548450978e-08 15.1309008341803
0.000243075480422245 0.00461746470713408 3.50019250639568 10.9319860962178 198.217812117405 178.8948975488 182.809226632511 163.025032551876 3.18851519529403 2.68525362235118 5.0213119337814 11.5031006732202 14.3541215303896 NA NA NA NA 0.000379437175880498 4.23892360346308 0.000282238824884754 21.516295087942 0.00779487282993914 5.69721295325165e-05 0.0004156884099279 9.52587875424536 0.0479184158078411 0.00228791085965058 4.57559006527201 0.925778225194216 9.21748020835965e-05 0.00275857243546204 0.0723696804248953 5.91535272236901
0.000181599750464364 0.0104174291572504 4.25592167548103 4.11098609223416 150.244624210555 153.723288820617 148.192686899823 131.961936527414 1.94759856351044 2.05887668605788 2.91531447985868 7.07604799630458 5.33688534732303 NA NA NA NA 0.0266182195072952 0.0069054368806863 4.84672034710493 14.3433157851582 9.66890040909895e-05 0.522961094668962 1.72507069053216 8.59464882684336 6.92953345433578e-05 0.00803111003288943 0.000427330524645864 4.21630172154319 0.000469221789891574 0.0150070243585966 0.0761561187131725 1.76278390481247
2.66695537786172e-05 0.000240776125207803 4.6181715583087 6.03493597797845 140.002309084809 244.689195270472 149.482582381037 166.970739852743 2.54636721586886 2.85630117843895 7.29071501030406 7.95958558971451 9.41750813982361 NA NA NA NA 0.0169643430954754 2.29744314163709 0.000103900778376034 19.2678560063741 0.00124953596643119 0.176979329701474 0.29177198923578 21.1780100827408 0.00341355547773582 0.0318731028384197 0.293519663406644 7.62628328064269 0.0238097805810447 0.037073551579887 1.86448630297347 12.1234904016043
0.00059006191987431 0.000541103022993868 6.08744706857498 7.27806327719661 187.884759871934 166.206312876712 196.628107611847 159.331422378453 3.27150634168285 3.17886749096791 5.20202644208729 10.8981996841489 7.54411923127772 NA NA NA NA 0.352747831867061 4.34978953175302e-05 9.44531120492449e-09 15.1155350331708 0.0268561735639301 0.332541132709075 0.293129094826031 10.7492531933483 0.119190812087017 0.00642313918077596 3.33715732267426e-06 1.68655712420277 0.00217527403520784 0.369837303314823 0.189159264570612 11.7170347484284
5.45147583227096e-06 0.000683540140783091 2.0427643592166 5.3344100018994 204.653481045729 184.61608602446 185.43218741204 190.01273375027 3.31456584523563 7.68138515534291 6.26856273920208 6.61127480212549 6.62391542730557 NA NA NA NA 0.00032629165877721 1.08560098150498e-14 0.000503962424028748 26.4080541246624 0.000672231931169515 4.55295917938763e-12 6.79330015496399 4.20704256126849 0.00958586788831515 0.00440915418155344 0.334428776306342 2.49454857762086 0.00126042891717634 0.0360457918947633 4.14882153762556 0.512198501392531
3.80328200837301e-07 0.00155253968434927 3.83667040269719 8.66901252839416 289.776619986641 226.594047088108 185.390210981017 165.965500170897 3.00766301775707 3.1055675848671 5.9924379212681 7.48339495385101 8.55139402041678 NA NA NA NA 0.0277556283753017 0.000332321625772431 9.55486457247526 25.5200224894826 0.0167875482898353 0.834286870806787 3.81088219877533e-05 24.5205144043572 0.0315543977953472 0.0293381336285538 0.0899699088185037 4.63079740808052 0.000117641988695427 0.013176716955832 0.957740143496991 15.9354623067855
2.0744209191751e-09 4.41383790537536e-06 3.64262538328763 5.89346959382849 199.434105929543 222.913521841776 233.923377674344 156.16234504619 2.70713520031555 1.61675303434039 6.67889383926705 8.50616358873898 7.35298898631948 NA NA NA NA 0.00122800200207561 1.86820845758211e-05 9.68828231137098 21.1104437448827 0.0128305985777865 0.0851184761586839 2.6470143515387e-06 6.67073670336299 0.00289153086799955 0.00599863644074634 0.503404764872872 1.70500983079125 1.3777187760056e-06 0.351227528346367 2.32998246395022 6.37794120364
2.76417348318294e-06 1.22598078537556e-07 6.34283717573226 7.74504052165172 243.006533492647 225.924265028222 225.028224898273 169.822361341259 2.5890626547093 3.05100496409734 5.92544009229674 10.8921432030591 11.3858633215523 NA NA NA NA 0.00462627618589422 5.00009932488585e-08 0.000232961898904946 28.0715254840666 0.0232909467441566 1.82768801061427 12.4299175525502 25.673154511177 0.176865055317188 0.20440053069036 0.313664254636689 3.24437784964436 0.0162246679809481 4.24286162185421e-07 11.0495399912628 2.45688736879052
1.93703259730509e-08 1.38247729693851e-05 4.19512594753273e-05 6.92797683489847 188.268257586906 199.349349039212 189.720761890528 177.976240953856 3.65115215141628 1.69992560504867 7.04588493231767 7.20642361601734 6.75988811239901 NA NA NA NA 7.19933642108752e-07 0.00010309808511304 0.000295667974945981 18.7234010040291 0.000195493325404135 3.76106291051741e-05 0.000189442749106542 7.98225930838114 0.00125567874855148 0.0612011993504316 3.47302039123584 7.02621002873005 0.0122386975351998 0.397419620749503 0.00127068232411171 6.98858260974933
0.000166138034505527 0.00114982091053852 3.55953894553919 5.53434464856644 173.214681485542 190.882028287407 182.744610420129 165.524357242222 1.75035062077148 1.75310096407276 5.24299635323126 5.81724956070676 6.38380850202502 NA NA NA NA 0.0138331490625599 2.38432102391087 2.82315751705084 15.6667081691661 2.42227423215145e-08 6.596198125241e-05 3.69628546463664 17.77115827556 0.0726654268713147 0.011247026139997 0.241370235870403 2.11821637680997 0.0038310895189364 0.0906624562454098 0.298209526493926 5.06302733723297
0.000577717116366059 1.62256606444949e-06 2.2802523602774 6.87737944950892 205.243300805366 120.880807960852 183.687147323922 162.329833685905 4.11573197771421 3.04732381719646 2.82511172820489 9.1103857832573 7.33033379768548 NA NA NA NA 0.000819961756542853 0.00083603164124155 8.15125868838483e-05 26.6102883712315 0.0501794701130189 1.18177252363193e-06 0.00280690858668958 7.722467624466 0.00140738544671855 0.0151210742156045 0.307932504278986 1.49149723291588 1.81891391942011e-11 0.0205990219074189 1.31545275823249e-07 1.1353986767684
0.000818858243268744 0.0200684413692663 8.02464141272577 6.70627572262863 144.496348034073 176.395990598264 218.373155467023 180.412535075884 1.99894276371197 2.7077550416938 10.3842444131181 9.69192655759795 9.66471278979695 NA NA NA NA 0.0126971760238267 3.36349531979465 0.00614952932373026 27.6811836697811 0.0182638911868004 1.13290296483302 5.38706309518296e-06 14.6171342437592 0.0166587109110585 0.399360203733135 2.03107464834589 0.737032807626345 0.0060576131489777 0.00901373937930089 1.66662802364105e-05 8.14074628246142
0.000279659570874812 2.65490936113145e-05 4.36905829442983 7.01045206328158 194.106792812648 229.482195620267 165.169236821543 153.578721716706 3.68947145304054 2.00701068196456 5.53900070693918 8.85268941619359 6.93713495982521 NA NA NA NA 0.00563999825305966 6.15369281552519e-12 1.15736631940024 12.3375629931937 0.00684507111184556 1.02078891661478 3.99459907683542 8.51351978312362 0.000167274019111358 0.147756254788921 4.45106683252907 0.81359582384564 0.001530393690554 0.453425243778821 1.50192206740478 1.77848856241922
6.42523850786499e-05 1.12608828288501e-05 5.66743159290725 9.3081287038766 175.934884703571 207.036779117415 206.644197039899 194.788153386952 5.60586731542306 4.87676521136857 7.97697204318641 10.705345182213 11.6622340026544 NA NA NA NA 0.0431573733294236 4.54977964521859e-05 7.86067068928025 18.7903791683425 0.0824824842818645 0.000868045987181107 7.70636020432627 28.2644568399991 0.0070933632452595 0.126766421246317 0.259632928293615 3.15209425976933 0.00186453994796185 0.19068758828385 0.538535746663425 0.673605025617191
1.8751903021554e-05 0.0589772929261519 2.6753328048304 6.69602707190377 210.540871143617 216.174960284878 137.482359768212 197.122197441593 2.96267220049746 3.64478393345551 5.02087748082784 7.65809347386342 9.79760254906122 NA NA NA NA 0.00394228312440029 1.08386973636303 1.18041447098396e-05 12.8282167861102 0.000941859545567041 0.400333793143408 0.00446551835117164 7.94630243919171 0.0143668250039255 0.0171783602756012 0.123667202025861 3.22874086607156 0.00970480207365296 0.0342712587711046 4.99115105434958 1.41145995637206
2.2795213858005e-08 5.67059579469201e-07 4.26750801097559 7.61819053424972 174.658580027346 209.155522403653 204.384203399427 200.293434970269 2.13516051605862 1.86546577804636 9.48332389001015 6.26636300554681 9.03144206617348 NA NA NA NA 0.0451956975179159 0.00138150298680381 3.82434273406705e-05 21.648624195883 0.00153042526791835 4.65211849983273e-05 0.00188292679671492 0.729226363780978 0.00451616654404663 0.0225005176538562 1.96153712759875 3.08849833441131 6.66317921977994e-05 0.0264510866686561 1.91110424604843 19.5657962966773
0.000305763600900969 0.00022374848350243 1.3646359364189 3.33251171511727 167.824495154734 167.646346003153 151.070143982784 146.765400352557 1.47551232076566 1.23453998455321 6.23034245898646 4.98815916895436 4.84869899149499 NA NA NA NA 6.71720877719167e-05 1.46879223214679 4.65214079577554 12.0872554407005 0.000687954705157492 0.104266240384052 0.875112820250271 7.79083249445848 0.0303150428044167 0.0685367265633579 0.249156830102066 1.65642660600691 0.000544150285601934 0.0051131094118789 0.25056170236172 0.428288953006963
1.16468571447077e-06 0.0484092208394043 3.78226409139242 6.93463138815309 245.39579897267 191.621724448851 188.260248930532 169.110951769544 3.09038451421255 2.54125119426257 7.50503737327828 11.6177870115798 11.5103121559443 NA NA NA NA 4.94873946986465e-06 2.50152370309728 4.4166423059704e-06 29.9696900975098 0.0101038732003659 1.3062328475867e-12 2.13083367475294 30.1695073403197 0.0475295862568174 0.0244092380132008 0.230948388353626 11.3970900561205 0.00890558999027085 0.311405125949573 0.00523585750465619 5.76204954899538
0.000217631737742425 0.00148406497979201 5.38672845292773 6.49797869887734 223.467883474366 194.968058014692 214.464544662115 190.533400058504 2.78688614173578 4.44423800485662 11.6354937571789 11.7953120717971 8.7033111524013 NA NA NA NA 0.0335154928890271 0.000578309753040938 5.34807696657119e-11 23.6516423715672 0.00109618113011356 2.5285248364344e-05 5.38276340640906 19.2911090148712 1.37906197877594e-10 0.31028100557966 1.25672939540451 0.431161807500792 0.055946914939996 0.209788988342434 0.251713397857299 6.89294623251153
0.00213152162880801 0.00287507994033096 0.5939128542349 7.35689445037335 250.610697553737 144.478345935943 163.979205178814 147.419057637289 3.71234627393315 2.25831920668614 6.4166401992171 8.62728325601472 7.54886397283131 NA NA NA NA 0.00978909557388676 2.04903918545114 1.58382667204856e-05 21.6227937982981 9.83955569917151e-08 0.21122318305353 0.633475516691528 6.27024464378306 0.00720334487834833 0.00370941475836977 0.655326869800905 2.93345023865648 0.010049924938172 0.00191197339376436 0.0779608327599945 13.8394992069709
0.00223894899070427 5.5994074182992e-07 4.76597021926998 10.0101445797806 205.120757476327 221.939272608248 193.259448278455 162.290986699737 4.41172741559381 2.85622281425682 1.44956863462881 10.6775747363054 14.8604339375839 NA NA NA NA 0.00176819521937244 4.05565332519356 0.000483358002605969 26.5360737245342 0.000474754398148511 0.34694028676652 4.46190543820718 16.4259946891448 0.00835601077819791 0.16587620984929 0.50946812077363 2.26976624199624 0.00369587508093029 0.259625611409427 1.20079941544169 7.29561771256859
7.95649217293557e-06 2.672329283467e-06 5.38677208998998 9.15298712377711 221.747965499399 149.944991947352 157.673726233202 167.99612803013 3.70285794584028 4.51238918479924 8.7069569004628 10.0900698022112 8.46711674953699 NA NA NA NA 0.0287354635278039 2.85582203722572 0.000187721843535306 13.4461711880585 0.00113163096176002 0.0804264242818909 1.75901650404494 7.03358826634505 0.0966809827918764 0.0637602978068378 0.413257740753491 3.12388540731214 0.016915101624093 0.00100156342490311 0.611092898461068 4.62168141262277
4.53425318214727e-10 1.13036972286981e-09 4.84652776128954 8.11541296572499 171.837700124735 189.833094884457 174.766186711619 169.679003602196 3.30328656165698 2.18990082433654 9.50954324894452 12.3512694278513 11.0279203312957 NA NA NA NA 0.00605702960806422 3.42290319895558e-08 0.000524916125398614 30.9649205567006 0.0195863816539461 0.121574312871571 0.000464863030192248 33.2150526081293 1.29722374575254e-05 0.0118454946081159 0.893652829622394 8.30193154314365 0.150179359884609 0.187026469891282 1.1505133634956 2.3805225961454
3.93613806393851e-06 0.000305279999137957 2.90513950858657 4.77615503901124 142.823116298478 138.491492108766 132.651096467593 140.128916120504 1.79213034691983 2.89644810191772 8.58523073675958 7.81794427640617 6.09896422541054 NA NA NA NA 0.00117266072092165 2.1060683571237e-05 6.46882320657838 15.9823152502868 1.83490554665538e-05 0.0316332303828231 1.82556484049091 5.39131101622604 0.0168209919679661 0.155876082707829 0.105462324452066 6.03594829518655 0.164509970427556 0.175068059331936 0.399632365948153 1.01523860456777
1.73547826944517e-05 2.56267124792646e-05 4.48468860722249 6.12353578656452 211.171771792594 202.333766718278 191.127833861948 171.790200077474 2.3212541158287 2.97295957758257 4.54668149172817 13.1137864272039 10.0278346585071 NA NA NA NA 0.0106140544159359 0.00012054322232962 0.00121580941763643 22.0433114104778 0.00643494683625943 0.206680313462454 6.83481285151064 18.2295364758299 0.0177302782180755 4.59106321705996e-10 3.00359019972732 1.49263110040415 0.0166212545448774 0.0348821892737417 4.19617563987573 6.59080593319801
1.78646442585675e-05 0.0049180342367901 3.73893793854226 14.5683263053555 220.341172085893 195.283394056764 194.434628738659 161.335859445266 4.88093737606009 3.502640989785 12.702888136532 16.166221087515 15.7841017315671 NA NA NA NA 4.79026333141137e-05 0.512920123752327 1.55361628089507e-06 40.123226645404 0.0045083567598442 1.89530972870789 5.48054138008444e-06 20.4655005354268 0.116518496281753 0.0943441443226749 0.180939945838293 14.3751960937507 0.364793355236859 2.09575633323373e-05 1.29607995486401 5.14063549925478
0.00362417094786597 3.69108340629925e-06 6.67146498067603 12.1928335889829 183.049673967746 146.995728154828 212.346979948061 186.83420510045 3.40729284231668 4.44514939710191 8.1892959904095 12.8675975945421 10.2807074985858 NA NA NA NA 0.000303718164323702 0.0015984159844512 5.69100438033499e-05 32.3371771542084 0.00017507354343046 0.381403189765831 6.68583115467335 12.7012461689724 0.124965326988999 0.129105114925338 0.301715179060473 0.382038267846242 0.00248274247201826 0.143093022969827 0.62832935087825 4.0416221147544
5.76280362977385e-05 0.000106143471418533 3.23466329212593 10.3110106346953 174.499867235369 187.017052546044 144.412444687362 170.129484258728 4.13374754063924 2.56139772700529 5.67473448064296 9.12574180601798 8.78116734255858 NA NA NA NA 0.00244854316446693 3.06472599493217 6.28639458655093 27.081493065343 8.60823785922769e-05 0.144400513928917 4.73933113753734 21.3382696124722 0.311161953869427 0.000784276090089113 2.87965864466201 8.86554947410949 0.00342667760883347 0.00752983187053477 4.51267479086747 4.15555228267037
3.84615743649039e-07 1.29542073275874e-09 2.64225995741745 6.62430714062063 202.7158207543 178.825954342039 190.421603344641 177.459533263934 3.79975835506894 2.53996620240273 6.97837527628166 7.1427563243175 9.19566969210286 NA NA NA NA 0.00142777550266411 0.000284768554827763 0.000886395928366883 29.4031918985302 0.019047798496529 0.00683445823968091 1.30647019560764e-05 5.04803518534455 0.00396432806348696 0.066953208666096 1.69859745199511 5.23895454843076 0.00694082000545213 0.0035958553572045 0.168659588480049 8.5189875723157
3.88863276034617e-06 1.16720425397955e-05 6.58121242081124 13.7513374515613 178.796524165795 198.543899949232 169.796008898364 142.992798035176 7.10051968704343 4.43446951571375 15.1084514944785 16.2724166644422 15.4435677211178 NA NA NA NA 0.0128707749061034 7.8500366036178e-05 23.2265372769977 26.0360992538981 0.00535625985781602 6.53877900674612e-17 20.6388858258335 19.1270799979198 0.0372135479261177 0.000381997024117231 0.534369932901146 13.8600152370367 0.0139773112185747 0.566693939106525 1.96376147041751 3.06651912484178
0.000861532749109037 0.00019470490723502 8.9077589017866 12.3088154783715 166.025226173531 143.293943976151 155.01005846807 163.630699428972 4.9034213045717 4.10758868969802 11.4356860216935 13.9614622481299 12.4334962281314 NA NA NA NA 0.370095804355875 5.6496141530433e-06 14.0533336760715 28.5798733389245 0.00578099548273813 0.000602498406420088 11.8015763405833 16.5227104911022 0.00734439873766163 0.467007795432279 1.35254495360138 9.73278862685521 0.00123579101197153 0.392815736016442 0.0992917529717356 16.8716613786488
0.000125739182338773 5.96145596469005e-09 4.51222586589354 9.11936151959569 187.438170694992 190.933687821764 157.142340989779 149.177670703693 3.97794541032581 4.2594611436915 9.14826187549776 9.18760222356543 7.36210902176412 NA NA NA NA 0.00264961653451615 0.000165165544875758 0.000434459814252686 28.9075897609528 0.000799847662007635 2.54820204900773 0.73756060657413 11.4477254574751 4.26455525462223e-09 0.0137221398322397 7.04879679026457 4.16342022225982 0.0167134847631628 0.0243343112211178 0.00518884818342707 1.42639689016108
3.09390447495676e-07 1.66148709235259e-09 8.11123611600294 8.58439513569897 204.391431681696 195.353266331368 199.769545028587 193.9388318678 4.76646134168689 3.06464836430159 5.75827924496052 11.243675230318 11.5537310469076 NA NA NA NA 0.00364025496292864 5.48507878196214e-05 9.37754349617533e-06 37.7145369949142 0.0304899814565687 0.000129213880039242 0.00320859570535263 32.0985076487745 0.0268639669272664 0.00428105456859581 1.02742341775011 3.82503004929761 1.83666773710136e-05 0.0181595148255171 0.501273721664655 4.12694440804711
0.000183897477827338 9.87914537557461e-05 4.34543263505217 6.73731517164252 158.790010640195 195.232496524736 196.414645806353 174.636062638691 2.37734673797326 1.99802397934818 7.61273420874462 9.56603959815269 7.26046730431993 NA NA NA NA 0.0295032257497903 9.07085773939836e-07 0.00484589372713561 20.1701182536051 0.00233469665621607 1.67692497967465e-06 1.94227535435237 6.95367032466801 0.0169404916002346 0.0696047133472754 0.172619183547104 2.41491053641218 0.000635176716729187 0.234157181029745 0.0244805863883424 4.86721772436046
3.28588697085285e-06 0.000814084843811532 9.67533934924381 9.85849348761051 186.531708122034 163.708302813945 161.99752764148 155.036457236851 5.48765379742583 11.8118531413174 5.5022111801799 11.565185960656 9.66789717348438 NA NA NA NA 0.0144117689638613 5.39680674683e-06 0.00100100751417347 28.0488508013073 0.0466595598919762 0.330098336796932 1.67063851970023 24.9307849246371 8.61994038422468e-05 0.355734467388617 2.11976221832597 1.24948179828584 0.00856208751468101 1.44438927132013 0.523996901795649 5.21940711495998
0.00118875716004784 7.34940119315913e-07 5.55357759773742 9.94922098859921 248.657741907198 261.188595537347 216.371564390763 188.889579208297 5.55418765290553 3.42717968910107 14.4210226400515 11.297675619457 9.89766618988266 NA NA NA NA 0.057508447882322 1.55926933503836e-06 0.00118782484283687 22.6027201470664 0.014842226209234 0.326799278383318 9.06762666973685e-05 30.5030902526738 0.106202297234721 0.0257648570377899 1.7428530982764 5.62194399957033 0.00052902552144689 0.00676710248746904 0.132419958002669 5.50769697644838
3.69439018538333e-08 6.84589452525243e-06 2.88580820975496 4.65778777058339 157.151459189648 66.3915314458238 208.121703811067 130.623633001946 1.8909631588813 1.73381440731086 4.70992734922738 6.33049494059056 5.01131686537669 NA NA NA NA 0.00307049602231974 1.87278528559378 0.000263120176256834 6.01735537357138 0.00543134405577513 0.0187380167144334 0.00267726337929846 6.53948865750934 0.00395620205201741 0.120486016591146 0.12508833664346 5.12229075249061 0.00864777181761549 0.00401028565815786 0.488530329346144 4.94308850620441
0.000699265313084904 6.59866413113004e-05 3.14886919902191 4.80358486107428 200.986960684994 184.043529623391 162.255843944481 176.632003673513 1.65285032861024 2.89130813960366 3.73060848832656 6.42932590337804 5.00592437503568 NA NA NA NA 0.00646399857783842 1.5523990542728e-05 7.02211120767909 16.024693377541 0.000738032003417982 0.987305759014879 2.60605615420518e-05 4.65317460615519 0.0171494398834659 0.0340742388715162 1.69589103994366 2.51877934165362 0.000633813388852312 0.172863558644378 0.430990765828224 2.52449341597067
0.000348170815265502 4.1190729642397e-05 7.60793955332152 8.49376839775313 188.58040137754 206.059180315599 153.1913746445 155.486239355994 2.42365905740046 1.95522837642873 10.6663229859276 9.40537954369934 9.05061880220657 NA NA NA NA 0.00202367065183329 0.000108851174188016 3.30394031313444e-05 30.5477517916104 0.00713879936728644 1.63233465680847e-07 1.52970575360137e-10 24.4036298336158 0.00904766096085358 0.0852975236171611 0.256920114698204 6.87354340181439 0.00171065681092874 0.323980071999039 1.07007826319435 1.97520688882581
1.05018247522018e-12 0.000835243016709495 4.35136736439277 6.47304194380594 193.867648014528 155.477240080067 159.804934603921 135.332543144702 3.73671620232515 2.91222405180294 11.8604681326695 8.04790879057008 8.98285800099587 NA NA NA NA 0.0168884318395521 0.000122810547636254 0.00394841937331703 21.0932835287701 0.0084339709319718 0.00710350129556979 2.22153153822499 17.14347390704 0.00849293752821877 0.0372254842338585 0.154566820340965 9.79709001321791 0.000191445727521132 0.130793707647276 1.78424210026244 1.03914998658157
2.6838308447041e-07 0.000165896485396139 6.55410598139001 12.7181407192829 199.142383559441 202.151074052608 164.550721820544 157.599880884293 5.32979794443121 6.48390581082312 8.07281414880633 11.1478510264484 12.6797639281868 NA NA NA NA 0.00157587654540987 3.84929296358735 3.05863079666303e-05 35.9640755803093 0.00127012839468019 0.059513655224866 10.8146110498256 9.98440450062678 0.047235325218782 0.0216048327303483 1.77269526049413 17.2462849907199 0.0367586562771151 0.0271798218449118 0.358015499617603 3.01151010180407
0.000136661033892094 2.4981934570276e-05 5.5999288626664 5.21937403911056 148.699391291226 188.826774376919 163.455337186726 140.235869459439 2.28696702486671 3.08552344081633 9.00634648948007 7.14028307497711 6.65930074722185 NA NA NA NA 0.0146966074182991 0.000395107893401297 4.85480476110879 11.1477367511805 0.0339468920141841 0.861902174332757 3.79294020183168 13.9124962514239 0.0111149249887567 0.134378362182132 5.07886792724047 3.08477865278183 0.00939019392438618 0.00260743770495556 0.22000542995467 3.54918540212237
4.16297123839044e-08 4.74026816904261e-06 3.37914617836138 6.71376385863756 199.985800347571 196.505682067716 209.033594530208 142.856938930849 3.34550509688645 3.44944898415251 8.56369361886287 9.8001650447768 8.40165526475256 NA NA NA NA 1.11669851407477e-06 0.00123665107530837 6.94405061143138e-05 16.2942927893336 0.00172814035087948 1.51866826933298 3.14392316766692 18.9437239494382 0.00392096610518849 3.87490226974929e-06 2.05814216233678 3.26300029463554 0.0121091887452847 0.0109949943092609 0.426641645408666 2.46322183702285
8.65882969418624e-07 5.06374541612819e-05 5.58507010580352 8.42434909342787 203.215267975341 212.174972660464 210.830048420418 179.232609386375 2.16651449714236 2.28997720691506 4.84811457850592 6.21652171239386 11.7938280407665 NA NA NA NA 0.0170052615056235 3.68387024721933e-05 0.000201455665387471 26.526191486164 0.00443096742715242 1.27826274369698e-07 6.0335857883221e-05 27.58672238612 0.00647802005595045 0.0533531115097759 0.217871682362135 11.8181524378108 0.02151902850037 0.000768018798079663 7.10526071239142 4.86889218958123
0.000165883554001566 7.48256872212332e-05 3.12680818112869 6.44782023425956 208.434217875469 235.862979705546 187.042656007003 174.251766451695 4.44555128175881 2.26410000786183 6.48582199525883 11.6313366082297 9.32850642495818 NA NA NA NA 2.57326235185058e-06 0.00156382842636657 2.99065493097158e-07 20.8387249657886 0.000103296075974178 1.15942016975215 4.85631702658998 4.85516251797464 0.000391192407291105 0.106979808061727 2.86922409109017 2.79626274663718 3.61358135339171e-06 0.0311435579803635 2.27071082220684 0.524701307951637
2.92827643512665e-05 0.000164321031546902 1.01620092564394 5.1801929194483 123.281495513251 195.797777067793 173.542479130189 137.806836319751 1.46050240574585 1.67361519274282 6.41729505032528 6.935040531283 8.84347435714424 NA NA NA NA 0.00801177171755426 0.000529952973808367 4.82739924369211 16.128379044742 0.00133685395425789 0.990322338914887 1.43683502712198 9.14585879015202 0.00448544802153655 0.0231774100247507 6.01141279703697 1.05642674821747 2.67169007458452e-06 0.00225731076121816 0.301040149878802 0.840382680352094
0.000906217966913427 4.72376829934364e-06 5.83416662584368 9.22005429040832 142.739163838037 158.032483194659 166.678398905756 148.251188568487 2.19475461638557 2.76324394206429 9.65300109072666 11.3125629512731 9.85581122711731 NA NA NA NA 0.00159610133583995 2.63823328291099e-05 7.26906785217273 18.3275692603659 0.000237009348351056 1.96202793633372 1.82471248683095 20.1456261577036 0.00198652367673806 0.0123059479661467 0.416122833615196 9.9749464698016 0.00251674640435788 0.0145972462952662 0.121690808516999 8.94031500117987
0.000138550713452441 7.90234084432742e-06 6.09975047510767 11.1753129235907 183.150799060118 182.710262642606 163.976550431474 155.332984411282 5.20388697094312 4.86516575900138 11.345832100562 14.8141601009601 14.9299375049904 NA NA NA NA 1.06293148609078e-05 3.93397469681584 0.010199139572467 39.4679555387599 0.1362336219495 0.00730022175916044 7.3689598712873e-08 15.1638019484332 0.000976230462275798 0.144059756118828 0.229636201616659 2.94668308806642 0.00511841061057927 0.00681245773724016 0.658898337729141 21.1095342681859
0.000558986143138394 0.000758147885611994 8.19648272685169 8.86195732491139 190.116316793065 235.663749765641 215.53589159723 233.233411917663 3.68537532752526 3.55824714229523 14.3181548285625 11.1711549175945 12.2687081275988 NA NA NA NA 0.0204032904390107 4.51626564056772e-08 15.0005343858631 37.7271566168407 0.00837015947084851 1.76741583085187 7.96378390515963 17.0759321584281 0.0361992700215316 0.139772976640846 0.497471474474682 3.71008669820595 0.00306761638199045 0.317026414779625 1.64298026238414 9.94964599137822
2.92180063650614e-05 0.000210625049975477 3.95347044533027 6.07445630729759 196.163806579716 207.708849503578 162.792927495741 178.149389210697 2.1996155585268 1.20053053156421 4.86379319991686 7.62833801635657 5.83515942127824 NA NA NA NA 0.0240102235248683 0.00128039789048232 3.11360417376615e-08 13.6761769154986 0.000550973651244812 0.583574686809747 0.00025725346950712 5.14233503657934 0.00254540825611841 0.0278273087010181 0.324229919932553 2.98797076121111 0.00134707839664801 0.020985224875254 0.131080149209517 0.565949037133056
0.000267600166834874 4.2921173461536e-05 1.94705282969775 7.44129558381372 250.677850838508 241.49421043958 173.278912123341 182.451906270962 3.2014578168504 2.78361841508235 11.9968137411484 12.481953057337 11.1543967953594 NA NA NA NA 0.0119063996827808 0.000131761971854138 0.678999236378584 29.6413702009163 0.0340346056404969 3.90866655787234e-05 8.31656301861898e-06 13.9541254389412 3.39926707422863e-05 0.256724978688721 1.90398600630595 8.09841399447583 4.66142618934428e-06 5.56501556973572e-07 0.732565912251994 14.7426630513923
1.84707261370741e-06 0.000612784597149281 4.38115317008903 8.3847334147169 216.445159826184 193.263742175117 179.797316199244 147.027854120919 3.07831944180426 3.19752570416538 7.0400076017148 9.66195770935482 10.199802195144 NA NA NA NA 0.0480193770263216 0.000781433801415543 3.50267278519885e-06 20.1987416580661 0.00174918739749914 0.973781216431269 21.451626574044 19.4066959077456 0.00500796111783277 0.000265568108629434 0.565501584513132 11.2713301991915 0.000788136285582567 0.424936114537326 0.988190165909075 0.736569699598545
0.000124419110759164 0.00013000475352542 5.11244691047288 6.30612730797629 138.006588051284 116.78627684651 145.239630322221 141.625014159118 2.30075413031417 2.11360995134916 2.22988495915989 5.35382486171964 5.85198257142788 NA NA NA NA 0.0318944888645998 0.00187618238860158 4.63903053130231 6.31853320039794 0.0061067474397728 0.670984568299782 7.6033741719002 6.70392919404811 0.00771266002822734 0.0235379266417178 0.343002022860147 1.9474247999547 1.68395261782881e-07 0.0312672314827959 1.00974285359397 2.02663244687308
5.64233582424726e-08 0.00104519432575531 2.7315908495984 5.52879447405357 196.874878276531 207.399526316073 156.363541709155 151.868782847498 2.92585458868006 2.92626349645277 7.20989994648391 8.71549786193954 6.33991161413565 NA NA NA NA 2.80688428175434e-05 3.53963641291061e-05 3.99025267659347 12.0477247377953 0.122127766046422 0.00518497136929918 3.01261787831322 4.98161815154221 0.000159394521445031 0.0584770341637928 0.795843784890851 4.84825917889921 0.0163142691355505 0.0361943572054213 3.52185542551796 5.46752975284294
7.44513913377528e-09 5.29195797890474e-05 2.28919508742894e-08 3.74782130003436 178.019677204754 226.640119887336 163.591668944213 168.395315464763 2.86233125373781 1.83201957527059 4.10942229183507 7.38919083537033 6.6744875702033 NA NA NA NA 0.00227370807980412 0.00213908451512735 9.24009746057138 15.1252683983095 0.000132439902881424 0.134041412215636 8.60673457027064 5.48557254765954 0.00518951870993303 0.004390162798254 1.36079821360069 2.5461313748077 0.00046817409793602 0.0109575624944758 0.0873364234845761 0.481160978700113
0.00234722035520432 1.2129847780967e-06 3.354763777373 5.71717016054397 182.948069487024 185.143112095276 132.267098292848 143.16758692973 1.80106418599051 2.22822103125558 3.91035586596175 7.59930265503911 7.42878240446001 NA NA NA NA 0.00204844455343628 0.00669470865038096 4.81152152553781e-06 8.88667884557423 0.0241355328049749 0.146049327300698 0.611250457010606 5.45977293608706 0.00224557759620412 0.00387643493378048 0.0861601910605401 3.20453077797259 2.0308634559464e-05 0.158768482840107 0.369137580932766 0.0995355555380266
0.000455523346056865 4.66261557088776 5.21442835943508 3.83714451704473 194.561597927422 127.776056622264 163.877889249983 108.641496357411 1.55677806007457 1.92486059770745 3.74505010730458 3.93866385126315 5.46597849535574 NA NA NA NA 0.0402957524639885 0.928262296326895 11.1785780037606 10.1340726340397 0.00313929026650656 1.07226435444456 1.28593901763732 2.45679389434082 0.0589035016850222 0.0125395068705812 2.36336202400132 0.179502602707881 0.00566439451336669 0.137293772704247 0.0571321586248768 0.781476481686412
6.60196142632473e-05 0.016350516495526 9.56973268570026 8.50041088012154 187.738614228257 184.691206777132 182.713231222405 164.061331714264 5.00853899315286 3.38725410866357 8.51700007066425 14.2081032287542 13.1258500565176 NA NA NA NA 8.6670888956117e-06 2.27358491090329 0.000140875256589253 28.9981627379068 4.87122076820861e-22 2.1734461996484 0.00147748284616663 19.3725412595262 0.157543154345356 0.734513958329693 0.262329325755224 8.39180694909892 0.109031652089107 0.0203558731969953 2.19587966442419 4.60646576519015
