"U_1_Gam_alpha2F" "U_2_Gam_alpha2F" "U_5_Gam_alpha2F" "U_10_Gam_alpha2F" "U_1_Gam_alpha1F" "U_2_Gam_alpha1F" "U_5_Gam_alpha1F" "U_10_Gam_alpha1F" "U_1_Gam" "U_2_Gam" "U_5_Gam" "U_10_Gam" "Sylvia_Sparse" "FM_RevJump" "MBC" "DPM" "FM_Raffaele" "U_1_PC_alpha2F_01" "U_2_PC_alpha2F_01" "U_5_PC_alpha2F_01" "U_10_PC_alpha2F_01" "U_1_Gam_ProbKp_01" "U_2_Gam_ProbKp_01" "U_5_Gam_ProbKp_01" "U_10_Gam_ProbKp_01" "U_1_PC_alpha2F_09" "U_2_PC_alpha2F_09" "U_5_PC_alpha2F_09" "U_10_PC_alpha2F_09" "U_1_Gam_ProbKp_09" "U_2_Gam_ProbKp_09" "U_5_Gam_ProbKp_09" "U_10_Gam_ProbKp_09"
6.47777289181118e-09 8.07945571700739 11.0809621022103 13.260603089955 396.97146773572 447.972983518132 382.925741621899 362.192944604997 2.67855363737756 14.327648389668 11.6635498316887 15.7349587478449 14.3256368736199 NA NA NA NA 0.00985852245767886 12.7743539264559 21.6750494365763 35.5455936166475 1.48762578859997 0.516561337483036 10.2143236545104 381.714350071626 0.0579619946994348 0.0255967763002001 0.358288379977107 2.83881483330195 0.0131709445720523 0.0274022920823262 0.387935934797539 0.791517341998239
6.83174235123726e-05 15.0790536178195 18.7528079851699 15.1810266752059 551.079120996149 585.563508817635 494.594849170004 540.396025321212 2.22053286014016 14.5151059628013 25.2076267518147 11.0688281847301 19.9761517412065 NA NA NA NA 0.0230147780755087 23.5900600143091 26.4096354776428 48.2867723585476 0.00926678361658563 0.348295638780971 22.647623734917 614.13446804515 0.0145596259177859 0.0375875529795765 0.337141208359382 0.826279119693742 0.0617297181004969 0.0367047762809607 0.0997990209318411 1.63982680514591
0.00169167927055581 6.70121900956658 8.12992032920175 8.71445971842692 360.719285281687 338.575854356778 324.604657588729 345.338890011153 2.02034909384651 12.6837567708218 12.198648005446 13.7034620744436 9.66639402842527 NA NA NA NA 0.0153852162222608 4.9016077461871 18.290686598809 30.0813631556002 0.0005503624809856 0.253944891743747 6.30983561761807 337.068526117114 0.0467968286950101 0.350683268672261 0.66292273053812 1.22809920649069 0.0101089633746921 0.0107191505499348 0.724541415078495 0.835942086822389
0.0151620767359694 14.1224748009547 10.2138753384353 15.159998046711 461.353331204801 470.869075543615 430.866025572228 366.988245353339 1.86723152030357 12.842211990908 16.9736078259603 13.0948666559212 10.4232128819348 NA NA NA NA 0.0199938594380447 11.6197290313753 19.7114326594635 44.169761575868 0.00379245126126987 0.165676674429398 2.3483216296058 360.164407254348 0.0302334796302472 0.211171791783238 0.0804627165528944 2.11613520038625 0.013679002320347 0.048815841444246 1.47214739084328 0.981926499057401
1.91369204432279e-07 13.4900559712335 9.1784375554205 10.6336343629997 371.042408993966 436.987361246985 401.544865776762 362.567346522759 3.98367688374528 14.5275712719343 13.2741696812185 11.5591044962582 9.76366558030377 NA NA NA NA 0.0206386137630494 20.07778949115 18.78446701489 43.9794792578206 0.0346900721224083 0.395381141323829 5.43747903768899 420.706330076882 0.0158868020960549 0.0291337667931021 0.326934827006263 2.42580181216012 0.000147447323653449 0.00349937169563005 0.695974380360231 0.607198347232467
0.0167842426595441 8.10221020659855 9.22631690214691 9.70748620233467 564.694764424203 441.09202141028 420.544833634679 361.213811285485 2.5469505702561 12.5498171794222 17.3050879002449 11.1970099344498 10.8937983000975 NA NA NA NA 7.53377987595827e-07 10.3075643051022 16.8766050341928 34.5505492246666 0.0015981552245597 3.33068632843998 8.24673162648268 335.035898400861 0.0349436758661003 0.0109039854088169 0.876065355613628 1.59921996451433 0.00051176741217466 0.00691375285406491 0.280015217548874 1.09805560047564
1.5959113406472e-07 6.94420886157072 9.41222669701006 9.05089382241177 378.63247351041 223.399442614799 330.424840672426 392.499048546765 2.63255315078191 11.0507018828681 12.1964419977882 12.0197560423795 10.7126876741465 NA NA NA NA 0.0272416292624134 3.99751376457865 14.9196838775385 26.0296830010155 0.0338296979347409 0.43407854953688 2.37383303873913 253.395003863031 0.0244677246264309 0.0218671539156214 0.368898440780016 1.21311038942501 0.00942240222620043 0.00628842821804224 0.230736437219656 0.91241003498862
4.64870093491089e-05 27.4765500680718 19.3820449242409 26.1602476471069 547.791699621623 535.534237050434 583.752152250079 522.352998285569 2.70196167136775 18.7577049980839 21.1974538418045 23.3049178142469 20.6586659176714 NA NA NA NA 0.000780775703947902 36.7993258311404 43.6937398767859 67.6864194042433 0.0494122923132128 0.83341142350928 2.15321665998275 623.894274700927 0.0143219954632874 0.0475622289840101 0.512262903905977 1.88678385179353 0.0349393524818868 0.0940937798350655 0.152174675431802 3.87927703523118
0.000699039898740462 13.4279413992574 11.2406373094801 15.2802159267116 532.079561446259 437.946969974145 441.840607982201 418.630968746563 2.09894537479888 12.3407469537309 13.2033971823956 13.251365236851 11.253141375702 NA NA NA NA 0.0428604156849134 8.87690145224897 27.0294380704275 43.3449400275278 0.0134158494639823 0.441191281792395 9.89082909496734 417.327321775641 0.0186181718342818 0.0192667479991902 1.08529600040437 1.93308207357504 0.00674628157924867 0.0555513678693182 0.979212887960151 1.89321817748538
6.24277393818641e-06 7.45895047446757 9.73396920703908 10.6874291770719 511.423123240934 584.515714728134 510.93954157777 361.732978594135 1.99695095800751 11.8245812557488 10.3964860053808 15.2160547490678 11.9379540807169 NA NA NA NA 0.0204371954047068 15.2603148764563 16.6958820588074 36.6424011305545 0.00881534274546384 4.38480963265567 9.40845982360731 405.060202029224 0.0192107023874435 0.526590061780714 2.6130673347763 1.24377596513293 0.102834822785607 0.0310316176429203 0.436554730602745 2.46404114742332
6.71151500781298e-05 13.5490939895417 14.1094822310712 14.7964278900519 516.186158249487 465.824420671405 455.852672117866 338.080292295327 2.28100589941575 13.4216598966225 13.5945777325672 13.2776919864552 12.9235943818999 NA NA NA NA 0.395232770969413 15.9505141781167 23.3099134591775 37.7296864405517 0.0120081058076768 5.70980586596769 7.99605174350962 443.355301989573 0.0617376010271862 0.0277413656209256 0.241387358139761 2.52164484296384 0.00341049992037926 0.00481445760543572 0.17315188366723 0.968367681953839
3.8652356742636e-07 10.0229908076513 8.48693582239694 12.3602068629354 416.002013012836 466.637422219801 390.4728420374 455.452559566738 2.09957548101954 14.4651849907463 10.1287791386471 10.8974149654008 9.93191823931157 NA NA NA NA 0.0396784779892159 9.35655905910111 15.9466836731227 37.033687164757 0.09562227388472 0.282019860172862 1.92726095868258 367.484463872999 0.00475171670879673 0.0649723930850859 1.03874180305743 2.45930132434436 0.00927687034138752 0.0151809497818256 0.437211772954493 1.49311743866681
0.00495533389666427 12.9425854060875 9.43331308096717 8.94632331096117 481.818192129954 419.059504671248 493.182673746653 468.771359793487 2.00465597621814 10.6909363637827 15.0331680758996 11.1881915425745 10.1674214114808 NA NA NA NA 0.0240976330190312 9.01531548708748 19.8681246209402 36.0097854028878 0.000223365985354932 0.437754449489711 6.08280981950422 348.385693204965 0.0344207025276023 0.089544412819784 0.124580867419905 2.41066602224187 0.00013443024383073 0.0531479620755007 0.140554354427866 0.535562709329599
0.000380269247960626 9.63319464617491 11.3535134972178 11.8602118926593 421.618098859046 520.635355173351 307.051900819668 442.340397882345 2.06442068605093 13.3204599665053 16.7915248741355 17.1271653151799 11.0083278623167 NA NA NA NA 0.026212846132104 14.7931210003865 23.0623988277782 37.46791246408 0.00299788150282152 18.6315048644869 6.87212291264969 434.260640487759 0.0223724464506037 0.0471403163076681 0.389110788480097 3.77080501646221 0.0971161315999694 0.0654392759264876 0.379360444761983 2.68026707777692
5.74467381487479e-05 21.3314781537408 11.9875200914965 18.591289233142 547.343892142735 518.285961993825 531.269601414914 535.41498408814 3.21665945575144 20.1327726008982 16.5081129337213 16.5929122068946 16.3021227687435 NA NA NA NA 0.00863374913038318 36.4412039882127 34.0072837168482 64.8378801276224 0.00116998343000003 0.314912759789587 14.0872228329157 556.258165227806 0.00324446474889939 0.051218206856828 0.757149311948577 3.56647645269712 0.00816159329414518 0.0401802823980668 1.98553837255396 2.09982271310911
0.00113905151279278 16.81078984337 24.0794557772815 12.6452453707473 467.897805575649 490.457314696847 490.213311574205 516.361432130392 2.33932260994477 18.9615322018971 17.9798896803725 20.5804563964252 14.9669428894317 NA NA NA NA 0.0519197744345532 23.1323002533401 34.8427702402702 58.0525303481048 0.0158080703082566 0.346536001836764 12.9758863829546 536.53826177523 0.00717143483180134 0.0100518348091541 0.505189890900215 0.896424404899566 0.0177653286643014 1.65348645193793 4.34782216685429 1.85415271764807
0.00103911932168248 24.7844231000499 18.5511172073843 16.6963756667542 568.46104147331 447.884029413315 486.457273647873 489.785152904865 2.47507696102101 24.7180722331705 21.0570398811164 20.955924188889 21.5184093231206 NA NA NA NA 0.115218383000039 37.6676924247709 35.4432518029208 64.9944317193475 0.0389604313089027 0.514079142643495 14.3572040100483 587.572364559946 0.0430648977611454 0.04291204082701 0.235475547113295 6.27939450888637 0.00825590528873688 0.0722209009657689 0.306826954572424 2.0127154400728
4.60130656972497e-08 8.22992774646165 14.9645880771489 9.82362289150504 403.308332230058 470.217230025447 262.400409576935 341.450149094177 1.84773515840822 16.6104597562968 12.7473057448181 12.8384386806683 11.5565371164627 NA NA NA NA 0.0293021552762921 11.1115242130729 17.0416370999112 34.5700423983604 0.0302149770871362 0.956811181855194 10.137395506445 343.963934433743 0.0527380535483311 0.170543858237118 0.282621285848926 3.05278292577007 0.00463266488979193 0.0946067028634135 0.0764522808482315 3.45780759780658
0.0012775282508043 18.2968396052717 10.9727193453439 13.0521317454758 424.384772827274 394.465863750156 473.788772826329 465.11710517829 2.14441652453025 16.51106556487 17.0171685056303 16.7661211706525 12.6395920544436 NA NA NA NA 0.0205479739298513 11.4107284044812 22.3147241617658 40.6786969136475 0.0308962218339877 1.9693537705633 8.62591069318235 505.360796392488 0.010003621371658 0.0370240088201103 1.77846012920657 5.08630470425904 0.0710400058627735 3.19322169585007 0.579831282213443 0.355270639884497
9.53311880708744e-05 10.8801820596751 11.0300642251061 11.4247734358348 497.253522893946 385.700235311037 368.753413548326 348.342007879026 1.80392946130307 12.6558538623499 13.948425973182 10.9108883453764 14.7091371501791 NA NA NA NA 0.00158069378608293 7.23808523277726 24.8532940252417 37.811699079832 0.00494897056075782 0.410814959927393 5.62815826601388 409.362574799356 0.0112146556232036 0.0611552055060108 0.244469042041981 1.74050663248188 0.00215161147939588 1.14908162741927 0.594698305951556 0.960345402395102
0.000114168434892817 16.6575355910866 9.90280631239573 11.7218926976969 408.504216327794 448.419530960248 393.152961984927 439.240249561147 1.71729594368119 18.7723211952411 18.4071723195476 12.4182832328446 11.3225158351024 NA NA NA NA 0.0186788581770559 4.81910869540994 24.9534229455067 39.6680919554467 0.0492223490179939 0.349286895111444 11.1957327247882 432.225572764402 0.0543239534348589 0.183339387669891 1.59648869959209 0.607780529579804 0.0180842343099514 0.329446632403591 0.513109492337361 1.94262276366906
2.86139889929471e-05 17.0378373946203 10.3305775861359 11.141367851291 309.579245154646 494.114446854562 440.704511115305 418.883878204297 1.90382082607464 15.290978524912 15.8635631896163 13.3114998173054 11.8601616920285 NA NA NA NA 0.0290985196583407 19.7665956837809 22.0905379520124 45.5966418564896 0.000274376552255352 1.43328680250323 8.29797917107248 457.807388728829 0.036633055158143 0.0792482500400011 0.916963520379321 4.51366113765323 8.00286507487529e-05 0.0273148011600842 1.78924359776436 1.45975282712991
9.62893033587062e-06 14.8644989353569 11.927446635041 12.4431472064244 476.433506040349 384.306036047662 436.118299042002 464.509514144994 2.75654843802095 27.0188269670477 16.4516100484408 21.6073043312934 12.1934829565348 NA NA NA NA 0.00889917513433505 19.7946792778907 25.688677130544 58.9121950744846 0.00182447513827929 25.7967825037358 16.3838338512349 417.344156907515 0.017260451883623 0.0242572474774414 0.25544079676879 1.85319659817913 0.0147098957878645 0.421139872996613 0.196471830366654 0.45242406099371
0.000835916089695266 18.3338912526837 13.5513718239109 12.4780291094725 409.63650735616 449.016807071718 445.864945614425 346.395338834986 1.79497526002146 16.7847057077392 16.7284198132102 15.0510531601323 9.72042415030716 NA NA NA NA 0.0108580554126383 7.50478483321239 21.7073113834852 44.3586672263479 0.0111701454123887 0.308293734617871 8.30666061366888 377.885643874862 0.0259779999494754 0.255124355493462 0.238058755354255 1.70522954183033 0.0280629884184754 0.0587142330223473 0.376019523292873 0.9467185248099
0.00158929797973309 8.85150433403879 8.83085859279791 7.35387044655443 470.364360879042 317.721331604895 340.620565860432 380.034345671978 1.72796359946127 11.1177137013795 9.87231759243382 11.3001746918999 8.03320548647737 NA NA NA NA 0.00793321014006261 7.16838656220708 12.9387876742788 31.5940487251765 0.0556061494815045 0.501007779605221 3.14142898869289 328.822962147716 0.0466918329642038 0.0644998604225643 0.276577721136818 2.01910609733444 0.0315990622649004 0.0531821985599686 0.0707444294593246 0.978594407607146
0.000441113777160582 12.1805366462103 10.2801878222588 11.4884833905393 366.123641782839 335.993303838539 410.641030765932 294.569963235796 3.04625068772736 19.1577119018311 19.5448729983935 12.4186859103409 13.1876698174925 NA NA NA NA 0.0714151799976365 5.28179234772497 21.1940850326881 35.6658420169951 0.000136180760377829 11.2018586422181 10.9864615387026 352.951183834856 0.0267823457422108 0.0582941877668331 0.779605310833928 1.0729047972929 0.0184614463981621 0.173915502382878 0.297190498914201 1.92176122246703
3.69061059270514e-05 8.17916780637075 12.4819579022511 16.8165906414831 517.432144759655 430.099177384651 270.140146533296 427.634977115461 2.45790022005079 17.4425518477671 15.1349143172411 14.3764721763763 10.8380185319021 NA NA NA NA 0.262644032857566 16.1902669084806 16.5284121982609 39.3434865701445 0.0335258520028379 0.735640192397616 7.34029389923536 334.666140918632 0.0103076329076829 0.0418791603304105 2.35762406883751 0.906008536471923 0.0773084368237557 0.0648406782039278 0.708692128068171 0.821120129564666
0.000135803442133432 22.2468149947301 18.3358562250212 19.7109975153406 511.564534045479 434.370706021231 541.893551117729 440.024546264341 3.06169027854676 31.0543321090762 14.9847902657876 18.7912810239976 16.0102348202478 NA NA NA NA 0.0387612126753062 21.0583499409165 23.0110951428661 51.3440777165708 0.00520875142012496 0.854714677926588 14.865720625586 541.522290961385 0.0155434540204017 0.0691925530608475 3.14845020574551 1.85280545852605 0.000123815576480428 0.067069270780544 4.05564081771851 2.64770107947844
4.14323818416508e-05 6.64341386130189 16.1138528974155 15.9308944598433 588.852132291056 508.53088493105 528.574460579585 421.356583247256 3.60485142348803 24.9256330363701 27.0098001767945 20.1603324200792 12.7417397975286 NA NA NA NA 0.106476535667979 16.5523184208185 33.5931417770038 57.7422900740338 0.17967833740234 0.166075655335931 9.83340156273192 541.900952451251 0.0268819409832645 0.0513502101420564 0.473621483558563 1.41354819515843 0.00557602122686038 0.186937826369175 0.375255842310924 1.49071568028632
0.00427231768033502 10.5040275405007 11.333386805591 12.1435968716722 549.761670234679 511.52037888438 416.24675948133 424.155365909031 1.74812033778259 11.2733345223054 13.1573207914246 15.7158544987104 14.614549135116 NA NA NA NA 0.11213676601568 21.7497522057109 24.3546151634976 51.6379214858298 0.151587160845742 40.4744934375059 8.36868009172935 514.089288492695 0.017062977339212 0.0423695580283069 0.209641174113267 1.11345970715866 0.00195401792220352 0.0715188887826961 0.903187459760097 1.13814841949839
0.000273185416522338 7.33310962004562 8.32810017441135 10.5419808456278 487.771023831322 420.428577191653 301.378054567137 321.187069500419 2.41989588724046 8.83401721440902 11.6092900448766 10.7936246213726 9.55800435891564 NA NA NA NA 0.0117985251025905 6.62100654341312 14.0744472740184 26.3961226463493 0.0221851917214301 0.433938203296471 2.67415795402266 275.934982083471 0.0416312044837724 0.139808354310616 0.262458274874101 0.615684217263142 0.150167410594941 0.0124182561956363 0.135998036067055 0.411028217565303
0.00401425048075805 6.92873255447576 11.9309817873541 11.7705286667345 446.251576517692 424.776956613484 389.745683235101 386.241543571758 2.03135733531109 10.9056832620445 11.5798277574274 11.5100524088855 13.635254210451 NA NA NA NA 0.0329849225596618 5.33141599940281 20.1741771140807 42.3793896134996 0.0507493736440692 18.2052204765192 8.70237166448602 354.282326996909 0.0841779319567168 0.0274878161614365 0.258134709906638 2.62769364466709 0.000260849950710592 0.00864248975015471 0.137660828601633 3.2694136221071
2.19925308609243e-05 24.9860281038547 22.5754728929228 29.0090622121563 510.635321307775 550.380069042851 600.658754873752 478.471322000553 3.45175624334873 52.4208529342421 28.6353129393909 27.0944369933906 33.4314690613407 NA NA NA NA 0.0939420839252372 47.6877448507134 59.8649654792081 77.2020259181573 0.000398115309805025 0.766259990761951 16.7717241359427 587.645956048308 0.0465326072253464 0.00928123169467636 3.90267859853179 5.58208523194148 0.0804826912086308 0.146596359531404 3.44532043029199 4.44592393955379
7.96253865371264e-05 19.0915283763203 14.3499400615586 15.5424872982229 490.319737633163 441.841323789505 501.488349187053 462.576637285852 4.94983526086158 12.3379683923013 11.950769177692 17.6669744171647 13.0938375495453 NA NA NA NA 0.0274808480036094 18.5923415059025 28.4629101962336 46.2385981654702 0.0149033941316933 0.51984502790017 11.1256476113709 507.467829261663 8.21291626742845e-10 0.0406505321376144 0.205854412038926 1.92334301082742 0.0283142973497653 0.962212949628152 0.824196635559334 1.04394064958701
0.000773265820672521 14.8185133221629 15.6190799080388 14.1550103292592 582.802301259035 621.739060704078 585.038943556455 488.457193988496 3.05552847635522 14.6425545092747 15.8738391455849 19.2543199540849 16.5186735177994 NA NA NA NA 0.0203925442546496 13.1418922202634 25.4382334024318 61.0185810008155 0.005360459613598 0.539536526575807 2.47773958130434 550.798229109534 0.0473079773138039 0.0982019765496397 0.207284433007335 0.585294017133885 0.0210609701896621 0.0546128131638886 0.207963178370362 1.40252914575234
0.00465215996973833 9.24865350424185 12.5220251910554 14.3646353780351 379.448079835995 406.671373117258 297.22975869509 371.295114422278 1.99225045760619 18.696348627028 16.1859507997484 15.8606700771102 11.1783597099732 NA NA NA NA 0.0403316568749895 20.1711339027188 14.6993869147896 40.2111163326512 0.019290396364859 0.328987871100103 2.79251944560277 288.324362957942 0.0145845247311411 0.0366320248734463 0.348170074728342 2.99041788921054 0.0232543100401571 0.0374774233348188 0.129673418567827 2.17216565071693
0.000576037550326649 12.9261724176255 13.5828128573912 11.3165173098671 522.500235848305 507.488721447082 453.345755059653 461.941615148882 1.6128594556408 20.1703771788467 16.0210589082194 14.3936922638505 18.2114237063069 NA NA NA NA 0.00421325272060816 19.1081611603535 31.6515166004691 37.9049927356554 0.0268060437722562 10.1765631965457 8.01714542214146 540.894687812105 0.0381418684466872 0.0476511465317914 0.210648530506013 1.11263361127242 0.0165283072328009 0.0541579056206801 1.84133129537168 4.89916134068423
1.58625016208063e-06 18.5839330293455 9.96123083026612 14.6797066215654 319.758333421794 346.641565337601 486.343482579456 315.134138910522 2.25469637135215 10.406021632023 14.9192423220652 15.3326118605254 10.3550218583973 NA NA NA NA 0.0367753847106103 8.93395595787636 14.2860272249108 35.0362157225013 0.0596116645532859 0.112536926837174 8.511106208548 340.179380781157 0.0807363635722655 0.00409710490874955 0.306588030531874 1.26962485877392 0.004869886674198 0.334709248933374 0.378517717573173 1.01431899960905
0.0205315230898161 13.1685122095909 11.5843753510765 11.2735204141191 376.435602048501 454.006801809377 304.275795552432 393.979842329222 1.8817037509493 10.4223858775208 18.0185872679501 11.7581413711148 11.8118323690314 NA NA NA NA 0.00377184187709774 6.96179718663068 16.1127764371443 31.6245351993982 0.0265403375792132 0.910383457431538 9.43229631076573 314.045621335077 0.0241349855712231 0.0258242699472076 0.485238880836278 1.47024025499504 0.0414848319550373 0.724236435426314 1.52861208077575 1.25292079519623
0.00296771155898832 21.4045921590481 20.3791061208638 19.7539876372552 476.092880031186 448.738609459716 410.075398788829 436.754943443517 3.61495947979563 23.900792582483 27.5331119622376 19.0760070502155 18.0834995520301 NA NA NA NA 0.0359054885609074 30.9841136395821 35.9564814580587 58.8139333485045 0.0326743252919685 14.5308728484626 4.54937122485684 395.895264897813 0.0369270304773328 0.113924875036234 0.333980770796236 2.06332645027858 0.0338734866274326 0.300976228036828 0.186257445222453 1.08952031873571
0.000861970602036508 11.5517851044565 12.6919445805868 9.60516080404383 425.751356183917 393.407578646362 420.736512729903 419.533070608355 2.37032483485048 9.94683295881177 18.431528388698 12.6737709698713 10.6403034672329 NA NA NA NA 0.0304858732561229 8.26156640793543 18.0030256249241 33.2255377336969 0.00382897091517491 0.727107923324534 12.4701400978132 374.806802111079 0.0198508834230897 0.00918630629178027 0.234632178849719 1.63000189182509 0.0140714147621309 0.750357783988822 0.0447262861049102 1.94026553247591
0.00294804263241834 14.0117311553161 14.6408305270062 12.9584944398511 398.180347201523 319.683759662421 368.255888014268 367.636820339134 1.86666622396186 13.754159305744 14.1448807335668 15.2352743170058 9.5202492266834 NA NA NA NA 0.0289320288420379 19.1309312153856 17.7357384106283 40.2856320675528 0.00537386049200436 0.645624166064132 12.459614456912 345.118022378504 0.0970587833289437 0.0797731929534402 0.404910996933575 3.20716008101389 0.0650748976016083 0.00763638677070798 0.190685101401975 1.32410877059485
3.30471470820838e-05 12.9677334138835 12.930699624739 13.1865846179918 501.728172039379 296.400726246346 335.064811507275 519.700882987518 3.0101220162754 13.820427879886 18.3162951074468 14.7439914316889 16.9674958243702 NA NA NA NA 0.0543104386931287 11.9987736327522 22.4936204817001 36.981053526802 0.0184150085126434 10.5468003215581 9.13071491886465 482.633668682945 0.0142490320171505 0.0121553244724887 0.440382300572959 0.741320996588227 0.0922045002241717 0.086480864377422 1.7282155245809 1.25609955930687
1.80613803492302e-06 14.9148249452856 12.0422724361041 21.4129474067934 493.836715299832 583.009462445422 513.669617841396 507.811955332394 2.39173219106651 27.9905693447843 18.5148683675389 15.9376065046461 26.1812459653109 NA NA NA NA 0.0317768945498863 19.0201733842494 35.3175027194012 62.9056284792291 0.013375101923617 53.0822338171374 31.7430313555535 594.586559173784 0.019729620971426 0.218553603196506 0.630257870645547 5.9068637232617 0.0171612363705839 0.0632845658526004 0.368689545420647 1.1730457982175
0.00518534608274528 17.7480018576669 16.083669884965 15.3886570201096 453.853270833914 483.713082872787 414.457947074209 365.535647963556 3.49413928339973 24.6677296210933 21.2337534314635 21.81161268688 16.7119490176473 NA NA NA NA 0.0661714923119316 31.3239825987135 36.9942431265292 58.1398420976764 0.0368772568062328 0.443162099413242 12.8944385450045 478.260301465371 0.0394449597719365 0.0354056329910466 0.99113585753567 6.46555516687357 0.0412543435889707 0.062631579004061 0.577736591638369 2.66408567023364
0.00102652939514459 13.7794159776685 13.893162790332 15.6785581042943 498.854306440824 514.992594235019 505.557121325184 475.093189668738 2.52200701066158 18.1965892038657 19.0481642488673 23.6308919055241 13.9954593840294 NA NA NA NA 0.0140735471704815 25.5105628458501 34.1113449110116 51.206284410126 0.0037030012101208 0.251890164863367 9.20899703488239 506.613485348768 0.0357407285839215 0.151599657986217 0.547018727045035 2.55130468594179 0.00980682574827257 0.0479403271945019 0.250343724442293 0.447550835014368
0.00323116379220838 7.39267408955993 17.1023103081892 8.87279820529255 479.330020975524 476.794907012283 404.37908355043 398.48228554836 2.55178120414804 9.65280198864864 14.2209566634087 13.0587375405817 11.0702297489223 NA NA NA NA 0.00975432490104574 5.8278819287654 23.34281703613 33.1606732003841 0.00505635616653196 0.329094776346208 3.15103089634691 360.908020097412 0.0247406427963074 0.088496585557096 0.681612614931433 0.827210163463846 0.00180135307788129 22.6074392265817 0.675908513486389 3.61138635368821
4.42116310658433e-06 10.7041946043996 14.5149201583427 11.2581703934407 451.468600755244 415.926759173094 419.344579254517 390.366716814135 2.03008512126959 15.2266355610456 21.9492394386884 19.5594082882671 12.6486260093582 NA NA NA NA 0.0228222011457786 14.8697206323056 27.3237738275354 46.3252876190648 0.0691842055588374 0.530462202395824 11.6884369629869 456.61741023449 2.95390449180707e-05 0.0187074077659752 0.513418704159399 1.76008527664864 0.0127055128990907 0.0145255335531234 0.0877984122132942 1.94395044113943
0.0037875105862508 9.69046090501194 12.7322852997214 9.65470019280679 387.412284025334 380.22960567537 341.02228662162 349.589761620154 2.03606603603999 11.389205560406 15.6007996538989 14.4249057267004 9.79571225165285 NA NA NA NA 0.0161538455814703 13.4819446038664 11.3194034599243 35.0996870910538 0.0522553290670617 3.25265384493441 9.75998998755454 389.876363802577 0.0356359639519611 0.072871795268295 0.955158620192778 1.60345558582359 0.0132810675537275 0.0140739807704183 0.221018390323667 1.17453440608271
0.00918614978596003 13.0985314055604 13.3854354347467 10.7256845645305 384.496984610629 460.078442073072 481.145276261881 472.773330964646 2.02124502737921 13.249475257386 13.5748400166856 12.8761513442735 9.38743007074114 NA NA NA NA 0.0370324249296026 13.3983544898966 24.0398078945271 42.055243138816 0.0231359497253122 0.401873453723979 3.76676368555077 439.624230295798 0.0221555036732818 0.0194914645376017 0.286488105173231 1.06216216668072 0.0256387073167664 0.0188063897100116 0.171443860435955 1.79018832423032
8.11382282774568e-07 10.5742208582774 14.9369625007071 17.5441386830588 431.94450316332 395.407173018458 370.375201263039 384.425219555325 1.99286917099192 17.3683705354496 13.9168438372919 13.111803142445 11.135763611306 NA NA NA NA 0.0379821062955636 18.9306902307597 26.1814259316926 42.057942010893 0.00250596379689611 0.197288125896585 13.4961663034284 398.743287544708 0.0289557304326655 0.0106150678827502 1.21837831676774 1.14457780283085 0.00444992486013344 0.0484090518616589 0.925896162830174 0.54889030820354
0.00123431635785899 6.65129569803116 9.21559334455558 10.8606258589407 413.49098534169 440.896294160031 472.242938183482 437.935418608638 3.48363675236801 11.0272669999798 13.3679929035674 12.8182095671818 9.26865560488036 NA NA NA NA 0.0135977695538336 12.4734168383965 13.644631188023 33.7527477389032 0.0140188272227026 0.211551251416149 6.11049250398146 371.381071673234 0.0608982586766597 0.172431802218242 0.365325770935413 1.18076965126298 0.0333374602968755 0.014136123300319 1.11768153358496 0.414911634066422
0.00468785311746037 14.0774183499548 13.3351895356591 17.802405152888 396.057927405087 408.287047188482 419.978439147717 493.335833787223 2.11672818686414 12.5949966769337 16.3963248068229 12.4110726432696 9.90749765949892 NA NA NA NA 0.00703390440330596 21.4840135015484 28.9599162992633 40.6457771924435 0.0548452677482127 0.949598477980607 6.84696984382196 501.987484329863 0.0297876826001027 0.0216612651624115 0.420172460301171 1.67423683213863 0.0655355696675067 0.0862788661433364 0.251584962719497 0.231263258909567
0.00145898206502314 26.8883240217413 20.2694866764733 15.5955956640323 516.552271612309 459.872761552768 441.194597343459 490.486871490353 2.17550356725246 21.9352863988352 21.0781816010369 19.9693204832381 18.3419764530344 NA NA NA NA 0.149812823829498 29.1605541208028 47.8841984790217 66.1528060146217 1.6565884779672e-14 0.526164894672057 9.8065282555162 507.024977845239 0.0394060418632954 0.136302410843178 0.606473708300049 2.89298443024618 0.041914422102495 0.00783817544641723 0.262083585688174 2.59344808628356
0.000106498029293922 11.5812084629836 10.032664932522 13.4272360280386 466.044004691582 328.120834951823 427.40783642332 464.962911756682 2.27929687904709 13.0925046091283 14.9375072260669 12.38769668643 10.7778301662429 NA NA NA NA 2.53699696090495e-06 21.7398286984875 28.2388942663752 43.5130869460875 0.00478098910163955 0.304569283219548 5.07891791262854 442.788049420508 0.0655313543773882 0.0509373112822496 0.963490924259268 1.07983934101853 0.0324641139793479 0.0421431832180039 0.180757031405883 3.29761298047472
0.000495273178097464 13.5017468044441 12.7408573750806 15.1368271694983 325.875773768585 465.702128738057 407.506028800259 405.452665084241 3.42665197356508 20.2437823760784 17.1979368352934 15.3769296940594 15.6018974022895 NA NA NA NA 0.0289962843147422 18.6267013756959 22.9154783232047 49.7710551694263 0.0200043238351922 0.324647216507779 2.43349464214893 341.55394138749 0.926977877135763 0.00954187565133021 1.73319595685498 1.8941119028568 0.00206885147112205 0.126444755790218 0.520108365540848 0.986192067392522
0.00336293109193801 11.0651349751938 12.3945863765639 12.4907436929797 321.287170619124 389.089754720852 509.517629975539 416.331762731054 2.82424197688403 18.3223616099252 12.9388409452564 15.8902462712074 13.0524924364346 NA NA NA NA 0.0795059432452263 10.2452419306159 20.2505166527852 34.725576711566 0.0500735846217077 0.410773052955411 3.19608686658741 399.671885498633 0.012211403285785 0.229045836053751 0.516914931260214 2.14241080944898 0.000353489119627488 0.0617343894079228 0.186452438714858 1.98158154085048
0.0068954336851817 8.74357514573049 13.3623713470161 11.6743011540323 409.775377808481 461.150614173574 372.650821248161 303.064548403764 2.09919542897469 16.7690062005965 11.2931349001831 19.3468428975083 17.710462984093 NA NA NA NA 0.0155130091357593 16.5355291622584 24.363588072267 38.2028983508062 0.0313390062719347 0.67068873567894 9.4800776835811 329.75249033175 0.0379726906549815 0.0154621851303313 0.691917432580786 3.41652053282312 0.0391200345415086 0.49726975254338 0.60909966323504 1.69236089867456
0.00016178655856596 12.1301236506421 9.81317166702131 10.9548046379906 400.5869000132 422.895451981689 447.971695656202 381.402637983269 1.93700144534088 17.1164460911177 12.1187044479754 11.3409434750535 13.9325340020568 NA NA NA NA 0.0929383788569579 16.7709348204539 16.0963601890246 37.1612365143361 0.000254490683284995 0.178461356914612 2.7447695619473 370.78913649264 0.64452499305709 0.0440481836389034 0.21015494530993 2.75478910167273 0.0214054176459325 0.0411710180752871 1.6257170636289 0.76993625084868
0.0320469161710112 13.0689211476082 10.5268079352057 14.686107867302 451.158263062239 453.265920778887 380.890510979945 390.0931438064 2.90456344864058 14.5013715088148 13.032323943139 11.0927194291528 11.9400261797815 NA NA NA NA 0.0111513925366676 18.2835922737603 19.6998374943435 33.3745736311112 0.00102179509038492 0.27482333819726 9.80720416141053 409.957697480566 1.34013523169649e-06 0.023840180419513 1.3859061578871 2.75585981803971 0.0171221890191848 0.389836589014553 0.326707204832835 1.79532728048141
0.00507514294695565 13.4917540909523 13.632024583146 15.9111764898118 503.069800036351 491.411850391605 424.836413220046 465.818734204701 2.92684971743105 15.6847656475484 16.439322253818 11.2191608807727 10.4369740031959 NA NA NA NA 0.0211306115068682 30.1910473648778 32.6228647216699 44.7354262213618 0.0110746725389971 0.270410005675227 11.0383418719446 525.844197293389 0.0151776339805897 0.00383301468730695 1.66043122326159 1.68841543204652 0.0264345572964658 0.861456521516231 0.508023040489625 2.65056168774052
3.45536900994985e-05 28.5125276333032 23.5769698795252 27.8543141448628 497.239684169217 639.427549369947 493.093018596317 457.159635417465 2.04660948709416 26.9873853473904 26.0605107337943 18.9492165879701 14.6825280344887 NA NA NA NA 0.0316315057963239 32.1298154281898 40.6053553810375 62.6449973301581 0.0051416246028047 0.367497996284307 26.8642884919135 523.092317513777 0.0232274818391967 0.197430675859569 3.55639111051931 3.02475800322613 0.0314383604403946 0.0425776885579212 0.360202713971401 0.491834617563561
5.75740815955763e-05 18.9807531137914 19.1649979808562 19.232154289447 458.504005777425 488.645505709896 435.950680359429 383.669369753549 2.95780352590773 23.0781701058861 23.0580435405414 19.1255173679172 14.5062765001516 NA NA NA NA 0.068928149998819 20.8250838882649 30.7872147757573 53.2305964117284 0.0622515035334159 0.605993301908937 2.54508492891449 454.360668126509 0.00989769761248735 0.261984412094349 0.416369149231089 3.47924000756229 0.0132849849168811 0.137520599763548 0.234841170542336 1.90030948054519
4.8895600403529e-06 14.3471780101658 10.5703791570962 10.5620994830909 522.920652804011 552.873563628849 372.724695640246 373.157220450615 2.07457896280501 13.78030529704 12.7022195011964 15.8783231368037 13.0302063881533 NA NA NA NA 0.00197127652540998 21.1600790043287 18.6791495284836 43.00576734029 0.0286766812287941 0.262750751171129 10.6869161117913 444.611926583383 0.0508609900126808 2.51769403514211 0.103704503291974 2.85717420570294 0.0227988054937253 0.0303173233306007 0.178763756872421 2.26586915244489
0.000803103297342906 19.8052544279835 19.0252047600807 20.2716363774896 395.934865834549 429.878634443103 383.468997104528 387.044923649918 2.79830096316869 25.4382610483495 24.7310259962494 26.2021882135026 18.0730571393027 NA NA NA NA 0.0157338849544074 16.5843910851616 37.6227559943215 68.5296093495289 0.0184366415897875 0.659549722249774 11.7186512704577 459.470195011109 0.193848096771309 0.2336555738401 1.13656494124104 2.79357979802039 0.0672494441418897 0.160920706206249 0.305016919510642 0.832115456376961
9.5086277162184e-05 11.5039138315377 10.154264507796 8.47998960639633 468.185991978929 531.729431951265 455.395113450877 381.459428239089 1.40818954050266 10.5912891331247 13.1097189466681 12.7692067257054 8.95901677886718 NA NA NA NA 0.025698692718588 4.76333848827111 19.4943423773325 40.9445194051699 0.0133834152330879 6.13222572943145 2.60704347857207 402.915848979763 0.0208295184477363 0.0964074878621321 0.984432287315085 1.69277634310817 7.20888705900083e-06 0.621742113772256 0.315559436134873 3.19709051987668
0.00170325095545477 21.2184903783991 15.9611582996505 12.2796566215283 462.337016003458 445.501099478756 459.952448623689 504.681575895011 4.36285714767493 21.989233204107 13.406280163582 12.4883066508744 11.6006233985996 NA NA NA NA 0.0479504125053792 13.1728560233905 21.2353963576759 49.5362790841098 0.0310832455543163 0.508834526036626 3.54059757338756 456.062563264132 0.0540088645247417 0.0293055203611583 0.211315543306552 2.1462248840275 0.00625918474046038 0.123075767304925 0.373560961685746 0.711715408497262
0.000329638148107356 11.3954842265708 10.3875471289845 10.097196519246 448.556318151231 335.496204099229 424.771128905036 319.979724265497 2.1394777184465 13.7020041140541 12.3605741818499 10.7663597501553 11.5654520268514 NA NA NA NA 0.433230455490304 9.93580631505233 19.9291632922808 30.9649957002983 0.0914291226466036 0.996056522954777 5.60718500437918 366.161095946677 0.0174683684864362 0.210408208285599 0.831147271338416 1.61078641530383 0.00608647011998065 0.0595887490598768 0.232891935785752 0.696345692501756
0.000783822590828422 7.85188097955375 10.0808404126567 9.59559105509621 256.634752001751 345.082075683431 398.130880396379 316.367294638079 2.39978260115783 10.2760527684517 10.1728710690834 11.7487836496592 10.5409064420071 NA NA NA NA 0.0963631684908907 9.06272863462165 14.2547705613039 30.56968406323 0.0284557973049142 0.372612715718175 7.49380638810897 224.068144006333 0.0138790995973683 0.108677389882125 0.823235198372654 0.389731617257855 0.0412229510940887 0.00970598900572223 0.202200846877974 1.03417973455752
3.93009106930312e-05 11.3064336308731 14.5949411442903 17.3921054048561 487.497811916007 449.296946639346 402.325243147778 407.048865050908 3.9432511948765 12.6959226296274 15.4714529603434 16.3918718687283 21.902735723228 NA NA NA NA 0.10780070948617 14.1873840435046 30.2912615140143 52.4462153341426 2.9262403362558e-09 21.8964144569751 13.0810912518583 402.10837335418 0.0534148283766945 0.0353503203327188 0.470663025992875 3.56558721210957 0.0212892508536068 0.0636080129696037 0.434833818644695 0.631231913480778
2.64759582647927e-08 11.9645164642365 13.6953169257553 17.3357590699874 481.274791329424 481.860094947337 492.286133943468 432.247493772832 2.79860861390869 25.7205072336267 17.3471980800224 13.3776679456487 14.5377391665764 NA NA NA NA 0.00517809799004849 26.5180092534907 35.1986946559499 46.0635147095058 0.0419061494598557 0.708777385819589 3.72888857334558 507.183945807929 0.0181647497835147 0.0105771771282503 0.714686625170422 5.0381775768347 0.0112363105346973 0.0454301762338019 0.242834774422464 0.430595359817236
0.00544218622697513 15.9490839836933 16.8184989212447 18.5097426833576 553.927466562362 566.139067410086 530.527841744333 450.327103797395 7.20380566292518 18.9946431041573 22.472856647709 14.2022791446595 13.6164356226807 NA NA NA NA 0.0211041135491636 20.1947882468754 25.7131722897599 57.7619338495244 0.0676678029411957 1.24493585583211 16.1503609569287 570.464559308516 0.00830105015782512 0.0405771265626209 0.874262390517759 1.27291943506615 8.44968021156854e-06 0.0322147637563255 0.372899448168475 0.691228101701735
0.000523658955096941 9.46143495265176 21.7814143581888 16.3475985615771 464.735269389822 550.078317074044 456.756994014962 446.975595229129 2.20402626243573 18.5591570798533 18.6215697149226 21.0825680204447 12.2629905487441 NA NA NA NA 5.21262144259444e-06 28.503851598769 27.0560693700895 59.3019572996432 0.133949032649257 60.9938442667764 11.1599082826484 527.820467116513 0.0596416143929097 0.0384002618065014 0.667152003515222 1.25714464656569 0.0166493793001615 0.174468848119867 0.250737789389109 0.608413655020719
0.000294187685083842 7.95838320173116 15.8711638647799 10.9713299969633 466.42130647645 479.225169631072 504.460602632934 466.621668030342 1.6740491898835 16.361860610183 17.704609039702 11.5229747400006 13.5091645526018 NA NA NA NA 0.0248369026699227 8.09365247078044 22.6935422503317 38.3922214242446 0.0078637959865862 24.2291239315977 11.1353691165522 409.499672638114 0.023502711359646 0.00295319982017037 0.547733523644777 1.93018338034202 0.0215808364135962 0.00941599258369178 1.09013565945057 0.924698342866541
0.000816645823051118 13.595040408362 17.5091503355154 12.8658368834859 429.62464343406 433.837615060194 373.575653997762 374.699626980068 2.57154533655302 16.0972135366942 18.2559063199049 14.354667607499 10.8129828238188 NA NA NA NA 0.00206479277479672 12.3737398300282 21.9889625118992 45.3249101386517 0.0245251435824352 2.82988631197564 2.54275771912531 347.813547430664 0.0287935408930403 0.204631060418592 0.965697689085482 5.99837378604468 0.020192008892891 0.016042417096235 1.22782957004854 2.01646301281032
0.00346197066714423 14.6888935789091 9.11428261420125 10.6781621662559 371.147083423882 462.938219616042 445.876181020511 270.028563409887 1.93307924677333 14.333557306143 11.0337602175068 11.8413645044102 10.6420556034524 NA NA NA NA 0.00705177717706318 5.63506527755613 18.3608656559643 31.5648045235924 0.000968524361246397 7.77952066751715 3.22625208038277 311.200090363787 0.000346266776727243 0.039300919964723 0.894424634672765 2.15156043852679 0.0592202535169866 0.0234617598635653 1.20984340607342 0.404598450658487
0.0039261801158028 29.5480188926684 19.9220187558601 18.2041412192438 432.316891138084 535.587168619085 456.021628295914 474.391921182469 2.34538943327913 29.1369788015097 19.7236209414594 25.2365775382939 10.2173300083439 NA NA NA NA 0.0128381404110237 23.1860707508837 37.2848731728757 48.4573702647743 0.0292268586599728 0.404386740660921 12.5672682782423 535.310381583151 0.0373775636455091 0.139041631047584 1.20280549487637 3.66815329619814 0.114394526754363 0.0737598693003161 0.150672157626497 0.786056113526831
0.00527187553595496 16.6523892676043 20.843616931199 16.6161336454569 520.6382941148 553.856810186104 620.607370627927 458.198876774126 13.6293946238189 38.0305851214258 26.4886325622902 17.9625600043469 21.4108626154761 NA NA NA NA 0.0250329872336171 26.2275988717321 39.5364762639907 79.4392814530696 0.0312274424532196 28.1098175551526 15.3232908213094 542.601138642008 0.069967149395953 0.0498172314549525 0.575300109123557 2.39069293893983 0.0341292088793922 0.037554869018434 0.100541230987806 0.807987074376714
0.00015247703523122 21.0259356547135 19.8047821432607 15.0104719906045 465.087812305289 462.341629003185 625.763662257933 507.833465776668 5.65209873677617 28.4040812067279 31.2699428224214 19.8559941226548 16.4917126819924 NA NA NA NA 0.0133432422667531 41.7822166839601 43.5820773037503 86.995961111239 0.0189736829426304 31.5637605798298 15.4686311154046 627.902036549444 0.014793198401504 0.123272157945009 0.440960153366022 2.42318363107204 0.00304874151567095 0.00649167009528126 0.515875259409319 2.33974183258034
0.00379750276784663 23.7326291297409 22.0397310916326 18.9596835850121 581.153004927283 466.348600461571 456.562167884132 438.984667224423 3.32628034458458 27.2870676564533 24.8592426580569 22.567382274136 20.5272100261442 NA NA NA NA 0.094559323995187 47.0920720544879 46.4368783100709 82.4005808061838 0.0227612408775511 0.561204540171354 11.5377466296219 535.921534364307 0.00116070602321692 0.0567335327484644 0.292489742876929 2.86043783925643 0.0640701195999711 0.0645533907617921 2.56320950672523 2.44830981984412
0.0032963799812563 7.79152211260137 10.2197256992629 11.1679027680499 348.733148641647 373.347239690181 370.799419712469 313.406145551805 1.95353158545474 15.2743747249037 14.1257196062021 11.3537425123376 10.0279870662856 NA NA NA NA 0.105051485256718 8.00452252151239 18.2004100655382 30.0019490770653 0.000101317614866811 0.155433081579763 2.40634200164592 245.616315686041 0.0278064057958099 0.0481984746388789 0.43347119640177 1.39383637572374 0.0325868048693795 0.0182721426835844 0.750072348496658 1.02820782477403
7.51324785929613e-07 11.2060841722241 16.1742103369822 9.44703178294827 324.307269588378 488.542450724461 377.825135028489 384.836262724749 1.52938862356803 14.199843362306 11.0130937089731 12.6775431047298 10.7568569256398 NA NA NA NA 0.0912210763733182 11.8073309535748 20.2307463672979 30.4055040242174 0.00386267696903877 0.64807343125639 7.79411698478253 373.046760136444 0.0480822765522999 0.122846536594919 1.15418853173053 1.56376907319329 0.000806075179775566 0.120120304971819 0.207543264601828 1.11852133503531
1.26505228632219e-07 16.6538442848142 11.5911825418539 14.0682528127763 452.310135724173 530.883391477973 463.563302240858 459.454697785359 3.49841136326149 20.7672414702677 17.7190409098574 20.1250467284891 16.6528869116163 NA NA NA NA 0.0145823505586034 18.0409420711965 23.7450280589022 58.140871569543 0.013841188493496 0.317584330210267 14.3462367686143 521.856432190891 0.0219942292231306 0.0115482074972117 0.223973521701257 6.88383292804274 0.00083037927032674 0.00245112296539326 1.72573569303089 3.90875465838786
8.8576222999319e-06 6.29857158342408 9.16290362944118 9.74237804206959 312.643168867194 367.007396380599 361.715579238524 334.306372543859 1.35204923367381 13.3774321274537 11.3182594134777 15.1224657361322 8.26543786609405 NA NA NA NA 0.00696713955286522 5.65393640828734 14.3420589782302 29.5346479158353 0.00764855989619486 0.778822827605133 2.41608264200266 215.387646340142 0.00290836309196841 0.029142951717354 1.41314247698679 0.771332338373508 0.0214431777317609 0.0505360325480776 0.803204759152826 2.4341371855965
0.000166228425102417 7.59483035041518 12.4930308872522 9.07290209879897 442.204538875067 363.163212969637 370.68007272673 336.246183466221 1.66555108806965 10.8673527493483 12.6017598991518 10.9071967255133 9.28349546629343 NA NA NA NA 0.0169751606983523 9.49291068878866 13.6975288851563 32.3078352841356 0.00304572595997838 0.397533726960378 7.53352172182175 305.287774614888 0.00643055476968895 0.0213803561679676 0.760097420759071 0.771746144757723 4.83931433386827e-09 0.0231286296616709 0.278040140724568 2.58740365749217
1.4537300843018e-05 9.18817901085746 12.4524210796516 10.1596724528509 495.667068501386 393.394343001049 471.243329738586 289.051208467321 1.90333607368651 16.2639841353774 13.8879188117272 14.2563584253219 11.6456188677305 NA NA NA NA 0.0248138856629893 10.0623174997652 17.6773882069523 36.3264754342525 0.0133722825232573 0.504646034223659 9.57301723296742 399.869312671975 0.0222966579915146 0.0371912463027584 2.6149301138011 1.39665499847391 0.001197171178773 0.618786664147862 0.422683315082741 1.22920349203646
0.00206101315692957 12.2771350695002 9.31979767130149 12.8328314912537 368.060390467772 408.350760299859 414.16839855949 424.177984299525 1.84855465060498 12.499073561784 14.299048061119 11.6077016386417 12.0851314860466 NA NA NA NA 0.0515521059749693 12.8309149144327 24.2854163431909 34.3812407661104 0.0424628132452852 0.230785718394022 7.05294296220209 364.597767126844 2.04264953008186e-07 0.138707972446463 0.353450916869509 2.43826275404904 0.00250288951935976 0.0199662868705381 0.0652697142195426 1.55426589853739
0.00417251110344222 11.2036574309447 13.6241488915628 13.4004248633458 400.832759586683 468.122133378444 476.438981440655 417.167808749453 2.04140704780481 23.4932131853606 15.421980248731 15.0862111204608 11.9352824102232 NA NA NA NA 0.0239857154626658 15.1149138045822 26.4675129027814 41.2755897288489 0.186817756397448 17.5497780453868 13.0412710605101 382.804790363409 0.00764241756787438 0.0841599173971747 0.514128730086785 6.90005340943301 0.00121383957355498 0.029139586148249 0.249383345067392 4.42622402803601
0.000315706461590572 20.4795487726643 12.3866433691772 13.373567375688 511.800072784135 526.530614937956 505.586364229828 434.814147672192 1.85279816408968 18.8627196580408 11.8891144335965 13.6549311710911 11.3507375542528 NA NA NA NA 0.000294780131125377 16.0658054827795 29.5786593663103 40.446157315675 0.00228258710905646 7.62030200323156 6.4650928575907 445.561707963072 0.0381519715136158 0.0402093051324188 0.797763095032619 2.36380084132533 0.00364618124614978 0.16473772109374 0.546700362777187 0.366656620931108
1.04578733440328e-05 10.2130004849263 10.4641542097345 13.4810595008157 511.152147399413 435.857052859444 361.333423081653 397.46477097925 1.54991729876417 9.93607099724401 15.5117593765425 13.4105765667316 15.267412107378 NA NA NA NA 0.0093254616987004 11.5703806548097 21.5098085590841 40.851605071368 0.0261191387399922 0.190565863016093 9.21571418781649 412.050843014935 0.0265329179763662 0.00725179749747642 0.327073976247322 1.01024349790308 0.027891433262809 0.143520712573599 0.290614934104579 0.4099399740792
0.00566006950343922 11.9693477051407 11.8337820504638 11.7468175188448 396.061642996515 339.942607437471 457.103587530742 405.242431822272 1.80881658352228 18.5632653546955 12.5280171219535 12.5482270760793 8.91400876017689 NA NA NA NA 0.0143620777035846 15.8435621588493 20.8482799993521 46.5846435783815 0.0798611848749827 0.532173580589517 9.13964563617217 397.330747458191 0.0145520137433973 0.0130805460783307 1.09907273193073 2.55126391308257 0.000722479121833115 0.0518447415555671 0.278190463704648 0.810038315100441
0.0110789023791826 9.30630939051281 13.4002445390205 10.3723382710655 530.027906362723 534.026821685653 530.73853185625 421.047151623608 2.78687941682978 15.1003834771953 12.8983894246787 12.146465708727 10.6824840586645 NA NA NA NA 0.00882937437391076 12.0400851933305 21.5007093538811 44.4107968844191 3.29376061791872e-05 0.664031111242878 8.55714716696865 480.727281023207 0.0315299698112984 0.0483130183640128 0.181985978046504 0.664137693303765 0.0545727321106357 0.0989252054937761 0.177940853049663 1.79936884105417
0.000493591355777885 8.88175753860564 11.3762923675421 9.61971683666926 417.444639400357 364.190030190491 369.58288906983 318.807480223243 1.61115928985137 10.1714143195617 13.0137401816226 11.6066177959069 9.24532135595905 NA NA NA NA 0.0307086009190254 14.6993342356657 19.5735213266512 43.8747721407698 0.0164521465398209 0.629110390624669 2.97733414183659 293.24977811392 0.0564795288511543 0.0240962057786105 0.631554465719457 1.95536551073866 0.00137112502499054 0.01633075472644 0.234166368035598 2.21908455534119
9.30537388558742e-05 19.9468167043805 14.7735508138013 14.3755764462517 462.778231217813 356.643790734242 359.088011104226 373.341782899242 4.59936535485985 19.0531707602557 21.8521450449786 15.363376143502 12.9898104266759 NA NA NA NA 0.0727196060224356 17.4880097148076 26.6486626297826 48.1404366270405 0.00379665881893625 0.665527977061702 3.57047690693583 402.359228867289 0.00796652050708606 0.0853025092035221 1.38166426905616 7.64715653207921 3.29976338380895e-05 0.400799984148357 0.316425761497646 0.58073145598826
0.000332028357929503 7.22810207533379 12.3745506463582 8.74326047364521 421.288349690305 328.857017572238 439.91206321518 344.18777444697 1.66539903803574 16.7354272688236 12.9496380145332 15.7634569882501 10.7959164415165 NA NA NA NA 0.00979733958770128 7.39660803920048 14.458017386421 33.7842054294102 0.0155162167068727 1.38551063602305 6.70965034055051 354.132423395156 0.0117863085605396 0.0280328673920201 0.509566166024498 2.19020927584117 0.00170292455431636 0.0202221970339457 0.263819230619364 1.08926959572771
0.000318934268048656 13.9804110291252 13.8431176610265 14.7584813889082 397.835075533995 349.256909392275 512.898871473586 352.515950052015 11.2004077169546 15.9302476622463 13.8199893037677 12.8051390114452 15.4469177880823 NA NA NA NA 0.0472063522210139 15.7843966649819 18.6874755413783 41.7318099081738 0.00394315340688337 0.48669757243781 8.01547200147295 403.832935843592 0.038982479778846 0.267283068101724 0.587442886162529 2.8037638294398 0.00166057995939921 0.0218209466892843 0.125373028428374 0.584819869900518
0.0109924073324675 13.1757444240279 10.907668083777 15.969581639478 468.517296867717 494.299223761237 502.003911227701 470.594181785986 3.07280964094845 15.482713344212 15.9289949040528 22.2865763210277 10.1235338489193 NA NA NA NA 0.0698630376497931 25.854916213829 22.2734630703434 43.7731580866025 0.0232203736075103 12.7096686879197 8.45835712375935 438.376507221763 0.0360061793359688 0.0399019994169261 0.167039970657796 1.59898906708613 0.0058760951501971 0.0209748162366911 0.184289930566952 0.323553409335114
0.00141668741810066 6.68383103453611 10.9916899349188 11.0435696663777 373.890045122796 476.767367092355 380.330097416357 351.71035830849 1.81068706116165 11.905064795116 17.4355772926053 13.6158847480688 11.5085375279047 NA NA NA NA 0.0182561812867097 14.6458458799022 17.7213260088857 34.7335436383631 0.0570815349874206 0.32854214367214 9.37330187125848 364.910319707419 0.0429789675333664 0.0188881651053653 3.51715892397107 2.74214959459828 0.00123774562786934 0.00941798835976851 1.58513506582665 0.53018049492003
0.00970617720731541 10.594040601364 11.6838616626538 14.2476950709735 364.856596452444 388.457175784727 356.203257201836 340.381499466643 2.17297258337707 13.1963755746267 12.193230864284 14.7850392457027 13.6850353926868 NA NA NA NA 0.0161465444381897 6.83843577371665 19.9417568881845 35.3674020674407 0.0338473292752366 0.439915391630771 3.05071974860378 309.920389087193 0.00270809074671009 0.0267451414168017 0.455259277667104 2.49878064387601 0.000471166028857066 0.77755282497371 0.176567713100059 1.72543537943462
2.85252306181909e-08 17.2465044397473 20.0387063581148 10.5600165097219 498.150571763038 468.709765034468 495.874719516954 465.934717531028 1.89584357155589 12.6701461033298 14.8325077870525 15.6909388838068 16.5483133069623 NA NA NA NA 0.00176601718866416 16.2017151353288 33.7734760341697 53.7481196101666 0.0185088111832357 1.37010683332069 10.088264100454 471.08104243639 0.0229550656562564 0.0387478447598219 0.404723093960494 1.16007261099246 0.0041011214214235 0.109079023585041 1.61750910908434 0.563022491664762
