"U_1_Gam_alpha2F" "U_2_Gam_alpha2F" "U_5_Gam_alpha2F" "U_10_Gam_alpha2F" "U_1_Gam_alpha1F" "U_2_Gam_alpha1F" "U_5_Gam_alpha1F" "U_10_Gam_alpha1F" "U_1_Gam" "U_2_Gam" "U_5_Gam" "U_10_Gam" "Sylvia_Sparse" "FM_RevJump" "MBC" "DPM" "FM_Raffaele" "U_1_PC_alpha2F_01" "U_2_PC_alpha2F_01" "U_5_PC_alpha2F_01" "U_10_PC_alpha2F_01" "U_1_Gam_ProbKp_01" "U_2_Gam_ProbKp_01" "U_5_Gam_ProbKp_01" "U_10_Gam_ProbKp_01" "U_1_PC_alpha2F_09" "U_2_PC_alpha2F_09" "U_5_PC_alpha2F_09" "U_10_PC_alpha2F_09" "U_1_Gam_ProbKp_09" "U_2_Gam_ProbKp_09" "U_5_Gam_ProbKp_09" "U_10_Gam_ProbKp_09"
0 0 0.479 0.527 113.315 73.988 74.2 61.262 0.118 0.078 0.556 0.703 0.681 0.2 NA 1 0.8 0 0 1.842 3.822 0 0.029 1.084 43.47 0.001 0 0.152 0.146 0.003 0 0.007 0.064
0.001 0 0.398 0.542 110.964 117.851 91.247 79.066 0.121 0.081 0.536 0.734 0.581 0.202 NA 1 0.993 0.004 0 2.444 5.102 0.001 0 1.916 47.177 0 0.005 0.027 0.082 0.001 0 0.322 0.17
0.002 0 0.277 0.293 83.902 53.658 58.044 58.395 0.077 0.067 0.396 0.44 0.391 0.129 NA 1 0.722 0.002 0 0.887 2.188 0 0 0.555 37.252 0 0 0.004 0.121 0 0.003 0.116 0.122
0.001 0 0.236 0.27 41.976 55.698 44.997 40.993 0.056 0.118 0.284 0.383 0.394 0.108 NA 1 0.676 0 0.001 0.671 1.827 0 0 0.46 30.901 0 0 0.023 0.089 0.003 0.001 0.071 0.109
0 0 0.349 0.527 67.523 66.403 68.632 71.584 0.075 0.304 0.493 0.689 0.53 0.161 NA 1 0.822 0 0 1.554 3.309 0 0 0.93 39.064 0 0.012 0.14 0.129 0 0.024 0.172 0.138
0 0 0.341 0.504 98.999 80.56 71.143 58.093 0.095 0.151 0.609 0.673 0.519 0.178 NA 1 0.736 0.001 0 1.216 3.206 0.002 0 0.954 40.344 0.003 0 0.053 0.082 0 0.003 0.035 0.171
0 0 0.281 0.377 51.529 80.342 54.318 62.352 0.095 0.058 0.356 0.461 0.433 0.154 NA 1 0.793 0 0 1.072 1.866 0.001 0.012 0.798 34.342 0 0.002 0.014 0.143 0.001 0.019 0.14 0.01
0 0 0.303 0.486 58.838 81.733 79.387 61.602 0.105 0.093 0.505 0.652 0.546 0.123 NA 1 0.969 0 0 1.957 3.001 0 0.001 1.041 42.253 0 0.014 0.008 0.08 0 0.002 0.225 0.247
0 0 0.228 0.349 73.84 60.429 72.519 43.943 0.082 0.03 0.406 0.454 0.407 0.099 NA 1 0.612 0.001 0 0.981 2.16 0 0.011 0.682 34.394 0.001 0.001 0.033 0.089 0 0.007 0.011 0.124
0 0 0.207 0.294 68.075 66.612 61.781 43.305 0.034 0.047 0.301 0.435 0.305 0.11 NA 1 0.679 0.001 0 0.691 1.622 0.002 0.001 0.489 33.786 0.001 0.005 0.028 0.102 0 0 0.122 0.01
0 0 0.311 0.424 82.298 48.512 63.505 54.029 0.114 0.07 0.356 0.67 0.45 0.137 NA 1 0.67 0.001 0 1.24 2.859 0.004 0.052 0.91 36.401 0.002 0.004 0.009 0.059 0 0.004 0.005 0.032
0.003 0 0.288 0.406 49.151 81.176 39.788 32.919 0.071 0.046 0.331 0.404 0.378 0.14 NA 1 0.607 0 0 0.892 1.841 0 0 0.581 31.522 0.001 0.003 0.008 0.139 0 0.001 0.006 0.069
0 0.001 0.387 0.441 104.75 76.101 75.51 65.252 0.147 0.37 0.565 0.614 0.644 0.151 NA 1 0.869 0.009 0 1.702 3.32 0 0 1.478 43.273 0 0 0.008 0.252 0 0.002 0.032 0.222
0 0 0.391 0.443 85.649 77.892 62.75 59.147 0.114 0.071 0.425 0.505 0.505 0.153 NA 1 0.839 0 0 1.7 2.995 0.001 0.016 0.918 42.465 0.001 0.001 0.003 0.146 0.005 0.001 0.186 0.129
0.001 0 0.335 0.402 87.36 87.268 66.145 56.307 0.147 0.093 0.446 0.548 0.569 0.168 NA 1 0.773 0.001 0 1.322 3.054 0.001 0 1.285 41.761 0.001 0.002 0.158 0.126 0 0 0.197 0.163
0 0 0.429 0.592 94.766 113.299 93.771 76.691 0.077 0.118 0.501 0.751 0.671 0.221 NA 1 0.977 0.002 0 2.183 4.142 0 0 1.148 45.441 0.001 0.006 0.035 0.229 0.003 0.002 0.041 0.351
0 0 0.542 0.853 122.243 134.619 113.459 90.946 0.154 0.133 0.753 1.017 0.983 0.217 NA 1 1.23 0 0 3.854 6.929 0 0 2.655 49.951 0.001 0.017 0.197 0.285 0.003 0 0.254 0.203
0.001 0 0.303 0.381 96.378 83.447 86.683 57.67 0.094 0.052 0.392 0.501 0.42 0.101 NA 1 0.757 0.002 0 1.379 2.272 0 0.011 0.698 39.529 0.001 0.001 0.029 0.128 0 0.001 0.138 0.173
0 0 0.347 0.45 85.248 73.981 76.074 62.502 0.122 0.138 0.428 0.597 0.467 0.217 NA 1 0.842 0.002 0 1.513 2.828 0 0 0.847 41.229 0.002 0.007 0.107 0.151 0 0.005 0.154 0.259
0 0 0.252 0.418 72.998 59.1 72.143 50.195 0.082 0.049 0.335 0.576 0.437 0.123 NA 1 0.694 0 0 0.983 2.32 0 0.041 0.726 38.217 0 0.002 0.11 0.126 0.001 0 0.052 0.074
0 0 0.323 0.438 85.044 48.47 64.954 55.309 0.081 0.052 0.418 0.641 0.561 0.16 NA 1 0.642 0 0.001 1.045 2.452 0 0 0.657 31.682 0 0.003 0.184 0.249 0.002 0.003 0.161 0.038
0 0.001 0.211 0.321 54.489 76.539 47.569 45.391 0.055 0.064 0.33 0.379 0.386 0.112 NA 1 0.618 0 0 0.813 1.457 0.001 0 0.455 33.338 0 0 0.025 0.078 0 0 0.005 0.014
0 0.001 0.282 0.327 45.876 70.94 63.032 52.331 0.057 0.232 0.387 0.48 0.462 0.115 NA 1 0.893 0.005 0 0.917 2.434 0 0.017 0.63 37.643 0.004 0.009 0.027 0.167 0 0 0.007 0.209
0 0 0.216 0.231 54.357 51.488 74.418 47.959 0.057 0.032 0.315 0.36 0.266 0.112 NA 1 0.677 0 0 0.645 1.342 0.001 0.013 0.56 31.962 0.001 0 0.008 0.123 0.001 0.002 0.009 0.054
0 0 0.222 0.218 45.026 20.871 51.549 37.44 0.073 0.034 0.237 0.312 0.303 0.119 NA 1 0.619 0 0 0.653 1.427 0 0.049 0.418 26.179 0.001 0.007 0.009 0.054 0 0.018 0.003 0.009
0 0.001 0.356 0.53 79.599 70.049 64.7 65.069 0.096 0.068 0.652 0.627 0.54 0.212 NA 1 0.848 0 0 1.694 3.472 0.002 0.031 1.127 42.182 0.002 0 0.108 0.278 0 0.02 0.002 0.245
0 0.001 0.535 0.568 75.867 47.998 56.257 53.954 0.108 0.09 0.665 0.782 0.835 0.266 NA 1 0.731 0.005 0 1.953 3.37 0 0 1.139 37.453 0.001 0.003 0.073 0.314 0 0.003 0.293 0.309
0 0 0.363 0.384 69.842 72.862 69.29 71.746 0.096 0.062 0.457 0.578 0.617 0.152 NA 1 0.848 0.002 0 1.307 2.977 0 0.027 0.938 39.842 0.002 0.001 0.102 0.166 0 0.008 0.005 0.213
0 0 0.477 0.539 77.912 88.07 81.605 80.359 0.099 0.085 0.599 0.705 0.775 0.177 NA 1 0.922 0.005 0.002 2.037 4.477 0 0.033 1.428 44.601 0 0.009 0.183 0.139 0 0 0.015 0.179
0 0 0.328 0.455 94.286 67.563 86.781 64.457 0.232 0.111 0.446 0.542 0.472 0.122 NA 1 0.853 0.002 0 1.497 3.247 0.001 0 1.018 45.247 0.001 0.002 0.123 0.135 0 0 0.002 0.138
0 0 0.292 0.326 82.109 58.554 67.399 56.216 0.098 0.08 0.308 0.49 0.479 0.147 NA 1 0.689 0.003 0 1.078 2.335 0 0 0.824 36.679 0.004 0 0.111 0.128 0 0 0 0.131
0 0 0.312 0.478 70.883 66.354 69.026 56.16 0.08 0.098 0.391 0.509 0.453 0.163 NA 1 0.724 0 0 1.167 2.946 0 0.057 0.494 38.665 0.001 0.001 0.047 0.192 0 0.001 0.03 0.164
0 0.001 0.495 0.718 71.238 78.233 85.18 61.854 0.135 0.112 0.642 0.768 0.794 0.215 NA 1 0.97 0.001 0 2.778 6.128 0 0 2.92 47.407 0.002 0.001 0.045 0.289 0.001 0 0.301 0.246
0 0 0.303 0.352 92.101 85.572 70.045 57.056 0.131 0.191 0.373 0.467 0.432 0.172 NA 1 0.824 0.001 0 1.292 2.888 0.001 0 0.619 40.392 0.002 0.002 0.08 0.161 0 0.001 0.038 0.128
0 0 0.314 0.431 57.745 60.158 65.538 51.04 0.065 0.064 0.467 0.552 0.403 0.208 NA 1 0.773 0.003 0.001 1.245 2.751 0 0 0.87 38.956 0.001 0.003 0.088 0.138 0 0 0.187 0.097
0 0 0.28 0.311 58.266 73.97 68.236 47.468 0.186 0.073 0.48 0.484 0.399 0.127 NA 1 0.743 0 0 1.078 2.241 0.002 0 0.685 34.47 0 0.006 0.018 0.072 0 0 0.013 0.188
0 0 0.382 0.47 75.261 80.457 64.803 70.988 0.067 0.043 0.468 0.583 0.615 0.126 NA 1 0.758 0.004 0 1.548 2.769 0 0.015 1.101 42.849 0.001 0.009 0.168 0.151 0.001 0 0.033 0.088
0 0 0.285 0.351 74.61 51.17 64.989 54.745 0.078 0.079 0.415 0.479 0.533 0.145 NA 1 0.901 0.002 0 1.163 2.417 0 0.007 0.832 40.005 0 0.002 0.111 0.166 0 0.003 0.015 0.063
0 0 0.259 0.349 67.547 67.111 61.492 48.318 0.094 0.144 0.371 0.457 0.312 0.114 NA 1 0.634 0 0 0.91 2.129 0 0.007 0.705 34.924 0 0 0.005 0.16 0 0.012 0.033 0.141
0 0 0.283 0.445 68.88 78.666 62.217 46.884 0.079 0.139 0.377 0.459 0.539 0.2 NA 1 0.639 0.001 0 1.153 2.316 0 0 0.783 37.301 0.001 0.01 0.034 0.034 0.003 0 0.006 0.022
0 0 0.298 0.388 83.16 65.94 84.23 50.275 0.081 0.188 0.346 0.462 0.443 0.16 NA 1 0.764 0.002 0 1.153 2.331 0.004 0.066 0.6 41.349 0 0.006 0.133 0.152 0 0.003 0.327 0.049
0 0 0.389 0.431 83.783 88.173 66.565 53.805 0.143 0.093 0.48 0.547 0.467 0.173 NA 1 0.72 0.001 0 1.329 3.149 0.003 0 0.947 41.963 0 0 0.061 0.095 0 0 0.208 0.217
0 0 0.298 0.378 71.322 49.129 51.717 45.736 0.081 0.142 0.401 0.483 0.409 0.105 NA 1 0.747 0 0 1.099 2.143 0.001 0 0.715 35.512 0.001 0.008 0.005 0.027 0.001 0.012 0.226 0.117
0 0 0.372 0.438 59.569 90.362 73.557 81.318 0.093 0.059 0.5 0.626 0.531 0.131 NA 1 0.858 0 0 1.512 3.633 0 0 0.889 44.703 0.003 0.007 0.165 0.148 0.001 0.001 0.217 0.166
0.001 0 0.318 0.375 56.928 67.233 80.39 36.917 0.056 0.058 0.499 0.449 0.42 0.1 NA 1 0.728 0 0 0.959 2.243 0 0 0.835 39.777 0.001 0 0.031 0.186 0 0.003 0.003 0.152
0 0 0.518 0.521 79.807 69.388 81.311 78.396 0.097 0.087 0.615 0.691 0.622 0.169 NA 1 1.069 0.001 0 1.959 4.358 0.001 0 1.521 45.536 0.002 0.005 0.029 0.193 0.001 0.004 0.25 0.06
0 0 0.244 0.35 87.28 68.005 71.205 56.044 0.061 0.122 0.518 0.453 0.427 0.148 NA 1 0.654 0.001 0 1.012 2.266 0 0 0.671 38.099 0 0 0.014 0.016 0.001 0.009 0.024 0.068
0 0 0.324 0.443 55.082 76.535 44.739 43.551 0.102 0.06 0.464 0.47 0.494 0.155 NA 1 0.745 0.001 0 1.005 2.36 0 0 0.845 33.457 0.004 0.001 0.008 0.171 0 0.003 0.028 0.127
0.001 0 0.301 0.581 84.129 64.597 82.352 60.806 0.079 0.068 0.508 0.539 0.442 0.145 NA 1 0.802 0.003 0 1.51 3.265 0.001 0 0.734 39.592 0.001 0.004 0.182 0.193 0 0 0.025 0.081
0 0 0.287 0.373 75.442 75.73 41.224 73.136 0.068 0.057 0.353 0.457 0.329 0.166 NA 1 0.778 0 0 1.059 2.212 0.001 0 0.769 39.539 0 0.002 0.114 0.156 0.001 0.001 0.15 0.178
0 0 0.346 0.441 75.17 50.538 47.042 42.557 0.157 0.129 0.421 0.616 0.507 0.234 NA 1 0.583 0 0 1.201 2.423 0 0.005 0.158 29.34 0.002 0 0.139 0.211 0 0.003 0.007 0.019
0 0 0.254 0.398 68.791 69.197 61.696 37.011 0.08 0.057 0.358 0.475 0.349 0.144 NA 1 0.841 0.001 0 0.979 2.066 0.002 0.014 0.602 36.418 0.001 0 0.115 0.129 0 0.003 0.003 0.146
0 0 0.371 0.469 114.283 94.431 75.082 72.44 0.092 0.105 0.555 0.543 0.569 0.167 NA 1 0.717 0 0 2.031 3.541 0.001 0 1.302 46.171 0 0.001 0.135 0.244 0 0 0.015 0.192
0 0.001 0.409 0.563 85.318 89.294 70.366 76.435 0.11 0.067 0.553 0.778 0.535 0.202 NA 1 0.792 0 0 1.285 3.551 0 0.009 1.412 41.083 0 0.002 0.033 0.127 0 0.003 0.007 0.264
0 0.001 0.34 0.436 67.66 70.019 79.933 64.451 0.087 0.097 0.376 0.517 0.472 0.122 NA 1 0.88 0.001 0 1.264 2.307 0 0.013 0.918 39.833 0.004 0.004 0.117 0.156 0.001 0 0.019 0.1
0 0 0.222 0.325 60.821 73.248 54.145 58.088 0.056 0.032 0.319 0.365 0.304 0.127 NA 1 0.692 0.001 0 0.585 1.674 0 0.013 0.41 32.522 0 0.005 0.007 0.063 0.001 0.003 0.022 0.093
0 0.001 0.414 0.552 97.787 80.968 82.004 57.533 0.125 0.182 0.545 0.696 0.521 0.16 NA 1 0.936 0.001 0 1.486 3.63 0 0.001 1.124 42.922 0 0.001 0.164 0.171 0.001 0.026 0.189 0.276
0 0 0.23 0.352 65.266 83.468 61.284 52.03 0.098 0.068 0.386 0.425 0.438 0.148 NA 1 0.867 0.002 0 0.969 2.687 0 0.023 0.866 37.111 0.001 0.004 0.04 0.127 0 0.002 0.177 0.165
0 0 0.354 0.482 97.902 85.758 70.188 72.03 0.084 0.102 0.438 0.588 0.655 0.212 NA 1 0.702 0 0 1.882 3.743 0 0 1.346 41.543 0 0.002 0.023 0.244 0 0.003 0.031 0.257
0 0 0.319 0.324 38.177 85.562 63.361 46.586 0.111 0.049 0.38 0.534 0.424 0.108 NA 1 0.739 0 0 1.112 2.666 0 0 0.784 37.226 0 0 0.094 0.121 0.001 0 0.023 0.149
0 0.002 0.471 0.424 78.573 75.58 74.073 57.986 0.145 0.295 0.534 0.603 0.63 0.219 NA 1 1.071 0 0 1.731 3.724 0.001 0.001 1.005 41.252 0.001 0 0.041 0.177 0 0.004 0.184 0.159
0 0 0.366 0.437 67.505 89.919 81.05 62.864 0.112 0.162 0.522 0.665 0.532 0.219 NA 1 0.749 0.001 0.002 1.596 3.75 0 0.014 1.427 40.186 0.004 0.004 0.024 0.04 0.001 0 0.269 0.043
0 0 0.296 0.493 70.684 68.309 74.38 56.708 0.104 0.11 0.502 0.56 0.539 0.131 NA 1 0.761 0 0 1.328 3.091 0.002 0.019 1.174 38.337 0.001 0 0.059 0.056 0 0 0.005 0.054
0 0 0.37 0.392 99.736 79.988 69.743 55.391 0.076 0.096 0.425 0.528 0.545 0.156 NA 1 0.923 0 0.001 1.612 3.329 0.003 0 1.453 42.452 0 0.001 0.005 0.247 0 0 0.132 0.123
0 0 0.383 0.457 61.773 68.361 54.327 45.64 0.131 0.14 0.564 0.664 0.578 0.184 NA 1 0.83 0.001 0 1.677 3.111 0 0 1.334 38.709 0 0.004 0.147 0.154 0 0.005 0.003 0.068
0 0 0.352 0.512 77.092 84.763 64.106 46.72 0.076 0.08 0.628 0.69 0.447 0.249 NA 1 0.788 0.003 0 1.186 2.801 0.003 0.039 0.849 36.434 0.004 0.002 0.036 0.21 0 0.001 0.184 0.082
0 0.001 0.335 0.435 84.21 80.548 58.613 57.228 0.071 0.113 0.45 0.587 0.562 0.131 NA 1 0.893 0 0 1.927 3.391 0.003 0.019 1.481 42.244 0.001 0.003 0.15 0.229 0.001 0 0.032 0.032
0 0 0.265 0.394 90.453 91.841 65.175 56.53 0.074 0.053 0.396 0.517 0.53 0.149 NA 1 0.847 0 0 1.108 2.443 0.001 0 0.896 42.522 0.003 0.004 0.104 0.13 0.001 0.003 0.004 0.151
0 0 0.311 0.381 91.837 62.329 54.348 44.376 0.094 0.062 0.432 0.539 0.433 0.119 NA 1 0.754 0 0 1.042 2.369 0.001 0 0.772 35.409 0 0 0.04 0.187 0 0.004 0.023 0.089
0.001 0.097 0.246 0.433 59.041 88.421 81.844 52.791 0.067 0.053 0.358 0.431 0.466 0.127 NA 1 0.729 0 0.001 0.944 1.858 0.003 0 0.792 35.596 0.007 0.004 0.072 0.138 0.001 0.004 0.015 0.161
0 0.001 0.323 0.546 81.203 72.505 70.021 70.478 0.089 0.083 0.497 0.517 0.537 0.185 NA 1 0.969 0.003 0 1.548 3.076 0 0 1.004 44.773 0.001 0.006 0.103 0.103 0.003 0 0.014 0.159
0 0 0.437 0.56 98.767 115.547 93.801 68.608 0.094 0.121 0.631 0.693 0.599 0.254 NA 1 1.046 0.002 0 1.691 4.054 0 0 1.408 45.82 0 0.005 0.006 0.13 0 0.004 0.264 0.29
0 0 0.411 0.738 96.361 109.788 82.108 83.473 0.157 0.079 0.827 0.798 0.575 0.25 NA 1 0.969 0 0 2.607 6.418 0 0 2.418 47.993 0.002 0.005 0.043 0.275 0.002 0 0.537 0.024
0 0 0.399 0.438 70.073 91.219 66.79 68.892 0.1 0.055 0.455 0.527 0.432 0.126 NA 1 0.936 0.006 0 1.471 3.532 0.002 0 1.197 43.875 0.001 0 0.138 0.199 0.001 0 0.164 0.058
0 0 0.195 0.286 49.412 34.57 53.14 30.798 0.07 0.037 0.258 0.375 0.339 0.135 NA 1 0.638 0.001 0 0.719 1.797 0 0.011 0.377 28.122 0.004 0.003 0.014 0.138 0 0.003 0.02 0.044
0 0 0.315 0.395 68.594 82.866 85.593 56.826 0.139 0.085 0.487 0.458 0.562 0.124 NA 1 0.703 0 0 1.202 2.377 0 0 0.796 37.675 0.001 0.001 0.097 0.072 0 0.001 0.058 0.189
0 0 0.332 0.392 68.984 76.406 77.353 64.717 0.059 0.184 0.43 0.486 0.433 0.198 NA 1 0.692 0 0.001 1.275 2.702 0.001 0 0.783 36.092 0.002 0 0.052 0.127 0.001 0.002 0.031 0.182
0 0 0.366 0.446 55.993 89.844 64.817 59.138 0.081 0.061 0.426 0.601 0.504 0.263 NA 1 0.644 0.001 0 1.419 2.531 0.001 0 1.142 43.297 0.001 0.014 0.095 0.198 0 0 0.102 0.173
0 0 0.417 0.447 73.98 91.053 88.855 56.549 0.087 0.226 0.503 0.606 0.72 0.178 NA 1 1.027 0 0 1.887 4.222 0 0 1.382 46.092 0.001 0 0.128 0.161 0.001 0.024 0.008 0.097
0 0 0.268 0.357 50.363 62.955 42.026 49.553 0.059 0.055 0.401 0.442 0.358 0.15 NA 1 0.789 0.001 0 0.92 2.042 0 0.086 0.66 34.31 0.002 0.009 0.02 0.076 0.004 0.001 0.02 0.167
0 0 0.346 0.523 100.87 120.454 64.557 69.704 0.106 0.261 0.523 0.594 0.626 0.162 NA 1 0.982 0 0 1.87 3.542 0 0 1.234 43.088 0.001 0.002 0.044 0.058 0 0.003 0.257 0.228
0 0 0.247 0.351 75.877 50.17 77.89 54.886 0.057 0.052 0.323 0.411 0.323 0.079 NA 1 0.794 0 0 1.052 1.863 0.006 0 0.577 35.502 0.002 0 0.087 0.13 0.003 0.002 0.007 0.094
0 0 0.381 0.462 105.158 83.016 82.321 57.939 0.088 0.072 0.424 0.57 0.571 0.167 NA 1 0.932 0.001 0.001 1.385 3.161 0 0 1.114 41.804 0.002 0.005 0.134 0.186 0 0.006 0.036 0.128
0 0 0.487 0.687 64.715 68.059 55.698 52.759 0.12 0.108 0.617 0.69 0.646 0.23 NA 1 0.837 0 0 1.845 3.691 0.006 0.001 1.391 36.938 0.005 0.004 0.196 0.379 0.006 0 0.268 0.498
0 0 0.312 0.423 105.733 79.043 70.196 69.647 0.075 0.061 0.606 0.557 0.433 0.101 NA 1 0.851 0 0 1.429 3.001 0.001 0 1.133 43.389 0 0.002 0.13 0.176 0.001 0.002 0.029 0.132
0 0.001 0.433 0.565 114.053 82.399 79.373 48.838 0.093 0.292 0.549 0.593 0.574 0.204 NA 1 0.891 0 0 1.79 3.763 0.006 0 1.342 44.562 0 0 0.153 0.122 0.002 0 0.055 0.046
0 0 0.408 0.478 95.836 89.278 57.115 77.372 0.086 0.206 0.506 0.556 0.564 0.15 NA 1 0.903 0.002 0 1.367 3.376 0.004 0 1.24 42.328 0 0.002 0.009 0.146 0.001 0 0.029 0.087
0 0 0.318 0.33 73.224 40.94 53.839 46.291 0.079 0.078 0.337 0.415 0.453 0.116 NA 1 0.727 0.001 0.001 1.079 2.255 0.001 0 0.761 34.587 0 0.003 0.029 0.112 0.003 0 0.003 0.146
0.001 0 0.407 0.498 94.094 82.043 84.963 54.952 0.071 0.135 0.531 0.578 0.527 0.19 NA 1 0.72 0.001 0.001 1.52 3.48 0.001 0 1.158 43.383 0 0.014 0.018 0.167 0 0 0.059 0.213
0 0 0.317 0.365 62.202 77.836 72.012 66.028 0.099 0.062 0.523 0.506 0.438 0.135 NA 1 0.651 0 0 1.236 2.249 0 0 1.153 36.871 0 0.015 0.019 0.2 0 0 0.196 0.043
0 0 0.332 0.474 63.547 63.989 83.196 59.789 0.092 0.347 0.46 0.511 0.44 0.179 NA 1 0.845 0.002 0 1.883 2.677 0 0 0.668 42.502 0.003 0.001 0.019 0.164 0.001 0.001 0.041 0.012
0.001 0 0.336 0.53 83.027 84.372 72.031 66.64 0.129 0.103 0.479 0.563 0.548 0.136 NA 1 0.717 0 0 1.362 3.278 0 0 1.201 39.274 0 0.003 0.098 0.096 0 0 0.219 0.245
0 0 0.411 0.521 70.569 58.051 59.613 49.923 0.119 0.064 0.516 0.522 0.558 0.189 NA 1 0.819 0 0 1.553 3.784 0.001 0 0.988 39.843 0.001 0.001 0.202 0.193 0.002 0.003 0.351 0.116
0 0 0.358 0.4 67.428 54.645 50.889 50.14 0.071 0.056 0.455 0.522 0.441 0.166 NA 1 0.776 0 0 1.057 2.258 0.001 0.013 0.762 35.764 0 0 0.138 0.027 0.003 0.001 0.009 0.085
0 0.001 0.283 0.319 64.366 54.657 61.829 40.453 0.088 0.058 0.335 0.476 0.341 0.16 NA 1 0.74 0.001 0 0.77 1.618 0 0.011 0.539 36.877 0.001 0 0.006 0.124 0.001 0 0.136 0.124
0 0 0.319 0.418 66.211 71.414 82.676 67.412 0.09 0.051 0.663 0.463 0.362 0.159 NA 1 0.704 0 0 1.483 3.119 0 0 0.998 41.062 0.002 0.006 0.019 0.144 0 0.001 0.004 0.051
0 0 0.427 0.448 65.579 93.829 102.853 61.327 0.077 0.093 0.51 0.586 0.482 0.11 NA 1 0.892 0.002 0 1.615 3.155 0 0 1.016 43.934 0 0.002 0.013 0.135 0 0.001 0.189 0.127
0 0 0.365 0.459 72.162 71.462 54.117 49.73 0.089 0.05 0.459 0.476 0.564 0.128 NA 1 0.789 0.001 0 1.563 2.724 0.005 0 0.761 39 0.002 0 0.028 0.097 0 0 0.002 0.23
0 0 0.279 0.373 78.29 68.417 69.898 56.539 0.098 0.154 0.419 0.502 0.413 0.147 NA 1 0.844 0.001 0 1.23 3.213 0 0.009 0.647 40.208 0.001 0.005 0.043 0.139 0.001 0.03 0.004 0.116
0 0 0.278 0.354 61.891 49.746 57.377 51.1 0.065 0.042 0.329 0.394 0.36 0.146 NA 1 0.713 0.001 0 1.014 2.496 0 0 0.505 34.535 0.003 0.003 0.013 0.029 0.002 0 0.039 0.17
