"U_1_Gam_alpha2F" "U_2_Gam_alpha2F" "U_5_Gam_alpha2F" "U_10_Gam_alpha2F" "U_1_Gam_alpha1F" "U_2_Gam_alpha1F" "U_5_Gam_alpha1F" "U_10_Gam_alpha1F" "U_1_Gam" "U_2_Gam" "U_5_Gam" "U_10_Gam" "Sylvia_Sparse" "FM_RevJump" "MBC" "DPM" "FM_Raffaele" "U_1_PC_alpha2F_01" "U_2_PC_alpha2F_01" "U_5_PC_alpha2F_01" "U_10_PC_alpha2F_01" "U_1_Gam_ProbKp_01" "U_2_Gam_ProbKp_01" "U_5_Gam_ProbKp_01" "U_10_Gam_ProbKp_01" "U_1_PC_alpha2F_09" "U_2_PC_alpha2F_09" "U_5_PC_alpha2F_09" "U_10_PC_alpha2F_09" "U_1_Gam_ProbKp_09" "U_2_Gam_ProbKp_09" "U_5_Gam_ProbKp_09" "U_10_Gam_ProbKp_09"
-1 0 0 0 13 12 12 11 0 0 1 1 1 0 0 -9 -3 -2 -4 0 0 -3 -1 0 0 -3 -1 0 0 -2 -2 0 0
-3 -2 0 0 12 13 12 11 0 1 1 1 2 0 0 -9 -3 -2 -1 0 0 -1 -2 0 0 -1 0 -1 0 -3 -1 0 0
0 -1 0 0 12 13 12 11 0 1 0 1 1 0 0 -9 -3 0 -1 0 0 0 0 0 0 -1 -1 0 0 -1 -1 0 0
-2 -1 0 0 13 12 12 12 0 0 1 1 1 0 0 -9 -3 -3 -2 -1 0 -1 -1 0 0 -2 0 0 0 0 -1 0 0
-2 -2 0 0 13 13 11 11 0 0 1 1 2 0 0 -9 -3 0 -1 0 0 -1 -2 -1 0 -2 -3 0 0 -2 -2 -1 0
0 -1 0 0 13 12 12 11 0 0 0 1 1 0 0 -9 -3 0 0 0 0 0 -1 0 0 0 0 0 0 -1 -1 0 0
0 -2 0 0 13 13 12 11 1 0 0 1 1 0 0 -9 -3 -1 -2 0 0 -2 -1 0 0 -1 0 0 0 -1 -2 0 0
-1 0 0 0 13 13 11 12 0 1 0 1 2 0 0 -9 -3 -2 -1 0 0 -1 -1 0 0 -1 0 -1 0 -3 -1 0 0
-1 -2 -1 0 13 13 12 11 1 0 1 1 1 0 0 -9 -3 -1 0 0 0 -1 -2 0 0 -2 -1 0 0 -2 -1 0 0
-2 -1 0 0 13 12 12 11 0 1 1 1 1 0 0 -9 -3 -1 -1 0 0 -2 -2 0 0 -2 0 0 0 -1 -1 0 0
-1 0 -1 0 12 12 13 11 1 0 1 1 1 0 0 -9 -3 -1 -1 -1 0 -2 -1 -1 0 -1 -3 0 0 -3 0 -2 0
-1 0 0 0 12 13 12 11 0 0 0 1 1 0 0 -9 -3 -1 0 0 0 -3 -1 -1 0 0 -1 0 0 -2 -1 -1 0
-1 0 0 0 13 13 12 11 0 0 0 2 2 0 0 -9 -3 -1 0 0 0 0 -1 0 0 -3 0 0 0 -1 0 0 0
-1 -1 0 0 13 12 11 11 1 1 1 1 1 0 0 -9 -3 -1 -2 0 0 -3 -2 0 0 -2 -2 0 0 -1 0 0 0
-2 -1 0 0 13 12 12 11 1 0 1 1 2 0 0 -9 -3 -1 0 0 0 -1 0 0 0 -1 -3 0 0 -3 0 -1 0
-2 -1 0 0 13 12 11 11 0 1 1 1 2 0 0 -9 -3 -2 -2 0 0 -3 -1 0 0 -1 -1 0 0 -2 0 0 0
-2 -1 0 0 12 12 12 11 1 0 0 1 2 0 0 -9 -3 -1 0 0 0 0 -1 0 0 0 -2 0 0 -2 -2 0 0
-1 -2 0 0 13 12 13 11 1 1 1 1 1 1 0 -9 -3 -2 -1 0 0 0 -2 0 0 0 0 0 0 -2 0 0 0
-2 -3 -2 0 13 12 12 12 0 0 1 2 1 0 0 -9 -3 0 -1 0 0 -1 0 0 0 -2 -2 -1 0 -1 -1 0 0
-1 -1 0 1 13 12 12 11 1 0 0 1 2 0 0 -9 -3 -2 -2 0 0 -3 -1 0 0 0 -3 0 0 0 -1 -1 0
-1 -2 -1 0 12 12 11 11 0 0 0 1 2 0 0 -9 -3 -3 0 0 0 -2 -2 0 0 0 -2 -1 0 -1 -2 0 0
-1 -1 0 0 12 13 12 11 1 1 1 1 1 0 0 -9 -3 -3 -1 0 0 0 -2 0 0 -3 -2 -1 0 -2 -1 0 0
-1 -1 0 0 13 13 12 11 1 0 0 1 1 0 0 -9 -3 -3 0 0 0 -2 0 0 0 -1 -1 -1 0 -2 0 0 0
-3 0 0 0 13 13 12 11 1 0 1 1 1 0 0 -9 -3 -3 0 -1 0 -2 -2 0 0 -1 0 0 0 -4 0 0 0
-1 -1 0 0 12 12 12 10 1 0 0 1 1 0 0 -9 -3 -1 0 0 0 -1 0 0 0 -1 -1 0 0 -1 0 0 0
0 -1 0 0 12 12 11 11 1 1 0 0 2 0 0 -9 -3 -1 -2 0 0 -2 -1 0 0 -2 -1 0 0 -1 -1 0 0
-2 -1 -1 0 12 12 12 11 0 1 1 1 1 0 0 -9 -3 -1 -1 0 0 0 0 0 0 -1 -2 0 0 -1 -2 0 0
-1 0 0 0 13 13 13 11 0 0 1 1 2 0 0 -9 -3 -2 -1 0 0 -2 -2 0 0 -2 -2 0 0 0 0 0 0
-3 0 0 0 13 13 12 11 1 1 0 1 1 0 0 -9 -3 0 -1 0 0 -1 -2 0 0 -1 -1 0 0 -1 0 0 0
-1 -1 0 0 12 12 12 12 0 1 0 1 1 0 0 -9 -3 -2 -1 0 0 -1 -1 0 0 -3 -1 0 0 -3 0 0 0
-3 -1 0 0 13 13 11 11 0 0 0 1 1 0 0 -9 -3 0 -1 0 0 -2 0 0 0 0 0 0 0 0 -1 0 0
-3 -2 -1 0 13 13 12 11 1 1 0 1 1 0 0 -9 -3 -1 0 -1 0 0 -1 0 0 0 -2 -1 0 -1 -1 0 0
0 -3 0 0 13 14 12 12 1 0 1 1 2 0 0 -9 -3 0 -2 0 0 -1 -2 0 0 0 -2 0 0 0 -2 0 0
-4 -1 -1 0 13 13 11 11 0 0 0 1 1 0 0 -9 -3 -1 -3 0 0 -3 -1 0 0 -1 0 0 0 -1 -1 0 0
-2 0 0 0 13 13 11 11 0 0 0 1 1 0 0 -9 -3 -2 -2 -2 0 -1 -2 0 0 -2 0 -1 0 -1 -1 0 0
-4 -1 0 1 13 13 12 12 0 0 1 1 2 0 0 -9 -3 -1 -1 0 0 -3 0 0 0 -1 -1 0 0 -3 -2 0 0
-3 0 0 0 14 12 12 12 1 1 1 1 2 0 0 -9 -3 -3 -2 0 0 -1 -1 0 0 -2 0 0 0 -3 -3 -1 0
-2 -1 0 0 13 12 13 12 1 1 1 1 1 0 0 -9 -3 -1 -1 0 0 -3 -1 0 0 -3 -3 0 0 -3 0 0 0
-1 -2 0 0 13 13 12 12 1 0 0 1 2 0 0 -9 -3 -1 -2 0 0 -1 0 0 0 -1 -1 0 0 -2 -1 0 0
-2 -3 0 0 12 12 12 12 1 1 0 1 1 0 0 -9 -3 -3 -1 0 0 -1 -1 0 0 -2 -2 0 0 -1 0 0 0
-3 -1 0 0 13 12 12 11 0 1 0 1 1 0 0 -9 -3 -1 0 0 0 0 -2 0 0 -2 -2 -1 0 -1 0 0 0
-2 -2 0 0 13 13 12 12 1 1 1 1 1 0 0 -9 -3 -1 0 0 0 -2 -1 0 0 0 -2 0 0 -1 -2 0 0
-2 0 0 0 13 13 12 11 1 1 1 1 1 0 0 -9 -3 -2 -2 0 0 -2 0 -1 0 -1 -1 -1 0 0 -1 -1 0
-2 -1 -1 0 13 13 12 11 0 1 1 1 1 0 0 -9 -3 -2 -2 0 0 -2 0 0 0 0 -1 -2 0 -1 0 0 0
-1 -2 0 0 13 13 12 12 0 0 0 0 2 0 0 -9 -3 0 -1 0 0 -2 -2 -1 0 -3 -1 0 0 -2 0 0 0
-1 0 0 0 13 13 12 11 0 1 0 0 1 0 0 -9 -3 -1 0 0 0 0 -2 -3 0 0 0 0 0 0 -2 0 0
-2 -2 -1 0 13 13 12 11 1 1 1 1 2 0 0 -9 -4 -2 -1 0 0 -2 -2 0 0 -2 -1 0 0 -2 0 0 0
0 -1 0 0 13 13 12 11 0 0 1 0 1 0 0 -9 -3 -3 -1 0 0 -2 -1 0 0 -3 -2 0 0 -2 -3 0 0
-1 0 0 0 13 13 12 11 1 0 1 1 1 0 0 -9 -3 -2 0 -1 0 -2 -2 0 0 -1 -3 -2 0 -3 0 0 0
-1 0 0 0 12 11 12 11 1 0 0 1 2 0 0 -9 -3 -2 -1 -1 0 -2 -1 0 0 -1 -3 0 0 -1 0 0 0
0 0 0 0 12 12 12 10 1 1 0 1 1 0 0 -9 -3 -2 0 0 0 -1 -1 0 0 0 -1 0 0 -2 -2 -1 0
-2 -1 0 0 12 12 12 11 0 0 0 1 1 0 0 -9 -3 -1 -2 0 0 -1 -1 0 0 0 -2 0 0 -1 -2 0 0
0 -2 0 0 12 12 12 11 1 0 1 1 1 0 0 -9 -3 -1 0 -1 0 0 0 0 0 -3 -1 0 0 -2 -1 0 0
-2 0 0 0 14 12 12 12 1 1 1 0 2 0 0 -9 -3 -1 -1 0 0 0 -2 0 0 -1 -2 0 0 0 -1 0 0
-2 0 0 0 13 13 12 11 1 0 1 1 1 0 0 -9 -3 -1 0 0 0 -2 -3 0 0 -2 -2 0 0 -1 0 0 0
0 0 0 0 13 13 12 12 1 1 1 1 1 0 0 -9 -3 -3 0 0 0 0 0 0 0 -2 -2 -1 0 0 -1 0 0
-2 -1 0 0 13 12 10 11 0 0 0 1 1 0 0 -9 -3 -2 -2 0 0 -1 -1 0 0 -1 -2 0 0 -1 -1 0 0
-2 -2 0 0 13 12 12 12 0 0 0 0 1 0 0 -9 -3 -3 -2 0 0 -2 -2 0 0 -2 0 0 0 0 0 0 0
-2 -2 0 0 13 12 11 11 0 0 0 0 1 0 0 -9 -3 -2 -2 0 0 -3 -1 0 0 -1 -2 0 0 -2 0 0 0
-3 -1 -1 0 12 13 12 11 0 0 0 1 1 0 0 -9 -3 -1 -2 0 0 0 -1 0 0 -2 0 0 0 -1 -3 0 0
0 -1 0 0 13 13 12 11 0 0 1 0 1 0 0 -9 -3 -1 -2 0 0 0 -1 -1 0 -2 0 -1 0 -1 -1 0 0
-2 -2 0 1 13 13 12 11 0 1 0 1 2 0 0 -9 -3 -2 -2 -1 0 -2 -2 0 0 -1 -1 0 0 -1 0 0 0
-1 -1 0 0 14 11 12 11 1 1 0 1 2 0 0 -9 -3 -1 -2 0 0 -1 -1 0 0 0 0 0 0 -2 -2 0 0
-2 -1 0 0 12 12 12 11 1 0 1 1 2 0 0 -9 -3 -1 -2 0 0 -2 0 0 0 -1 -1 -1 0 -2 -1 0 0
-1 0 0 0 14 13 12 12 1 1 1 2 2 0 0 -9 -3 -3 0 0 0 -2 -1 0 0 -3 -1 0 0 -2 -3 -1 0
-3 -1 -1 0 13 12 12 11 1 1 0 1 2 0 0 -9 -3 0 -1 0 0 -2 0 0 0 -2 0 0 0 -1 0 0 0
-1 -1 -1 0 13 12 12 11 0 0 1 1 1 0 0 -9 -3 -2 -1 0 0 0 -1 0 0 -3 0 0 0 -2 -3 0 0
-3 -2 0 0 13 12 12 11 1 1 1 1 2 0 0 -9 -3 -2 -1 0 0 -1 -3 0 0 -3 -2 0 0 -4 -1 0 0
-2 -1 0 0 13 13 12 11 1 1 0 1 1 0 0 -9 -3 0 -1 0 0 -2 -2 0 0 0 -1 0 0 -1 -1 0 0
-2 0 0 1 13 13 13 12 1 1 1 0 1 0 0 -9 -3 0 -2 -1 0 -1 -1 0 0 -1 0 0 0 -2 0 0 0
-2 0 0 0 13 13 12 12 0 0 0 1 2 0 0 -9 -3 -1 -1 0 0 -2 -1 0 0 -1 0 0 0 -3 -1 0 0
-3 0 0 0 12 12 12 10 0 1 0 1 1 0 0 -9 -3 -3 -2 0 0 -3 -1 0 0 -1 -1 0 0 0 -1 0 0
-1 -2 -1 0 12 12 12 11 0 1 0 1 1 0 0 -9 -3 -4 -1 0 0 0 0 -1 0 -1 -2 0 0 -1 -1 0 0
-1 -3 0 0 13 12 12 11 1 1 0 1 1 0 0 -9 -3 -3 -2 0 0 -2 0 0 0 -3 0 0 0 -3 -1 0 0
-3 -2 0 0 13 13 12 11 0 0 1 1 2 0 0 -9 -3 -1 -1 0 0 -2 -2 0 0 -2 -2 0 0 -1 -1 0 0
0 -1 0 0 12 11 12 12 1 1 0 1 1 0 0 -9 -3 -3 0 0 0 -2 -2 0 0 -1 -2 -1 0 -2 -1 0 0
-1 -1 -1 0 12 12 12 11 1 0 1 1 1 0 0 -9 -3 -1 -1 0 0 0 -1 0 0 -1 -2 0 0 -3 -1 0 0
-1 -1 0 0 12 13 12 11 1 1 1 1 1 0 0 -9 -3 -1 -3 0 0 -2 0 0 0 -2 -1 -1 0 -3 0 0 0
-2 -1 -1 0 14 12 13 11 1 1 0 1 1 0 0 -9 -3 0 -2 0 0 -1 0 -2 0 -1 -1 0 0 -3 -2 0 0
-2 -2 0 0 13 13 12 11 0 1 1 1 1 0 0 -9 -3 0 -1 0 0 -1 -1 0 0 -2 -1 0 0 -1 0 0 0
-2 0 0 1 13 12 12 11 0 1 1 1 1 0 0 -9 -3 -1 0 0 0 -2 0 0 0 -2 -1 0 0 0 -2 0 0
-2 -1 0 0 12 13 12 11 1 1 0 0 1 0 0 -9 -3 -4 -1 0 0 0 -1 0 0 -3 -2 0 0 -3 -1 0 0
-2 -1 0 0 13 13 12 12 1 1 1 1 1 0 0 -9 -3 -1 -2 0 0 -1 0 0 0 -3 0 0 0 -2 -2 0 0
-1 -1 0 0 13 13 12 12 1 1 1 0 2 0 0 -9 -3 -2 0 0 0 -1 0 0 0 0 -1 -1 0 0 -1 -2 0
-1 0 0 0 12 13 12 11 1 0 1 1 1 0 0 -9 -3 -2 -1 0 0 -1 -2 0 0 -3 -1 -1 0 -1 -1 0 0
-2 0 0 0 13 13 12 11 1 0 0 1 1 0 0 -9 -3 -3 -1 0 0 -4 -1 0 0 -2 -1 0 0 -1 0 0 0
-1 -2 0 0 13 13 12 12 1 1 0 1 2 0 0 -9 -3 -1 -1 -1 0 -2 -2 0 0 -2 -2 0 0 -2 -1 0 0
-2 -2 -1 0 13 13 12 11 0 0 1 1 1 0 0 -9 -3 -1 0 0 0 -1 0 0 0 0 -2 0 0 -1 -1 0 0
-3 -2 0 0 13 13 12 12 1 1 1 2 2 0 0 -9 -3 0 0 0 0 -2 -1 0 0 -1 0 0 0 -2 -2 0 0
-2 -1 -2 0 12 13 12 11 0 1 0 0 1 0 0 -9 -3 -2 0 0 0 -2 -1 0 0 0 -2 0 0 -2 -1 0 0
-1 -1 0 0 13 13 12 11 1 0 0 1 1 0 0 -9 -3 -2 -1 0 0 -2 0 0 0 -1 -2 0 0 -1 -1 0 0
-1 0 0 0 13 13 12 11 0 0 0 1 1 0 0 -9 -3 -2 -1 0 0 -1 0 0 0 0 -2 0 0 -3 -2 0 0
-1 -1 0 0 12 13 12 12 1 0 1 2 2 0 0 -9 -3 -1 0 0 0 -3 -2 0 0 -2 -4 0 0 -2 -1 0 0
-2 -1 0 0 13 12 12 11 1 0 0 1 1 0 0 -9 -3 -2 0 0 0 -2 0 0 0 -1 0 0 0 -1 0 0 0
-1 -2 0 0 13 13 13 12 1 0 1 1 2 0 0 -9 -3 -2 -1 0 0 -1 -2 0 0 -2 -2 0 0 -3 -1 0 0
-1 -1 0 0 14 13 11 11 0 0 0 0 2 0 0 -9 -3 -5 -2 0 0 -2 -2 0 0 -3 0 0 0 -1 -1 0 0
-2 0 0 0 13 12 12 11 1 1 0 1 1 0 0 -9 -3 -3 0 0 0 0 -1 0 0 -2 -1 0 0 -2 0 0 0
-3 0 0 0 13 13 12 10 0 0 0 1 1 0 0 -9 -3 -2 -1 0 0 -2 0 0 0 -1 -1 0 0 0 -1 0 0
-2 -2 0 0 13 12 12 11 0 0 0 1 1 0 0 -9 -3 -2 0 0 0 -1 0 -1 0 -2 -2 0 0 0 0 0 0
-2 -2 0 0 13 13 12 12 1 1 1 1 2 0 0 -9 -3 -2 -1 0 0 -1 -1 -1 0 -1 -1 0 0 -1 0 0 0
