"U_1_Gam_alpha2F" "U_2_Gam_alpha2F" "U_5_Gam_alpha2F" "U_10_Gam_alpha2F" "U_1_Gam_alpha1F" "U_2_Gam_alpha1F" "U_5_Gam_alpha1F" "U_10_Gam_alpha1F" "U_1_Gam" "U_2_Gam" "U_5_Gam" "U_10_Gam" "Sylvia_Sparse" "FM_RevJump" "MBC" "DPM" "FM_Raffaele" "U_1_PC_alpha2F_01" "U_2_PC_alpha2F_01" "U_5_PC_alpha2F_01" "U_10_PC_alpha2F_01" "U_1_Gam_ProbKp_01" "U_2_Gam_ProbKp_01" "U_5_Gam_ProbKp_01" "U_10_Gam_ProbKp_01" "U_1_PC_alpha2F_09" "U_2_PC_alpha2F_09" "U_5_PC_alpha2F_09" "U_10_PC_alpha2F_09" "U_1_Gam_ProbKp_09" "U_2_Gam_ProbKp_09" "U_5_Gam_ProbKp_09" "U_10_Gam_ProbKp_09"
0 0 0 0 0 0 1 0 0 0 0 0 0 0 0 0 0 0 0 0 0 0 0 0 0 0 0 0 0 0 0 0 0
0 0 0 0 3 3 3 3 0 0 0 0 0 0 0 0 0 0 0 0 0 0 0 0 2 0 0 0 0 0 0 0 0
0 0 0 0 9 10 9 9 0 0 0 0 0 0 0 0 0 0 1 1 1 0 1 0 8 0 0 0 0 0 0 0 0
0 0 0 0 7 6 7 5 0 0 0 0 0 0 0 0 0 0 0 0 0 0 0 0 6 0 0 0 0 0 0 0 0
-1 0 0 0 10 11 9 9 -1 0 0 -1 0 -1 -1 -1 -1 -1 0 3 1 -1 0 -1 8 -1 -1 -1 -1 -1 -1 -1 -1
0 0 0 0 8 8 8 7 0 0 0 0 0 0 0 0 0 0 0 0 0 0 0 0 7 0 0 0 0 0 0 0 0
0 0 0 0 0 0 0 0 0 0 0 0 0 0 0 0 0 0 0 0 0 0 0 0 0 0 0 0 0 0 0 0 0
0 0 0 0 6 5 6 6 0 0 0 0 0 0 0 0 0 0 0 0 0 0 0 0 4 0 0 0 0 0 0 0 0
0 0 0 0 7 9 9 8 0 0 0 0 0 0 0 0 0 0 0 0 1 0 0 0 8 0 0 0 0 0 0 0 0
0 0 0 0 8 6 7 7 0 0 0 0 0 0 0 0 0 0 0 0 0 0 0 0 6 0 0 0 0 0 0 0 0
0 0 0 0 3 4 3 4 0 0 0 0 0 0 0 -1 0 0 0 0 1 0 0 0 2 0 0 0 0 0 0 0 0
0 0 0 0 5 5 5 4 0 0 0 0 0 0 0 0 0 0 0 0 0 0 0 0 3 0 0 0 0 0 0 0 0
0 0 0 0 11 11 10 10 0 1 0 0 0 0 0 0 0 0 1 1 2 0 0 0 8 0 0 0 0 0 0 0 0
0 0 0 0 9 8 7 7 0 0 0 0 0 0 0 0 0 0 0 0 0 0 0 0 7 0 0 0 0 0 0 0 0
0 0 0 0 3 4 3 3 0 0 0 0 0 0 0 0 0 0 0 0 0 0 0 0 2 0 0 0 0 0 0 0 0
0 0 0 0 10 10 10 10 0 0 0 0 0 0 0 0 0 0 1 1 1 0 1 0 8 0 0 0 0 0 0 0 0
0 0 0 0 6 7 7 7 0 0 0 0 0 0 1 0 0 0 0 0 0 0 0 0 6 0 0 0 0 0 0 0 0
0 1 0 0 10 10 10 9 0 0 0 0 0 0 0 0 0 0 1 0 2 0 0 0 8 0 0 0 0 0 0 0 0
0 0 0 0 4 3 4 3 0 0 0 0 0 0 0 0 0 0 0 0 0 0 0 0 2 0 0 0 0 0 0 0 0
0 0 0 0 4 5 4 4 0 0 0 0 0 0 0 0 0 0 0 0 0 0 0 0 3 0 0 0 0 0 0 0 0
0 0 0 0 7 8 7 6 0 0 0 0 0 0 0 0 0 0 0 0 1 0 0 0 6 0 0 0 0 0 0 0 0
0 0 0 0 0 0 0 0 0 0 0 0 0 0 0 0 0 0 0 0 0 0 0 0 0 0 0 0 0 0 0 0 0
0 0 0 0 4 4 3 4 0 0 0 0 0 0 0 0 0 0 0 0 0 0 0 0 2 0 0 0 0 0 0 0 0
0 0 0 0 4 3 3 4 0 0 0 0 0 0 0 0 0 0 0 0 0 0 0 0 1 0 0 0 0 0 0 0 0
0 0 0 0 1 2 1 1 0 0 0 0 0 0 0 0 0 0 0 0 0 0 0 0 0 0 0 0 0 0 0 0 0
0 0 0 0 0 0 0 0 0 0 0 0 0 0 0 0 0 0 0 0 0 0 0 0 0 0 0 0 0 0 0 0 0
0 0 0 0 11 11 11 11 0 0 1 0 0 0 0 0 0 0 1 1 2 0 1 0 9 0 0 0 0 0 0 0 0
0 0 0 0 0 0 0 0 0 0 0 0 0 0 0 0 0 0 0 0 0 0 0 0 0 0 0 0 0 0 0 0 0
0 0 0 0 9 10 9 8 0 0 0 0 0 0 0 0 0 0 0 0 1 0 0 0 8 0 0 0 0 0 0 0 0
0 0 0 0 0 0 0 0 0 0 0 0 0 0 0 -1 0 0 0 0 0 0 0 0 0 0 0 0 0 0 0 0 0
0 0 0 0 0 0 0 0 0 0 0 0 0 0 0 0 0 0 0 0 0 0 0 0 0 0 0 0 0 0 0 0 0
0 0 0 0 0 0 0 0 0 0 0 0 0 0 0 0 0 0 0 0 0 0 0 0 0 0 0 0 0 0 0 0 0
0 0 0 0 0 0 0 0 0 0 0 0 0 0 0 0 0 0 0 0 0 0 0 0 0 0 0 0 0 0 0 0 0
0 0 0 0 8 7 7 6 0 0 0 0 0 0 0 0 0 0 0 0 0 0 0 0 7 0 0 0 0 0 0 0 0
0 0 0 0 10 10 11 10 0 1 0 0 0 0 0 0 0 0 1 0 1 0 0 0 8 0 0 0 0 0 0 0 0
0 0 0 0 0 0 0 0 0 0 0 0 0 0 0 0 0 0 0 0 0 0 0 0 0 0 0 0 0 0 0 0 0
0 0 0 0 7 6 6 6 0 0 0 0 0 0 0 0 0 0 0 0 0 0 0 0 7 0 0 0 0 0 0 0 0
0 0 0 0 8 10 9 8 0 0 0 0 0 0 0 0 0 0 1 1 2 0 1 0 8 0 0 0 0 0 0 0 0
0 0 0 0 5 6 6 6 0 0 0 0 0 0 0 0 0 0 0 0 0 0 0 0 6 0 0 0 0 0 0 0 0
0 0 0 0 10 8 8 8 0 0 0 0 0 0 0 0 0 0 0 0 1 0 0 0 7 0 0 0 0 0 0 0 0
0 0 0 0 12 12 12 10 0 0 1 1 1 0 0 -1 0 0 0 3 3 0 0 3 8 0 0 0 0 0 0 0 0
0 0 0 0 5 6 5 5 0 0 0 0 0 0 0 0 0 0 0 0 0 0 0 0 5 0 0 0 0 0 0 0 0
0 0 0 0 0 0 0 0 0 0 0 0 0 0 0 0 0 0 0 0 0 0 0 0 0 0 0 0 0 0 0 0 0
0 0 0 0 0 0 1 0 0 0 0 0 0 0 0 -1 0 0 0 0 0 0 0 0 0 0 0 0 0 0 0 0 0
0 0 0 0 10 10 10 9 0 0 0 0 0 0 0 0 0 0 0 1 1 0 0 0 8 0 0 0 0 0 0 0 0
0 0 0 0 0 0 0 0 0 0 0 0 0 0 0 0 0 0 0 0 0 0 0 0 0 0 0 0 0 0 0 0 0
0 0 0 0 0 0 0 0 0 0 0 0 0 0 0 0 0 0 0 0 0 0 0 0 0 0 0 0 0 0 0 0 0
0 0 0 0 2 2 2 2 0 0 0 0 0 0 0 0 0 0 0 0 0 0 0 0 0 0 0 0 0 0 0 0 0
0 0 0 0 0 0 0 0 0 0 0 0 0 0 0 0 0 0 0 0 0 0 0 0 0 0 0 0 0 0 0 0 0
0 0 0 0 3 4 3 3 0 0 0 0 0 0 0 0 0 0 0 0 0 0 0 0 1 0 0 0 0 0 0 0 0
0 0 0 0 3 2 2 2 0 0 0 0 0 0 0 0 0 0 0 0 0 0 0 0 1 0 0 0 0 0 0 0 0
0 0 0 0 0 1 0 0 0 0 0 0 0 0 0 0 0 0 0 0 0 0 0 0 0 0 0 0 0 0 0 0 0
0 0 0 0 0 0 0 0 0 0 0 0 0 0 0 0 0 0 0 0 0 0 0 0 0 0 0 0 0 0 0 0 0
0 0 0 0 8 8 9 8 0 0 0 0 0 0 0 0 0 0 0 0 1 0 0 0 8 0 0 0 0 0 0 0 0
0 0 0 0 11 10 11 9 0 0 0 0 0 0 0 -1 1 0 0 3 2 0 0 3 7 0 0 0 0 0 0 0 0
0 0 0 0 6 6 6 6 0 0 0 0 0 0 0 0 0 0 0 0 0 0 0 0 6 0 0 0 0 0 0 0 0
0 0 0 0 7 7 5 7 0 0 0 0 0 0 0 -1 0 0 0 0 1 0 0 0 4 0 0 0 0 0 0 0 0
0 0 0 0 4 5 4 4 0 0 0 0 0 0 0 0 0 0 0 0 0 0 0 0 2 0 0 0 0 0 0 0 0
0 0 0 0 11 12 11 10 0 0 0 0 0 0 0 0 0 0 1 1 2 0 1 0 8 0 0 0 0 0 0 0 0
0 1 1 1 11 11 10 10 0 1 1 1 1 0 0 0 1 0 1 2 3 0 1 2 8 0 0 0 0 0 0 0 0
0 0 0 0 2 3 3 1 0 0 0 0 0 0 0 0 0 0 0 0 0 0 0 0 1 0 0 0 0 0 0 0 0
0 0 0 0 0 1 1 0 0 0 0 0 0 0 0 0 0 0 0 0 0 0 0 0 0 0 0 0 0 0 0 0 0
0 1 0 0 9 7 9 8 0 1 1 0 0 0 1 0 0 0 1 1 1 0 0 0 8 0 0 0 0 0 0 0 0
0 0 0 0 6 5 5 5 0 0 0 0 0 0 0 -1 0 0 0 0 0 0 0 0 5 0 0 0 0 0 0 0 0
0 0 0 0 1 1 1 1 0 0 0 0 0 0 0 0 0 0 0 0 0 0 0 0 0 0 0 0 0 0 0 0 0
-1 -1 -1 -1 5 4 5 4 -1 0 -1 -1 -1 0 0 -1 -1 -1 0 -1 0 -1 0 -1 3 -1 -1 -1 -1 -1 -1 -1 -1
0 0 0 0 9 11 10 9 0 1 0 0 0 0 0 0 0 0 0 0 1 0 0 0 8 0 0 0 0 0 0 0 0
-1 0 0 0 9 10 8 8 0 0 0 0 0 0 0 -1 0 -1 0 1 1 -1 0 0 7 -1 0 0 0 -1 0 0 0
0 0 0 0 2 3 3 2 0 0 0 0 0 0 0 0 0 0 0 0 0 0 0 0 1 0 0 0 0 0 0 0 0
0 0 0 0 2 3 4 2 0 0 0 0 0 0 0 0 0 0 0 0 0 0 0 0 1 0 0 0 0 0 0 0 0
0 1 1 1 10 10 9 9 0 1 1 1 1 0 0 0 0 0 1 1 2 0 1 0 8 0 0 0 0 0 0 0 0
0 0 0 0 11 10 11 8 0 0 0 0 0 0 0 0 0 0 0 0 1 0 0 0 8 0 0 0 0 0 0 0 0
0 0 0 0 9 8 9 8 0 0 0 0 0 0 0 0 0 0 0 0 1 0 1 0 8 0 0 0 0 0 0 0 0
0 0 0 0 8 9 8 7 0 0 0 0 0 0 0 -1 0 0 0 1 1 0 0 0 7 0 0 0 0 0 0 0 0
0 0 0 0 9 8 9 8 0 0 0 0 0 0 0 0 0 0 0 0 1 0 1 0 8 0 0 0 0 0 0 0 0
0 0 0 0 11 11 11 10 0 1 0 0 0 0 0 0 0 0 1 1 2 0 0 0 9 0 0 0 0 0 0 0 0
0 0 0 0 5 4 5 4 0 0 0 0 0 0 0 0 0 0 0 0 0 0 0 0 4 0 0 0 0 0 0 0 0
0 0 0 0 0 0 0 0 0 0 0 0 0 0 0 0 0 0 0 0 0 0 0 0 0 0 0 0 0 0 0 0 0
0 0 0 0 1 2 2 2 0 0 0 0 0 0 0 0 0 0 0 0 0 0 0 0 0 0 0 0 0 0 0 0 0
0 0 0 0 6 6 6 5 0 0 0 0 0 0 0 0 0 0 0 0 0 0 0 0 6 0 0 0 0 0 0 0 0
0 0 0 0 0 0 0 0 0 0 0 0 0 0 0 0 0 0 0 0 0 0 0 0 0 0 0 0 0 0 0 0 0
0 0 0 0 1 1 1 1 0 0 0 0 0 0 0 0 0 0 0 0 0 0 0 0 0 0 0 0 0 0 0 0 0
0 0 0 0 7 6 8 6 0 0 0 0 0 0 0 -1 0 0 0 0 0 0 0 0 6 0 0 0 0 0 0 0 0
0 1 0 0 11 11 10 10 0 1 1 1 0 0 0 0 0 0 1 2 2 0 1 0 9 0 0 0 0 0 0 0 0
0 0 0 0 2 3 2 2 0 0 0 0 0 0 0 0 0 0 0 0 0 0 0 0 0 0 0 0 0 0 0 0 0
0 0 0 0 11 12 10 10 0 1 0 0 0 0 0 0 0 0 1 1 2 0 1 0 9 0 0 0 0 0 0 0 0
0 0 0 0 11 11 9 9 0 0 0 0 0 0 0 0 0 0 0 0 1 0 1 0 8 0 0 0 0 0 0 0 0
0 0 0 0 5 3 4 4 0 0 0 0 0 0 0 0 0 0 0 0 0 0 0 0 2 0 0 0 0 0 0 0 0
0 0 0 0 0 0 0 0 0 0 0 0 0 0 0 0 0 0 0 0 0 0 0 0 0 0 0 0 0 0 0 0 0
0 0 0 0 7 7 6 6 0 0 0 0 0 0 0 0 0 0 0 0 0 0 0 0 6 0 0 0 0 0 0 0 0
0 0 0 0 9 8 9 8 0 0 0 0 0 0 0 0 0 0 0 1 1 0 0 0 8 0 0 0 0 0 0 0 0
0 0 0 0 2 2 1 2 0 0 0 0 0 0 0 0 0 0 0 0 0 0 0 0 1 0 0 0 0 0 0 0 0
0 0 0 0 2 2 3 1 0 0 0 0 0 0 0 0 0 0 0 0 0 0 0 0 1 0 0 0 0 0 0 0 0
0 0 0 0 2 2 2 2 0 0 0 0 0 0 0 -1 0 0 0 0 0 0 0 0 1 0 0 0 0 0 0 0 0
0 0 0 0 2 2 1 1 0 0 0 0 0 0 0 0 0 0 0 0 0 0 0 0 0 0 0 0 0 0 0 0 0
0 0 0 0 1 1 1 1 0 0 0 0 0 0 0 0 0 0 0 0 0 0 0 0 0 0 0 0 0 0 0 0 0
0 0 0 0 8 7 7 6 0 0 0 0 0 0 0 0 0 0 0 0 0 0 0 0 6 0 0 0 0 0 0 0 0
0 0 0 0 8 7 7 6 0 0 0 0 0 0 0 0 0 0 0 0 1 0 0 0 7 0 0 0 0 0 0 0 0
0 0 0 0 8 9 7 7 0 0 0 0 0 0 0 0 0 0 0 0 0 0 0 0 7 0 0 0 0 0 0 0 0
0 0 0 0 0 0 0 0 0 0 0 0 0 0 0 0 0 0 0 0 0 0 0 0 0 0 0 0 0 0 0 0 0
